10 30
0 0 0 0 0 0 1 0 0 0 0 0 1 1 1 0 0 0 0 1 0 -1 0 -1 0 0 0 0 0 0 
0 1 0 0 0 -1 0 1 1 0 0 1 0 0 0 0 0 0 0 -1 0 0 0 1 0 0 0 0 0 0 
-1 0 0 0 0 0 0 0 0 0 0 0 0 0 0 0 -1 1 0 0 0 0 0 0 1 1 0 0 -1 0 
0 0 0 1 0 0 0 0 0 1 0 -1 0 0 0 0 0 -1 0 0 0 0 0 0 0 0 0 0 0 0 
0 0 0 0 0 0 -1 -1 0 -1 0 0 -1 0 0 1 0 0 0 0 -1 1 1 0 0 0 1 0 1 0 
1 -1 0 -1 0 0 0 0 0 0 1 0 0 0 -1 0 0 0 0 0 0 0 -1 0 0 0 -1 0 0 0 
0 0 1 0 1 0 0 0 0 0 0 0 0 0 0 0 0 0 -1 0 1 0 0 0 -1 -1 0 0 0 1 
0 0 0 0 0 1 0 0 0 0 0 0 0 0 0 -1 1 0 0 0 0 0 0 0 0 0 0 -1 0 -1 
0 0 -1 0 0 0 0 0 -1 0 -1 0 0 0 0 0 0 0 1 0 0 0 0 0 0 0 0 1 0 0 
0 0 0 0 -1 0 0 0 0 0 0 0 0 -1 0 0 0 0 0 0 0 0 0 0 0 0 0 0 0 0 
10 5 10 3 7 4 6 5 6 10 8 4 10 9 1 