10 30
0 0 0 0 -1 0 1 0 0 0 0 1 0 0 0 1 0 0 0 0 0 0 0 0 0 0 -1 0 0 0 
0 0 0 0 0 0 0 0 0 1 0 0 0 0 0 0 -1 1 0 0 0 0 0 1 -1 0 0 0 0 -1 
1 1 1 -1 0 0 0 1 0 0 0 0 0 0 0 0 0 0 0 0 0 0 0 0 0 0 0 1 0 0 
-1 -1 -1 0 0 0 0 0 0 0 -1 0 0 0 -1 0 0 0 1 1 0 0 0 -1 0 0 0 0 0 0 
0 0 0 0 1 0 0 0 0 0 1 0 0 -1 0 0 0 0 0 0 0 0 0 0 0 0 0 0 -1 0 
0 0 0 0 0 -1 0 0 1 0 0 -1 0 0 0 -1 0 0 0 -1 0 -1 0 0 0 0 0 -1 0 1 
0 0 0 0 0 0 0 0 -1 0 0 0 1 0 0 0 0 -1 0 0 -1 0 0 0 0 0 0 0 0 0 
0 0 0 1 0 0 -1 0 0 -1 0 0 0 0 0 0 0 0 0 0 1 0 -1 0 0 -1 0 0 0 0 
0 0 0 0 0 0 0 0 0 0 0 0 0 1 0 0 0 0 -1 0 0 1 0 0 1 0 1 0 0 0 
0 0 0 0 0 1 0 -1 0 0 0 0 -1 0 1 0 1 0 0 0 0 0 1 0 0 1 0 0 1 0 
4 4 5 2 1 2 2 10 9 2 9 10 9 5 7 