10 30
0 0 1 0 0 1 0 0 0 0 0 0 0 1 0 0 0 0 0 0 0 0 0 0 0 0 0 0 0 0 
-1 0 0 1 1 0 0 0 0 0 0 0 0 -1 0 0 0 1 0 1 0 1 0 0 0 0 0 -1 0 0 
0 1 -1 0 0 0 1 0 0 0 -1 0 0 0 0 0 0 0 0 0 0 0 0 0 1 0 0 1 0 1 
0 0 0 0 -1 0 -1 0 0 0 1 0 0 0 0 0 0 0 0 0 1 0 1 0 0 0 -1 0 0 0 
0 0 0 0 0 0 0 0 0 0 0 -1 0 0 1 0 -1 0 0 -1 0 0 0 0 0 0 0 0 0 0 
1 0 0 0 0 0 0 0 0 -1 0 0 -1 0 0 0 0 0 0 0 -1 0 0 -1 -1 -1 1 0 1 0 
0 -1 0 0 0 0 0 -1 0 0 0 0 0 0 0 0 1 -1 0 0 0 0 0 0 0 0 0 0 -1 -1 
0 0 0 0 0 0 0 1 1 0 0 1 0 0 0 0 0 0 -1 0 0 -1 0 1 0 0 0 0 0 0 
0 0 0 0 0 0 0 0 -1 1 0 0 1 0 -1 1 0 0 1 0 0 0 0 0 0 1 0 0 0 0 
0 0 0 -1 0 -1 0 0 0 0 0 0 0 0 0 -1 0 0 0 0 0 0 -1 0 0 0 0 0 0 0 
5 5 3 7 2 6 3 6 8 4 10 9 10 1 4 