10 30
0 1 -1 0 0 0 0 0 0 0 0 0 1 0 1 0 0 0 0 -1 0 0 0 0 0 0 0 0 1 0 
0 0 0 0 0 0 0 0 0 1 0 0 0 -1 0 0 0 0 -1 0 0 0 0 0 0 -1 -1 0 0 0 
0 0 1 -1 0 0 1 0 0 0 -1 -1 0 1 0 0 -1 0 0 0 0 0 1 0 0 0 1 1 0 0 
1 -1 0 0 0 0 0 0 0 0 1 0 0 0 0 0 0 0 0 0 0 0 0 0 1 0 0 0 0 0 
0 0 0 0 0 0 0 0 0 0 0 1 0 0 0 0 0 1 0 0 0 0 0 0 0 0 0 0 0 1 
0 0 0 0 1 0 0 0 -1 0 0 0 -1 0 0 0 0 0 0 0 0 1 0 0 -1 0 0 0 0 0 
0 0 0 0 -1 -1 -1 0 1 0 0 0 0 0 0 1 0 0 0 0 1 0 -1 0 0 0 0 0 -1 0 
-1 0 0 1 0 0 0 -1 0 0 0 0 0 0 0 0 0 0 0 1 0 -1 0 1 0 1 0 0 0 -1 
0 0 0 0 0 0 0 1 0 -1 0 0 0 0 -1 -1 0 0 0 0 0 0 0 -1 0 0 0 -1 0 0 
0 0 0 0 0 1 0 0 0 0 0 0 0 0 0 0 1 -1 1 0 -1 0 0 0 0 0 0 0 0 0 
6 1 6 10 2 10 10 6 2 1 4 4 9 4 1 