10 30
0 0 0 0 1 -1 -1 -1 0 0 0 0 0 0 -1 0 0 0 0 0 0 0 1 0 0 0 0 1 0 0 
1 0 0 0 0 0 0 0 1 0 0 1 1 -1 0 0 0 0 -1 1 0 -1 0 0 0 0 0 -1 0 0 
0 1 0 0 0 1 0 0 0 -1 0 0 0 0 0 0 0 0 0 0 0 0 0 0 0 0 0 0 0 0 
0 0 0 0 0 0 0 0 0 0 -1 0 0 0 1 1 1 0 0 -1 0 0 0 0 0 0 0 0 0 0 
0 -1 -1 0 0 0 0 0 0 0 0 -1 0 0 0 -1 0 1 0 0 0 0 0 0 0 1 0 0 -1 0 
0 0 0 0 0 0 0 0 -1 0 0 0 -1 1 0 0 0 -1 1 0 0 0 0 0 -1 0 0 0 0 0 
0 0 0 -1 0 0 0 0 0 0 1 0 0 0 0 0 0 0 0 0 1 1 0 -1 1 0 0 0 1 -1 
-1 0 0 0 0 0 1 1 0 0 0 0 0 0 0 0 -1 0 0 0 -1 0 0 0 0 0 1 0 0 0 
0 0 0 0 -1 0 0 0 0 0 0 0 0 0 0 0 0 0 0 0 0 0 0 0 0 0 0 0 0 0 
0 0 1 1 0 0 0 0 0 1 0 0 0 0 0 0 0 0 0 0 0 0 -1 1 0 -1 -1 0 0 1 
8 7 1 6 4 2 5 2 8 8 5 9 2 1 1 