10 30
0 0 0 0 0 1 -1 0 0 0 -1 0 0 1 0 1 0 0 0 0 0 0 -1 0 0 0 0 -1 0 0 
1 -1 -1 0 -1 0 0 1 0 0 0 0 0 0 0 0 0 0 1 0 0 0 0 0 0 0 0 0 0 1 
0 1 0 0 0 0 0 -1 0 1 0 0 0 0 0 0 0 0 0 0 1 1 0 0 0 0 0 1 1 0 
0 0 0 0 0 -1 0 0 -1 -1 0 0 0 -1 -1 0 -1 0 0 1 0 0 0 -1 0 0 0 0 0 -1 
0 0 0 0 0 0 0 0 0 0 0 0 -1 0 0 0 0 1 0 -1 0 0 0 1 0 -1 1 0 -1 0 
-1 0 0 0 0 0 1 0 0 0 0 0 0 0 1 0 0 0 -1 0 -1 0 0 0 0 0 -1 0 0 0 
0 0 0 0 0 0 0 0 0 0 0 -1 1 0 0 -1 0 0 0 0 0 0 0 0 0 0 0 0 0 0 
0 0 0 0 0 0 0 0 1 0 1 1 0 0 0 0 0 0 0 0 0 -1 0 0 0 0 0 0 0 0 
0 0 0 -1 0 0 0 0 0 0 0 0 0 0 0 0 0 0 0 0 0 0 1 0 1 1 0 0 0 0 
0 0 1 1 1 0 0 0 0 0 0 0 0 0 0 0 1 -1 0 0 0 0 0 0 -1 0 0 0 0 0 
2 10 2 2 8 6 6 3 5 2 7 1 3 2 4 