10 30
1 0 1 0 0 0 -1 0 0 0 0 0 1 0 0 0 0 1 0 0 0 -1 -1 0 0 0 0 0 0 0 
0 0 0 -1 1 0 0 0 0 0 0 0 0 0 0 0 0 0 0 0 0 0 0 0 0 1 0 1 1 1 
0 0 0 0 0 1 0 0 1 0 0 0 0 0 0 0 0 0 0 0 -1 0 0 0 0 0 0 0 0 0 
0 1 -1 0 0 0 0 0 0 0 0 0 -1 0 -1 1 1 0 0 -1 0 0 0 0 1 0 0 0 0 0 
0 0 0 0 -1 0 0 -1 0 0 -1 0 0 1 1 0 -1 -1 0 1 0 0 1 1 0 0 0 0 0 0 
0 0 0 1 0 -1 1 0 0 -1 0 0 0 -1 0 0 0 0 0 0 0 0 0 -1 0 0 -1 0 -1 0 
0 0 0 0 0 0 0 0 -1 0 1 0 0 0 0 -1 0 0 1 0 0 1 0 0 0 0 0 0 0 0 
0 -1 0 0 0 0 0 0 0 1 0 1 0 0 0 0 0 0 0 0 1 0 0 0 -1 0 1 -1 0 0 
-1 0 0 0 0 0 0 1 0 0 0 0 0 0 0 0 0 0 0 0 0 0 0 0 0 -1 0 0 0 0 
0 0 0 0 0 0 0 0 0 0 0 -1 0 0 0 0 0 0 -1 0 0 0 0 0 0 0 0 0 0 -1 
2 2 1 9 3 8 4 8 8 10 2 4 8 2 7 