20 40
0 0 0 0 0 0 0 0 0 -4 0 0 0 0 0 0 0 0 2 0 0 0 -4 0 4 0 0 0 0 0 0 0 0 0 -3 0 0 0 0 0 
-4 3 0 0 0 -4 0 0 0 -2 0 0 0 0 0 0 0 0 0 0 0 0 0 0 0 0 0 0 0 0 0 0 0 0 0 0 0 0 0 0 
0 -2 0 0 0 0 0 5 0 0 0 0 0 0 0 0 0 -5 0 0 0 -2 0 -2 0 0 0 0 0 0 0 0 0 0 0 0 0 0 -4 0 
0 0 0 0 0 0 0 0 3 0 0 0 0 -1 0 0 0 0 0 0 0 0 0 0 0 0 2 0 0 0 0 0 0 0 0 0 0 0 0 0 
-5 0 0 0 0 0 0 0 0 0 0 0 0 0 0 -3 0 0 0 0 0 0 0 0 0 0 -3 1 0 0 0 0 0 0 0 0 0 0 0 0 
4 0 0 0 -2 0 0 0 0 0 0 0 0 0 0 0 0 0 0 0 -3 0 -5 0 0 0 0 0 0 0 0 0 0 3 0 0 -5 0 0 0 
0 0 0 0 0 0 0 0 0 0 0 0 0 0 0 0 0 -2 0 0 0 0 0 0 0 1 0 0 0 0 0 0 0 3 0 0 -5 0 0 0 
0 0 0 0 0 0 0 0 0 0 0 0 0 0 0 0 0 0 -3 0 0 0 0 0 0 0 5 0 0 0 0 0 0 0 0 0 0 0 0 0 
0 0 0 0 0 0 0 0 0 0 0 0 0 0 0 0 0 0 0 -1 0 0 0 -2 0 5 0 0 0 0 0 0 0 0 0 0 0 0 0 0 
0 0 0 0 0 0 -3 0 0 0 -4 0 0 -5 0 0 0 0 0 0 0 0 0 0 0 0 0 0 1 0 0 0 0 0 -2 0 0 -3 0 0 
0 0 0 0 0 0 0 0 0 0 0 0 0 0 0 0 0 0 0 0 0 0 0 0 0 0 0 0 0 0 0 0 0 0 0 0 0 0 0 -3 
0 0 0 0 0 0 0 4 0 -4 0 0 0 -2 0 0 0 0 -5 0 0 0 0 0 3 0 0 0 0 0 0 0 0 0 0 0 0 0 0 0 
0 0 0 0 0 0 0 0 5 0 0 0 0 1 0 0 0 0 0 -3 3 0 0 0 0 0 0 0 0 0 -4 0 0 0 0 0 -4 0 0 0 
0 0 0 0 0 0 0 0 0 0 0 0 0 0 0 0 0 0 0 -2 0 0 0 0 0 0 0 0 0 0 0 0 0 0 0 0 0 0 0 0 
0 0 0 0 0 0 0 -1 0 -2 0 -5 0 0 0 0 0 0 0 0 0 2 0 0 0 0 0 0 0 0 0 0 0 0 0 0 0 0 0 0 
3 0 0 0 0 0 0 0 0 0 0 0 0 0 2 0 0 0 0 0 0 0 0 -3 0 0 0 4 0 0 0 0 0 0 0 0 0 0 0 0 
0 0 0 0 4 0 0 0 0 0 0 0 -5 0 -3 0 0 0 0 0 0 0 0 0 0 -3 0 0 0 0 0 0 0 0 0 0 0 0 0 0 
0 0 0 0 0 0 2 0 0 0 0 0 0 0 0 0 0 0 0 0 0 0 0 0 0 0 0 0 -3 0 0 0 0 1 0 0 0 0 0 0 
0 0 -1 0 -2 0 0 0 -3 0 0 0 0 -4 0 0 0 -1 -1 0 0 0 0 0 0 -1 4 -2 0 0 0 0 0 0 0 1 3 0 0 0 
0 0 0 0 0 0 3 0 0 0 0 0 0 -5 0 0 0 1 0 0 0 0 0 -4 0 0 0 0 0 2 0 0 0 0 0 0 0 0 0 0 

9 9 6 5 9 1 8 4 7 10 7 6 8 4 9 8 9 9 1 4 