20 40
0 0 0 0 0 0 0 -5 0 2 0 0 0 0 0 0 0 0 0 4 0 0 0 0 0 0 0 0 0 0 0 0 0 0 -3 0 -1 0 5 0 
0 -5 0 0 0 0 0 0 0 0 0 0 0 0 0 0 0 0 0 0 0 0 0 0 0 0 0 4 0 0 0 0 5 0 0 2 0 0 0 0 
0 0 0 -1 0 0 0 0 0 0 0 0 -2 0 0 0 0 0 0 0 0 0 0 0 0 1 0 0 0 0 0 0 0 0 0 0 0 0 0 0 
0 0 0 0 0 0 0 0 0 0 0 0 -4 0 0 0 0 -1 0 0 0 0 0 0 -4 0 0 0 0 0 0 0 0 0 0 0 0 0 0 0 
0 -2 0 0 0 0 0 0 0 0 0 0 0 4 -4 0 0 0 0 0 0 0 0 -3 0 0 0 0 0 0 0 0 0 0 2 0 -3 0 0 0 
0 0 0 -3 0 0 0 0 0 0 -4 5 0 0 0 0 0 0 0 0 0 0 0 0 0 0 0 0 0 0 0 0 0 0 0 0 0 0 0 0 
0 -3 -4 0 0 0 -5 0 0 0 0 0 0 0 0 0 0 0 0 0 0 0 0 -5 0 0 0 0 0 0 0 0 0 0 0 0 5 0 0 0 
0 0 0 0 0 0 0 0 0 3 0 0 0 -1 0 0 -3 0 0 0 0 0 0 0 0 0 0 0 0 0 -4 0 0 0 -4 0 0 -5 0 0 
0 0 0 0 0 0 0 0 -4 0 0 0 0 -2 0 -2 -2 0 -5 0 4 0 0 0 0 0 0 0 0 0 0 -3 0 0 0 0 -1 0 0 0 
0 0 -1 0 0 0 4 0 0 0 0 0 0 0 0 0 0 -5 0 0 0 0 0 0 3 0 0 0 0 0 0 0 0 0 0 0 0 0 0 0 
0 0 0 0 -1 0 0 0 0 0 0 0 0 0 0 0 0 0 0 0 0 0 0 0 0 0 -5 0 0 0 0 0 -1 0 0 0 0 0 0 0 
0 0 0 0 0 0 0 0 0 0 0 -1 0 0 0 0 -2 0 0 0 0 0 0 0 0 0 0 0 0 -2 0 0 0 2 0 -5 0 5 0 1 
0 0 0 0 0 0 0 0 0 0 0 0 0 0 0 0 0 0 0 0 0 0 0 0 0 0 0 1 0 0 0 0 0 0 0 0 0 0 0 0 
0 -1 -3 0 -2 0 0 0 0 0 0 0 0 0 0 0 0 0 0 0 0 0 4 0 0 0 0 0 0 0 0 0 0 0 0 0 0 0 0 -2 
0 0 0 0 3 0 0 0 0 -4 0 0 0 0 0 0 0 0 0 0 0 0 0 0 0 0 0 -5 0 0 0 0 0 0 0 0 0 0 0 3 
0 0 0 -4 0 0 0 0 0 0 0 0 0 0 0 0 0 1 0 0 0 0 0 0 0 0 0 0 0 0 0 0 0 0 0 0 0 4 0 0 
0 0 0 0 0 0 0 0 0 0 0 0 0 0 0 0 0 5 0 0 0 0 0 0 0 0 0 0 0 1 0 0 0 5 0 0 0 0 0 2 
0 0 0 0 0 0 0 0 0 0 0 0 0 0 0 0 0 0 0 0 3 0 0 0 0 0 0 0 0 0 0 0 0 0 0 0 0 0 0 0 
0 0 0 0 0 0 0 0 -5 0 -2 0 0 0 0 0 0 0 0 0 0 0 0 0 0 0 0 0 0 0 0 0 3 0 0 0 0 5 0 0 
-1 0 0 0 0 0 0 0 0 -5 0 0 0 0 0 0 0 0 0 0 0 0 0 0 0 0 0 0 0 0 0 0 0 -3 0 0 0 0 0 0 

2 7 3 7 8 6 6 4 3 8 3 6 8 5 8 4 8 6 7 10 