50 100
0 2 0 0 0 0 0 0 0 0 0 0 0 0 1 0 0 0 0 0 0 0 0 0 0 0 0 0 0 0 0 0 0 0 0 0 -8 0 0 0 0 0 0 0 0 0 0 0 0 0 0 0 0 0 -1 0 0 0 0 0 0 -1 0 0 0 0 0 0 0 0 0 0 0 0 0 0 0 0 0 0 1 0 0 0 0 0 0 0 0 0 0 0 0 0 0 0 0 0 0 0 
0 0 2 0 -10 0 0 0 0 -6 0 0 0 0 0 0 0 0 0 -5 0 0 0 0 0 9 0 0 0 0 0 5 0 6 0 0 0 0 0 0 0 -4 0 0 0 0 0 0 0 0 0 0 0 0 0 0 0 0 0 0 0 0 0 0 0 0 0 0 0 0 0 0 0 0 0 0 4 0 0 0 0 0 0 0 0 0 0 0 0 9 0 0 0 0 0 0 0 0 0 0 
0 0 0 0 0 0 0 0 0 0 6 0 0 0 0 -8 0 0 0 0 0 0 0 0 0 0 0 0 0 0 0 0 0 0 0 0 0 0 0 0 0 0 0 0 0 0 0 0 0 9 1 0 0 0 0 0 0 0 0 0 0 0 0 0 0 0 0 0 9 9 0 7 0 0 0 0 0 -9 0 0 0 0 0 0 0 0 0 0 0 0 0 0 -3 0 0 0 0 0 0 0 
0 0 0 -7 0 0 0 0 0 -8 0 0 0 0 3 0 0 0 0 0 0 0 0 0 0 0 0 0 0 0 0 0 0 0 0 0 0 -9 0 0 0 0 0 0 0 0 0 0 0 3 0 0 0 0 0 0 0 -9 0 0 0 0 0 0 0 0 -10 0 0 0 0 0 0 0 -7 0 0 0 0 0 6 -7 0 0 0 0 0 0 -10 0 0 0 0 0 0 -4 0 0 0 0 
0 -8 0 0 0 0 0 0 0 0 0 10 0 0 0 -3 0 0 0 0 0 0 0 0 0 0 -3 0 0 0 0 0 0 0 0 0 9 0 0 0 0 0 0 7 0 0 0 0 0 0 0 0 0 -2 -6 0 0 0 -4 0 0 0 0 0 -5 0 0 0 0 0 0 0 0 0 0 0 0 0 10 -1 0 0 0 0 0 2 0 0 0 5 0 0 0 0 0 -2 -7 0 7 0 
0 0 0 5 0 0 3 0 0 0 0 0 -4 10 0 0 0 0 0 -2 0 4 0 0 0 5 0 0 0 0 0 0 0 0 0 0 0 0 0 0 -3 -6 -6 0 0 0 0 0 0 0 0 -5 0 0 0 0 -3 0 0 0 0 0 0 1 0 0 0 0 0 -8 0 0 0 0 0 0 0 0 0 0 0 0 0 5 0 0 0 0 0 0 0 -3 0 4 0 0 0 0 0 0 
0 0 0 0 10 0 0 0 0 0 0 0 0 0 0 2 0 10 0 0 -1 0 0 0 0 0 0 5 0 0 0 0 0 0 0 0 0 0 0 0 0 0 0 0 0 0 0 0 0 0 0 0 0 0 0 0 0 -8 0 0 0 0 0 0 0 0 0 0 0 0 0 0 8 0 0 0 0 0 0 0 0 0 0 0 0 0 0 0 0 0 0 0 0 0 0 0 0 0 0 0 
0 0 0 0 0 -4 0 0 0 -9 0 -9 0 0 0 0 0 0 0 0 0 0 0 0 10 0 -7 0 0 0 0 0 0 0 0 0 0 6 0 0 9 0 0 0 0 0 9 0 0 0 0 0 0 0 0 0 0 0 0 0 0 0 0 0 0 0 -6 0 0 0 -9 0 0 0 -7 0 0 0 0 0 0 0 0 0 0 0 6 0 0 0 0 0 8 0 0 0 0 0 0 0 
-10 0 0 0 0 0 0 0 0 0 0 1 0 0 0 -3 0 0 0 0 0 0 0 0 0 0 0 0 0 0 0 0 0 0 0 0 0 0 0 0 0 -7 0 -3 0 0 0 0 0 0 0 0 0 0 0 0 0 0 0 0 0 0 0 0 0 0 0 0 0 0 0 0 0 0 0 0 0 0 0 0 -4 0 0 0 0 3 0 0 0 0 -8 0 0 0 0 0 0 0 0 0 
0 0 0 0 0 0 0 0 0 0 0 0 0 0 -3 0 0 0 0 0 0 0 0 0 0 0 0 0 0 0 0 0 0 0 0 0 0 0 0 6 0 -1 0 0 0 0 0 0 0 0 0 0 0 0 0 0 0 0 0 0 0 0 0 0 0 0 0 0 9 0 0 9 0 0 0 0 0 0 0 0 -6 0 0 0 0 0 0 0 -8 0 0 0 0 0 0 0 10 0 -7 0 
0 0 0 0 0 0 0 0 0 0 0 0 0 0 0 0 0 0 0 0 0 0 0 0 0 0 0 0 0 0 0 0 0 0 0 0 0 9 0 0 0 0 0 0 0 0 0 0 0 0 0 -6 0 0 0 0 0 9 0 9 0 0 0 0 0 10 0 0 4 0 0 0 0 0 0 0 0 0 0 0 0 0 0 6 0 0 0 0 0 4 0 0 0 0 0 0 0 0 0 0 
0 0 8 0 0 0 0 0 0 0 0 0 0 0 0 0 0 0 0 0 0 0 0 0 0 0 0 0 0 0 0 0 0 0 0 0 0 0 0 -7 0 0 0 0 -7 0 0 0 0 0 0 0 0 0 0 0 0 0 0 0 0 0 0 0 0 0 0 0 1 0 0 0 0 0 0 0 0 0 0 3 0 0 0 0 0 0 0 0 0 0 0 -6 0 0 0 0 0 0 0 0 
0 0 0 0 0 0 0 -6 0 0 0 0 0 0 7 0 0 0 9 0 0 0 0 0 0 0 0 0 0 0 0 0 0 0 0 0 0 0 0 0 0 0 0 9 0 5 0 0 0 0 0 0 0 0 0 0 0 0 0 0 0 0 0 0 0 0 0 0 0 0 0 0 0 0 0 0 0 0 0 0 -5 0 0 0 0 0 0 0 0 0 0 0 0 0 2 0 0 0 0 0 
0 -3 0 0 0 0 0 0 0 8 0 0 7 0 0 0 0 0 0 0 0 0 0 6 0 0 0 0 0 0 0 0 0 0 0 0 0 -8 0 0 0 0 0 0 0 5 0 0 0 0 4 0 0 0 9 0 0 0 0 0 0 0 0 0 0 0 0 0 0 0 0 0 0 0 0 9 10 -2 0 0 0 0 1 0 0 0 -2 0 0 0 0 -10 0 0 0 0 0 0 0 0 
0 0 0 0 0 0 0 0 0 0 0 0 0 0 0 0 0 0 0 7 0 0 0 5 7 0 -3 0 0 0 0 0 0 0 0 0 0 0 0 0 0 0 0 0 9 0 0 0 0 0 -4 0 0 0 0 0 -2 0 0 0 0 0 0 0 0 0 0 -4 0 0 0 0 0 0 0 0 0 3 0 0 0 0 0 0 0 0 0 0 0 0 0 0 0 0 0 0 0 0 0 0 
0 -2 0 0 0 0 0 0 0 0 0 0 0 0 -6 0 0 0 0 0 0 0 0 0 0 0 0 0 0 0 0 0 0 0 10 0 0 0 0 0 0 0 0 0 0 0 0 0 0 0 0 0 0 0 0 0 0 0 0 0 0 0 0 5 0 0 0 0 0 0 0 0 0 0 0 0 4 0 0 0 0 0 0 0 0 0 0 0 0 0 -6 0 0 0 0 0 0 0 0 0 
-3 0 0 0 0 9 0 0 0 0 0 0 0 0 0 0 0 0 0 0 0 0 0 0 0 0 0 0 0 0 0 10 0 0 2 0 0 0 10 0 0 0 0 0 0 0 0 0 0 0 0 0 0 0 0 0 0 0 0 0 0 0 0 0 0 0 0 0 0 0 0 0 0 0 0 0 0 0 0 0 0 0 0 0 0 -9 0 0 9 0 8 0 0 0 0 0 0 0 -2 -1 
10 0 -2 -4 0 0 0 0 0 0 0 -8 0 0 6 0 0 0 0 0 0 -5 0 0 -10 0 0 0 0 0 0 0 0 0 0 0 10 0 0 0 0 0 0 0 0 0 0 0 0 0 0 0 -10 0 0 0 0 0 0 0 0 0 0 0 0 7 0 0 0 0 0 0 0 0 0 0 0 -1 0 0 0 0 6 -3 0 0 0 0 0 -2 0 0 0 0 0 0 0 0 0 0 
0 0 0 0 0 0 0 0 0 0 0 0 0 0 0 0 0 0 -5 0 0 0 0 0 0 -7 0 0 0 0 0 0 0 0 0 0 0 0 0 0 0 0 0 0 0 0 0 0 0 0 0 0 9 0 0 0 0 0 0 0 6 0 0 0 0 0 0 0 0 0 0 0 0 0 0 0 0 0 0 0 0 0 0 0 0 0 0 0 0 0 0 0 0 9 7 -9 9 0 0 0 
0 0 9 0 0 0 0 0 0 0 0 0 0 0 0 0 0 0 0 0 0 0 0 0 0 0 -10 0 0 5 0 -6 0 0 0 0 0 0 0 0 0 0 0 0 0 0 0 8 0 -4 0 0 0 0 0 0 0 0 0 0 0 0 -8 0 0 0 0 0 0 2 0 0 10 0 0 0 0 0 0 0 0 0 0 0 0 0 0 0 0 0 0 0 0 0 0 0 0 0 0 0 
0 0 0 0 0 0 0 0 0 0 0 0 -4 0 0 0 0 0 0 0 0 7 0 0 0 0 0 0 0 0 0 0 0 0 3 0 0 -7 0 0 1 0 0 0 0 0 0 0 0 0 0 -5 0 0 0 0 0 0 0 0 0 0 0 0 0 0 -10 0 0 0 0 0 0 0 0 0 0 0 0 0 0 0 10 0 0 0 0 -10 0 0 0 0 0 0 0 0 0 0 0 0 
0 0 0 -5 -5 0 0 0 0 0 0 0 -9 0 -10 0 0 0 0 6 0 0 0 0 0 0 0 0 0 0 0 0 0 0 0 0 0 0 0 0 0 0 0 0 0 0 0 0 0 0 0 7 0 0 0 0 0 0 0 0 0 0 0 0 0 0 0 0 2 0 0 0 0 0 0 0 0 0 0 0 0 0 0 0 0 0 0 0 0 0 0 0 0 2 0 0 0 0 0 0 
0 0 0 0 0 0 3 -5 0 0 0 0 0 0 0 0 0 0 0 0 0 0 0 0 0 0 0 0 -6 -1 0 0 0 0 0 0 0 0 0 0 0 0 0 0 0 0 0 0 0 0 0 -4 0 0 0 3 0 0 -10 -9 0 -7 0 0 0 0 5 0 0 0 0 1 0 -9 0 0 0 0 0 -4 0 0 0 0 0 0 0 0 0 0 -10 1 0 0 1 0 0 -9 0 0 
0 0 0 0 0 0 0 0 0 0 0 0 5 -4 0 0 0 0 0 0 0 0 0 0 0 0 0 0 0 0 0 0 0 0 0 0 0 0 0 0 0 0 0 0 0 0 0 0 0 0 0 0 0 0 0 0 0 0 0 0 0 0 0 0 1 0 -3 0 0 0 0 0 0 0 0 0 0 0 0 10 0 0 0 0 0 10 0 0 0 0 0 0 0 0 0 0 -3 0 5 0 
0 0 0 0 0 0 0 0 0 0 0 0 0 0 0 0 8 -5 0 0 0 0 0 0 0 0 0 0 0 0 0 0 0 0 0 0 -5 0 0 0 7 0 0 0 0 0 0 0 0 0 0 1 0 0 0 0 0 0 0 0 0 0 0 0 0 0 0 0 0 0 0 0 0 0 0 0 0 0 0 0 0 6 0 0 0 0 0 0 0 0 0 0 0 0 7 0 -4 3 0 0 
-6 0 0 5 0 0 0 0 0 0 0 0 0 0 0 0 0 0 0 0 0 0 0 0 0 0 0 0 0 0 0 4 0 0 0 0 0 0 0 0 0 0 0 0 0 0 0 -4 0 0 0 0 0 0 6 0 3 0 0 0 -6 0 0 0 0 0 0 0 0 0 0 3 0 0 0 0 1 0 0 0 0 0 0 0 0 10 0 0 0 0 0 0 0 0 0 0 0 -7 0 0 
0 9 0 0 0 0 0 0 0 0 0 0 0 -8 0 0 0 0 -3 0 0 0 0 0 0 0 0 0 0 0 0 -2 0 0 -8 0 -5 0 0 0 -5 -6 -7 0 0 0 0 0 0 0 0 0 0 0 0 0 0 0 0 0 0 9 0 0 0 0 0 0 0 0 0 0 0 0 0 0 0 0 0 0 0 8 0 0 0 0 0 -7 0 0 0 -4 0 0 0 0 0 10 0 0 
0 0 0 0 0 0 0 0 0 0 0 0 0 0 -3 0 0 10 0 2 0 0 0 0 0 0 0 5 0 0 0 0 9 0 0 0 -3 4 0 0 0 0 0 -9 0 0 0 0 0 0 0 0 0 0 0 0 0 0 0 0 0 0 0 0 -9 0 0 0 0 0 -3 0 0 0 0 0 0 0 0 0 0 0 0 0 0 0 0 0 0 0 0 0 0 0 0 0 0 0 0 0 
0 0 0 0 0 -3 0 0 0 0 0 0 0 0 0 0 0 0 0 0 0 -5 0 0 0 0 0 0 0 0 0 0 0 0 0 0 0 0 0 0 0 0 0 0 0 0 1 0 0 0 0 0 0 0 0 3 0 0 0 0 0 0 -1 0 0 0 0 0 0 0 0 0 0 0 0 0 0 0 0 0 0 0 -3 0 8 0 0 0 0 0 0 0 0 0 0 0 0 0 0 0 
8 0 0 0 7 0 0 0 0 0 0 0 0 0 0 0 0 0 0 0 0 0 0 0 0 0 0 0 0 0 -5 0 0 0 6 0 0 0 0 0 0 0 0 0 0 0 0 0 -4 0 0 0 0 0 0 0 0 0 0 0 0 0 0 0 0 0 0 0 0 -6 0 0 0 0 0 0 0 0 0 0 0 0 6 0 0 -9 0 0 0 0 0 0 0 -7 0 0 0 0 0 0 
0 0 6 0 0 0 0 0 0 0 0 0 0 0 0 0 0 0 0 0 0 0 0 0 0 0 0 0 0 0 0 0 0 0 1 -4 0 0 0 0 0 0 0 0 0 0 0 0 0 0 0 0 0 0 0 0 5 -5 0 0 0 0 0 0 0 0 -4 0 0 0 0 0 0 0 0 0 0 0 0 0 0 0 0 0 0 0 0 0 0 0 0 0 0 0 0 0 -1 6 0 -4 
0 0 0 0 0 0 0 0 0 0 0 0 -6 -3 0 0 -3 0 0 0 0 0 0 0 0 0 0 0 0 4 0 0 0 0 0 0 0 0 0 0 -1 0 0 0 0 0 0 0 0 0 0 -2 0 -4 0 0 0 0 0 0 0 0 0 0 -1 0 0 0 0 0 0 0 0 0 0 0 0 0 0 0 0 -10 0 0 3 0 0 0 0 -8 0 0 0 0 0 0 0 0 3 0 
0 0 0 -6 0 0 0 0 0 0 0 3 0 0 0 0 0 0 0 0 0 -7 0 0 0 0 0 0 0 0 0 10 0 0 0 0 0 0 0 0 0 0 0 0 0 0 0 0 0 0 0 0 0 0 0 0 0 0 0 0 0 0 5 0 0 0 0 0 0 0 0 0 0 0 0 1 0 0 0 0 0 0 0 0 0 0 0 -2 0 0 0 0 0 2 0 0 0 0 0 -10 
0 0 0 0 0 5 0 0 0 0 0 0 0 0 0 0 0 0 0 0 5 0 0 0 0 0 0 0 0 0 0 0 0 0 0 0 9 -9 0 0 0 0 0 8 0 -5 0 0 0 0 0 0 0 0 0 0 0 0 0 0 0 0 4 0 0 0 0 0 0 0 0 -6 0 0 0 0 0 0 0 0 0 0 0 0 0 0 0 0 0 0 0 0 0 0 -3 0 9 0 0 0 
0 0 0 0 0 0 0 0 0 0 10 0 0 0 0 0 0 -3 0 0 3 0 0 0 0 0 0 -8 0 0 0 0 0 0 0 0 0 0 0 0 0 8 0 0 0 0 0 0 0 0 0 0 0 0 -10 0 0 0 0 0 0 0 0 0 0 0 0 0 0 0 0 0 0 0 0 0 0 0 0 0 0 0 0 0 0 0 0 0 0 0 0 0 0 1 0 0 0 0 0 0 
0 0 0 0 0 0 0 0 0 0 0 0 0 0 0 0 0 0 0 0 0 0 0 0 0 0 0 0 0 0 0 0 0 0 -3 0 0 0 0 0 0 0 0 0 5 0 4 -4 0 0 0 0 0 0 0 0 0 0 0 0 0 0 0 0 -8 0 0 0 0 0 0 0 0 0 0 0 0 0 0 0 0 5 0 0 0 0 0 0 -7 0 0 0 0 0 0 0 0 0 0 0 
0 0 0 0 0 0 0 0 0 0 0 0 0 0 0 0 0 0 0 0 0 0 0 0 0 0 0 0 0 0 0 0 0 0 0 0 0 0 0 0 0 0 0 0 0 0 0 0 0 0 0 0 0 0 0 0 0 8 0 0 0 0 0 0 0 0 0 0 0 0 0 0 0 5 0 0 0 0 0 0 0 0 10 0 5 0 0 0 0 0 0 0 0 0 0 0 0 0 -6 9 
0 0 0 0 0 0 0 0 0 0 0 0 0 0 0 0 0 7 0 0 0 0 0 0 0 0 8 0 0 0 0 0 0 0 0 0 0 0 0 -1 0 0 0 0 0 0 0 0 0 0 0 0 0 -5 0 0 0 0 0 0 -5 0 0 2 0 0 4 0 0 0 0 0 0 0 0 0 0 0 0 0 0 0 0 0 0 0 0 0 0 0 0 0 0 0 0 0 0 0 0 0 
0 0 0 0 0 0 0 0 0 3 5 0 0 0 0 0 0 0 0 0 0 0 0 0 0 0 0 0 0 0 0 0 0 0 0 0 0 0 0 6 0 0 0 0 0 0 0 0 0 0 -5 0 0 0 0 0 0 0 0 0 0 0 0 0 0 0 0 0 0 0 0 0 0 0 0 0 0 0 6 0 8 0 0 0 0 0 0 0 0 0 0 0 0 0 0 6 10 0 0 0 
0 0 -3 0 0 0 0 0 0 0 0 0 0 0 0 8 0 0 0 0 0 0 0 0 0 0 0 0 3 0 0 0 0 0 0 0 0 0 0 0 0 0 0 0 0 0 0 0 0 0 0 0 0 0 0 0 9 0 0 0 0 0 0 0 0 -6 0 0 0 -3 0 0 0 0 0 0 0 0 0 0 0 0 0 0 -5 0 0 0 0 0 0 1 0 0 0 0 0 0 0 0 
0 -2 0 0 0 0 9 0 0 0 0 0 0 0 0 0 6 0 0 0 0 0 0 0 0 0 0 0 10 0 2 0 0 10 0 0 0 0 0 0 0 0 0 0 0 0 0 0 0 0 0 0 0 0 0 0 0 0 0 0 0 0 0 0 0 0 0 0 0 0 0 5 0 -2 0 0 0 2 0 0 0 0 0 0 0 0 0 0 0 0 0 0 0 0 0 0 0 -9 0 0 
0 0 0 0 0 0 0 0 0 0 0 0 -1 0 0 0 0 0 0 0 0 0 0 0 2 0 0 0 0 0 0 0 0 0 0 0 0 0 0 0 0 0 0 0 0 0 0 0 0 0 0 0 0 0 6 0 0 0 0 0 0 0 0 0 0 0 0 0 0 0 0 0 0 0 0 0 0 0 0 0 0 0 0 0 0 6 -8 0 0 0 0 0 3 0 0 0 0 0 9 0 
0 0 0 0 0 0 0 0 0 1 0 0 0 0 0 0 0 0 0 0 0 5 0 0 0 0 0 0 0 0 -9 0 0 0 -3 0 0 0 0 0 0 0 0 0 0 0 0 0 0 0 0 0 0 0 0 -10 0 0 0 -5 0 0 0 0 0 -2 0 0 0 0 0 0 0 0 0 0 0 0 0 0 0 10 0 0 0 0 0 0 0 0 6 0 0 0 0 0 0 0 0 0 
0 0 0 0 0 0 0 0 0 0 0 0 0 0 0 -9 0 0 0 0 0 0 0 0 0 0 0 0 0 5 0 0 0 0 0 0 0 0 0 0 0 0 0 -5 0 0 0 0 0 -1 0 8 -10 0 0 0 0 0 0 0 0 0 0 0 0 0 0 0 0 0 0 0 0 0 0 0 0 0 0 0 0 0 0 0 0 0 0 0 0 0 0 0 0 0 0 0 0 0 0 0 
-6 0 0 0 0 0 0 -6 0 -10 0 0 0 0 0 0 0 0 0 0 0 0 10 0 0 0 0 0 0 0 0 0 0 0 0 0 0 0 0 0 0 0 0 0 -10 0 0 0 0 0 0 0 4 0 0 0 0 0 0 0 0 5 0 0 0 0 0 0 0 0 0 0 0 0 0 2 0 0 -4 0 0 0 0 0 0 0 0 -10 0 8 0 0 0 0 0 0 0 0 0 0 
0 0 0 0 0 4 6 0 0 0 -4 0 0 0 3 0 0 0 0 0 0 0 0 0 0 0 0 0 0 0 0 0 0 4 0 0 0 0 0 0 0 0 0 0 0 0 0 0 0 0 0 0 0 0 0 0 0 0 0 0 0 0 0 0 7 0 0 0 0 0 0 0 0 0 0 0 0 0 0 0 0 0 0 0 0 0 0 0 0 0 0 0 0 0 0 0 0 0 0 0 
0 0 0 0 0 0 5 0 0 0 -4 0 0 0 -1 0 0 0 0 0 0 9 7 0 0 9 0 0 0 0 0 0 0 0 0 0 0 0 0 0 0 0 0 -9 -10 0 0 0 0 0 0 0 0 0 0 0 0 0 9 0 0 0 -4 0 0 -6 10 0 0 10 0 0 0 0 0 0 0 0 0 0 0 -10 0 0 0 0 0 0 0 0 -6 0 0 0 0 6 0 0 0 0 
0 0 0 0 0 0 0 0 0 0 -3 0 0 0 0 0 6 0 0 0 0 0 5 0 0 0 0 0 0 0 0 0 0 0 3 0 0 0 0 0 0 0 0 0 0 -9 0 0 0 0 0 0 0 0 0 0 0 0 0 0 -9 0 0 0 0 1 6 0 0 0 -8 0 0 0 0 0 0 1 0 0 0 0 0 0 0 0 -2 0 0 0 0 0 0 0 0 0 0 0 0 0 
0 0 0 0 0 0 0 0 0 0 0 0 0 0 -7 0 0 0 0 0 0 0 0 0 0 0 0 0 0 0 0 0 0 0 0 0 0 0 0 0 0 0 0 0 0 0 0 0 0 0 0 -10 0 0 0 0 0 0 0 0 0 0 0 0 -4 0 0 0 0 5 0 0 0 0 0 0 0 0 -6 0 0 0 0 7 0 0 0 0 0 0 0 -9 0 0 10 0 0 0 0 -2 
0 0 0 0 0 0 0 0 0 0 0 0 0 0 0 0 0 0 0 0 0 0 0 0 0 0 0 4 -5 0 0 0 0 0 0 0 0 0 0 0 -4 0 0 0 0 0 0 0 0 -4 0 0 -1 0 0 0 0 0 0 0 0 0 0 0 0 0 0 0 0 0 0 0 0 0 0 0 0 0 0 0 -7 0 0 0 0 0 0 0 0 0 0 0 0 0 1 0 0 0 0 -7 

6 5 5 8 7 3 9 7 7 9 5 7 7 7 5 4 1 9 9 9 8 4 9 4 9 1 4 5 4 2 7 6 1 9 9 3 1 7 1 8 3 9 2 7 4 5 7 1 6 5 