20 40
0 0 0 0 0 0 0 0 0 0 5 2 0 0 0 0 0 0 0 0 0 0 0 0 0 0 0 0 0 0 0 0 0 0 0 0 0 0 0 0 
0 0 0 0 -4 0 0 0 0 0 0 0 0 0 0 0 -8 0 0 0 0 0 0 -3 0 0 0 0 0 0 0 0 0 0 0 0 0 0 0 0 
0 0 0 0 5 0 0 0 -3 0 0 0 0 0 0 8 0 -9 0 0 0 0 1 0 0 0 0 0 0 0 0 0 0 0 0 0 3 0 -8 0 
0 0 0 0 0 0 0 0 4 -5 0 0 0 0 0 1 0 0 0 0 0 0 0 0 0 0 0 0 0 7 0 0 0 0 0 0 0 0 0 0 
0 0 0 -2 0 0 0 0 0 0 0 0 0 0 0 0 0 0 0 0 0 0 0 0 0 0 0 0 0 0 5 0 0 0 0 0 0 0 0 0 
0 0 0 0 0 0 3 0 0 0 0 0 0 0 0 0 0 0 0 0 0 0 0 0 0 0 0 0 0 0 0 0 0 0 0 0 0 0 0 -6 
0 0 0 0 0 0 10 0 0 0 0 0 0 0 0 0 0 0 0 6 0 0 0 0 0 0 0 0 0 5 0 0 0 0 0 0 0 0 0 0 
0 0 0 6 0 0 0 0 -2 0 0 0 0 0 0 0 0 0 0 0 3 0 0 0 0 0 0 0 -6 0 0 -6 0 0 0 0 0 0 0 0 
0 0 0 0 0 0 0 0 0 0 0 0 0 0 0 0 0 0 0 0 0 0 0 -10 0 0 9 0 0 0 -1 0 9 0 0 0 0 0 0 0 
0 0 -7 0 0 0 0 -5 0 0 0 0 0 0 0 0 0 0 0 0 0 0 -3 0 0 0 0 -2 5 0 4 6 0 0 0 0 0 0 0 0 
0 0 0 0 0 0 0 0 0 0 0 0 0 4 0 0 0 0 0 0 0 0 0 0 0 -5 0 0 0 0 0 0 0 0 -3 0 0 0 0 0 
0 0 0 0 0 0 0 0 0 0 0 0 0 0 0 10 0 0 0 0 0 0 0 0 0 0 0 0 -7 0 0 0 0 0 0 0 0 0 0 0 
0 0 0 0 0 0 0 0 0 0 0 0 0 0 0 0 0 0 0 0 0 -9 0 -6 0 10 0 0 0 0 0 0 0 0 0 0 0 0 0 0 
0 0 0 0 0 0 -8 0 0 0 0 0 0 0 0 0 0 0 0 0 -9 0 0 0 0 0 0 -4 0 0 0 0 0 0 0 0 0 0 0 0 
0 0 0 0 0 0 0 0 0 0 0 0 7 0 0 0 0 0 0 0 0 0 0 0 0 -1 0 0 0 0 0 0 0 0 0 0 0 0 0 4 
0 0 0 0 0 0 -1 0 0 0 0 0 0 0 0 0 7 -6 0 0 0 0 0 0 0 0 0 0 0 0 8 0 0 0 0 0 0 0 -8 0 
0 0 0 0 0 0 0 -2 0 0 0 0 0 0 0 0 0 0 0 0 0 0 0 0 0 0 0 0 0 -6 0 0 0 0 0 0 0 0 0 0 
0 0 0 0 0 -6 0 0 0 0 0 6 0 9 0 0 0 0 0 0 0 0 0 0 0 0 0 0 0 0 0 0 2 0 0 0 0 0 0 0 
0 0 0 0 0 0 0 0 0 0 0 0 0 0 0 0 0 -9 0 0 0 0 0 0 0 0 0 0 0 0 0 0 0 -2 0 0 0 0 0 0 
0 0 0 0 -7 -9 3 0 4 0 0 0 0 0 0 0 0 0 0 0 0 0 0 0 0 0 0 0 0 0 0 0 0 0 0 0 0 0 -2 0 

5 8 4 3 10 9 3 8 5 7 5 3 5 4 5 10 3 2 5 10 