50 100
-1 -2 0 0 1 2 0 0 1 2 -2 0 0 0 2 0 0 0 0 -2 0 0 0 0 2 1 0 0 0 2 -1 0 2 -2 1 1 0 -1 0 0 1 1 0 0 1 0 -1 0 1 0 0 0 -2 0 0 2 1 -2 2 0 0 0 0 1 0 -2 2 0 0 1 -2 1 -2 0 0 2 -2 1 0 0 0 0 2 -2 2 0 0 -2 -2 0 -2 0 1 0 0 0 0 -2 -2 0 
-1 0 -1 0 0 -2 -2 0 0 0 2 -2 -1 -1 -1 -2 1 -1 -2 -2 -2 0 0 0 0 -1 -1 0 0 -1 1 0 0 0 -1 0 0 0 0 0 0 0 0 -2 0 2 2 0 0 0 0 -1 0 0 -1 0 0 0 -2 -2 0 0 -1 -1 1 0 0 -2 1 -2 1 0 -1 -1 -2 2 0 -1 0 0 -2 0 0 1 1 1 -2 0 -2 -2 2 -1 -2 -1 0 2 0 1 0 -2 
1 0 0 -1 -2 1 1 1 0 -2 0 0 -1 0 0 -2 0 -2 0 1 1 0 1 1 0 -1 0 1 -1 0 1 2 1 0 -1 2 0 1 0 0 1 2 0 1 0 2 0 0 -2 2 0 0 0 -1 2 -1 2 -1 0 0 0 0 -1 2 1 0 0 0 0 0 0 0 0 -2 -2 -2 0 0 -2 0 1 1 0 0 0 0 0 2 0 0 0 0 0 -1 2 0 2 -1 -1 2 
2 -1 1 0 -1 0 -2 0 0 0 0 0 0 0 0 -1 0 1 0 2 2 0 1 2 -1 1 0 0 -2 -1 -2 -2 0 0 0 2 0 -2 0 0 1 0 0 0 2 0 0 0 0 0 0 2 0 0 0 -2 -2 1 0 -1 0 -2 -2 0 -2 0 0 0 -2 -2 1 0 0 0 0 -1 0 -2 0 -1 0 2 -2 0 0 -2 1 0 0 0 0 2 1 -1 0 0 0 0 0 0 
-1 -2 2 0 0 0 2 0 0 0 -1 2 0 -1 0 0 0 1 -2 0 1 0 2 1 1 1 0 0 0 0 0 0 0 0 0 -1 0 0 0 0 0 0 -2 0 0 0 -2 0 0 -2 0 0 0 0 0 0 1 1 0 -1 2 -1 2 0 0 0 -2 -2 0 -1 2 0 -2 0 1 -2 0 1 -2 0 0 0 -1 0 0 -2 0 0 0 0 0 0 0 -1 2 2 -2 0 -1 0 
0 0 0 0 0 0 0 -1 1 0 0 0 0 0 0 0 0 0 -1 0 0 0 -2 0 0 1 0 0 -2 1 0 0 1 0 0 2 1 -2 2 -2 0 -1 1 1 0 -2 2 0 -2 0 0 2 -1 1 -1 0 1 -1 0 -1 2 -1 0 0 0 0 -2 0 -2 0 1 -1 2 2 0 0 0 0 -1 0 -1 1 0 1 0 0 -2 0 0 0 -1 -1 0 2 0 0 2 0 0 0 
0 2 -1 2 0 0 0 2 1 2 2 0 0 -1 0 0 1 -2 0 0 2 -2 -2 1 0 0 0 0 0 2 0 0 0 0 -2 0 -2 -1 2 0 2 0 0 -2 0 -1 1 0 -1 0 0 -2 -2 0 0 1 0 0 -1 0 2 0 -1 0 0 0 -1 -2 0 0 -1 -1 0 0 1 -2 0 2 0 -2 -2 0 -2 2 0 0 0 2 2 -2 -1 0 0 0 0 0 0 -1 1 0 
-1 0 0 -1 -1 -2 0 0 0 0 -2 0 -2 2 -2 -1 0 0 0 -2 0 -1 0 0 1 -1 0 2 -2 2 -1 -1 0 0 0 1 2 2 0 1 1 0 0 1 0 0 -1 0 1 2 0 1 2 0 0 0 0 0 -1 -2 0 -1 0 0 1 -2 0 1 0 0 0 2 0 0 -2 0 2 2 -2 2 0 -1 0 -2 -2 0 1 1 2 0 0 2 0 0 0 2 -1 1 2 1 
-2 0 -2 0 0 -2 0 0 0 0 0 0 -1 -1 0 0 0 0 0 0 0 0 1 0 0 0 0 0 -2 0 -2 2 0 1 -2 1 1 0 -1 0 2 0 0 1 -1 1 -2 0 0 0 0 -1 0 0 1 0 0 0 0 0 2 1 0 2 0 1 0 0 0 1 0 0 0 0 2 2 -1 -2 0 1 -1 -2 -1 1 -2 2 -2 2 0 2 0 0 -1 0 0 0 -1 2 0 2 
0 1 0 2 0 0 0 -2 0 1 0 -1 1 1 0 0 0 0 0 1 2 -2 1 2 0 1 -2 0 0 0 0 0 -1 0 1 -1 0 -1 -1 0 0 0 0 0 0 0 0 1 -1 -1 2 0 0 0 0 2 -1 1 0 0 1 2 -1 0 -1 0 1 0 0 1 1 1 1 -2 2 -2 -1 -2 2 0 0 0 -1 2 0 0 2 2 -1 0 -1 0 1 -2 0 0 2 0 -2 -1 
1 -1 0 0 0 -2 0 0 -2 2 1 -2 0 1 2 0 0 -1 -2 1 0 0 0 0 0 1 0 1 0 -2 2 1 0 0 -1 2 0 0 1 -2 0 1 0 0 2 -2 0 -2 0 0 0 2 0 0 2 2 0 0 0 0 0 0 0 0 0 1 2 1 0 0 2 -1 -2 0 -2 0 -2 0 -2 1 1 0 -2 0 0 0 0 1 0 -2 2 0 0 0 1 0 2 1 0 -1 
2 -2 -2 2 1 0 0 0 -1 0 0 2 -1 0 -2 0 -1 2 0 1 0 -2 2 0 0 -2 -1 0 0 -2 0 -1 -1 2 2 0 0 -2 1 1 0 0 -2 0 0 -1 1 0 -1 0 -1 0 -2 0 -1 0 1 -2 0 2 1 0 -2 -2 2 -2 2 1 1 -1 2 -2 0 0 0 0 1 -1 0 -1 2 2 0 0 -1 -1 0 -1 -1 -2 0 -1 0 1 0 0 2 2 0 0 
0 0 -2 0 0 0 -1 -2 0 0 0 0 2 0 1 0 0 0 2 0 0 -2 0 0 -2 -1 1 -1 0 2 2 0 2 0 0 0 0 1 1 0 0 0 -1 -1 0 1 1 0 -1 -2 0 -1 -2 1 1 0 1 0 0 0 1 1 0 -2 0 0 -1 -1 2 2 2 -2 0 0 0 -2 -2 0 1 0 0 -1 0 0 0 0 0 2 2 2 -2 0 1 0 -1 2 0 -1 1 1 
0 -2 -2 -1 0 1 2 -1 1 0 0 -2 -1 0 1 -2 0 1 2 0 2 0 0 2 -1 0 0 2 0 0 1 0 -1 -2 2 0 1 0 -2 1 2 0 1 0 2 -1 0 1 -2 0 -1 2 0 0 0 -2 0 0 -1 -2 1 -2 -1 0 0 0 -1 -1 0 1 0 0 1 -1 -2 -2 2 -2 2 2 -2 0 2 0 0 0 2 0 0 2 -1 0 2 0 2 -1 0 -1 -2 0 
1 -2 0 0 2 -2 1 2 0 0 -2 0 0 -2 1 2 2 0 -2 2 0 1 0 -1 0 0 0 -1 0 -2 0 1 0 -2 0 0 -1 -2 0 0 0 2 0 0 0 0 -1 -1 2 -1 1 1 0 -1 -1 0 0 -1 2 0 -1 0 0 2 0 -2 0 0 1 0 0 0 2 -2 -1 1 -1 -1 0 -1 0 0 0 0 0 -2 0 0 -2 0 2 -2 1 -1 0 -1 0 0 0 -1 
0 2 0 0 0 0 -2 1 -1 2 1 0 0 -1 0 0 0 2 0 0 1 0 1 1 2 -1 0 0 1 0 1 1 0 2 2 -1 0 -2 2 -2 0 -1 1 2 -2 0 -1 1 -2 0 0 -2 0 0 0 0 0 0 0 0 0 1 0 2 0 1 0 0 -2 0 -1 0 0 0 0 0 0 -2 0 2 0 0 1 2 0 -2 0 0 0 0 0 -2 2 0 0 -2 -1 0 -1 -2 
1 2 0 0 0 0 1 0 0 0 0 -2 0 0 0 0 0 -1 1 0 0 0 2 0 2 0 0 -2 0 -1 1 0 0 0 0 0 -2 0 0 0 0 0 1 0 0 0 2 -1 0 2 2 -1 0 0 1 -1 0 1 -2 2 -1 0 0 -1 0 0 0 1 -1 0 0 0 0 -2 -2 -2 0 0 2 0 -1 0 0 1 -2 2 -1 2 1 2 0 0 -1 -1 -1 0 0 0 1 1 
0 -1 0 2 0 -2 0 0 0 -1 1 0 2 1 -2 2 1 2 0 0 2 2 -1 0 0 0 0 0 1 -2 -2 0 0 -1 0 1 0 0 -1 0 0 0 0 0 0 1 2 0 0 0 0 0 2 0 2 -1 1 -2 -1 1 2 -1 1 -2 0 0 0 -1 1 2 1 -1 0 0 0 0 -2 0 1 0 -1 0 -1 0 1 1 0 -1 -2 0 2 0 0 1 1 0 -2 -1 -2 -2 
-2 -1 2 0 2 -2 0 2 0 -1 0 2 0 0 0 1 0 1 -1 1 -2 0 0 -1 1 2 -2 0 0 -2 0 0 0 0 2 0 0 1 2 0 1 1 0 0 1 0 2 0 -2 1 0 0 -1 1 0 0 -2 0 0 2 0 2 -2 -1 1 -2 -1 0 0 0 0 1 0 0 0 2 0 0 1 0 -2 0 -1 0 0 2 0 -2 0 1 -1 -1 1 0 0 0 0 -1 2 2 
0 0 1 0 -2 0 -1 -2 0 0 0 0 0 -1 0 -1 0 1 1 2 -2 1 0 2 0 0 -1 1 1 -1 0 0 1 -1 0 2 0 0 0 0 1 2 -1 0 -2 0 2 0 -1 0 -2 0 0 1 0 0 0 0 2 1 -1 0 0 0 0 -1 2 0 2 -1 0 0 -2 0 0 -2 2 -2 -2 0 1 1 0 2 0 2 2 0 1 0 -2 0 -2 0 0 1 -2 0 -2 1 
0 0 0 1 0 2 2 0 0 0 2 0 -2 0 -2 -1 -1 0 0 2 -2 0 1 0 0 1 -2 0 0 0 1 2 0 2 -1 -1 -1 0 1 0 -2 -2 -1 1 0 0 2 0 0 1 -1 1 0 0 0 0 1 0 2 1 0 0 0 -1 0 2 2 0 0 2 0 0 0 0 0 -1 0 0 0 0 2 2 0 0 1 -2 0 0 0 -2 0 -1 1 0 0 0 0 1 0 2 
0 2 -1 0 -2 -2 0 2 0 2 -2 2 2 2 2 0 0 0 0 0 2 1 0 0 0 0 2 0 2 0 0 0 -2 0 0 0 2 0 0 -1 0 -1 2 0 0 0 0 1 0 0 -1 0 0 -1 0 1 0 0 -2 -1 0 0 -1 0 -2 2 0 1 0 0 0 2 0 1 0 -2 -1 0 0 -1 -2 2 0 -1 0 2 0 0 -2 -1 2 0 -2 0 0 -1 0 0 0 0 
0 2 0 -1 1 0 0 0 -1 0 0 2 0 -2 0 0 -1 -2 0 0 1 1 0 2 0 -2 0 0 -2 2 2 0 -2 0 2 -1 -2 0 0 0 0 2 -1 0 0 0 0 0 0 -1 2 1 -1 0 0 1 0 2 1 0 1 0 -2 0 -1 0 -1 0 -1 2 -2 0 -1 2 2 0 -1 0 0 0 1 0 -2 2 0 -1 2 -2 1 0 -2 2 0 1 -2 0 0 0 0 0 
-1 0 -1 0 0 0 1 2 0 -1 2 -2 1 0 2 0 1 1 0 -1 0 0 0 0 -2 -1 -2 0 0 1 -1 0 1 0 1 1 2 0 0 0 -2 0 1 -2 0 -2 0 0 -1 0 2 -2 0 2 0 0 2 2 0 0 0 0 0 0 0 0 -1 2 0 0 -2 -2 0 0 -1 0 0 -2 -2 -2 0 0 2 0 1 -1 1 -1 0 -1 1 -2 0 0 2 -2 -1 1 1 2 
2 0 0 -2 -1 -1 0 0 0 2 0 -1 0 0 2 0 0 0 0 -2 0 -1 0 2 1 0 0 -2 0 0 -1 0 2 0 0 -2 2 0 0 2 -2 0 0 0 1 1 0 0 0 2 -1 -2 0 -2 0 0 -2 0 1 1 2 0 -2 0 -2 -1 0 -2 0 1 2 -1 -1 0 0 2 1 0 0 0 1 1 0 0 2 -1 0 -2 0 0 -1 0 0 0 0 1 2 1 0 2 
-2 -2 0 -2 -2 -2 -2 2 0 0 0 -2 1 -2 0 0 0 0 2 0 0 0 0 0 -2 0 -1 2 -1 0 -2 0 0 0 0 2 -2 2 0 0 0 0 0 0 -1 0 1 2 0 2 -1 2 1 1 0 0 2 2 2 -2 0 0 -1 0 1 0 -2 1 -1 2 0 0 -2 -1 2 -2 -2 0 0 0 0 0 -1 0 0 -1 2 0 0 0 0 -2 1 0 0 2 1 0 -1 0 
0 -1 0 1 0 0 1 0 -1 1 0 2 0 0 0 0 0 -1 0 0 0 0 0 -2 -2 -2 0 0 0 0 0 1 1 1 -2 1 0 -2 -2 0 0 0 0 0 -2 0 0 -1 -2 1 0 0 0 0 1 0 -1 0 2 0 2 0 1 -1 0 0 0 -2 0 0 -1 -2 0 -1 2 0 0 0 -1 1 0 0 0 0 2 2 0 0 0 2 0 0 0 -2 0 0 0 0 -2 0 
-1 0 0 0 0 2 1 0 0 1 0 1 1 2 0 -1 1 0 1 0 2 1 0 -2 -2 0 0 1 0 0 1 2 0 0 1 -2 1 0 1 0 1 -2 -2 2 2 0 -2 -2 1 0 -1 0 0 0 0 0 1 2 2 0 0 0 -2 -1 1 1 0 0 -1 0 -2 2 -1 0 0 1 0 1 1 0 -2 0 -2 -1 0 0 2 -1 0 2 0 -2 1 -2 0 0 1 0 -2 2 
0 0 0 0 0 0 2 -2 1 0 -1 -1 2 -1 0 0 0 1 2 0 -2 -1 0 2 -2 -2 0 0 0 -2 -1 0 -1 1 -2 0 -2 0 0 0 0 0 -2 2 0 -1 0 -2 0 0 0 0 -1 0 0 0 0 0 0 0 0 -2 0 0 0 1 1 1 0 0 0 0 2 0 0 -2 0 0 -1 -1 0 -2 0 1 1 -1 1 -1 0 0 -1 0 0 1 0 1 0 0 1 -1 
-2 -1 0 0 0 0 1 0 0 2 -2 0 -2 0 0 -2 0 0 0 0 -1 0 0 -1 -1 0 -1 0 0 0 0 0 -1 -2 0 1 0 0 2 0 0 -1 0 0 0 0 0 0 0 0 -2 0 1 -1 0 1 2 0 0 -2 -2 -2 -2 0 1 0 0 -1 1 0 1 1 -1 0 0 2 -1 -2 2 0 0 2 0 0 -2 0 -1 0 0 2 -1 -1 0 -2 0 0 0 1 0 -1 
0 -2 1 0 0 0 0 0 0 -2 0 0 0 2 2 0 0 0 0 0 2 0 2 0 -2 -1 -2 -1 0 1 0 1 2 0 0 -1 0 0 0 -1 2 -1 -2 1 0 2 2 -2 1 1 -1 -1 0 0 0 0 0 -1 0 0 -1 0 0 1 1 0 0 -1 -1 2 1 -1 0 2 0 0 0 -1 -1 0 0 0 0 0 -2 0 0 0 0 -1 0 2 1 2 0 0 -2 -2 0 -1 
2 0 2 0 0 -2 0 2 -2 1 0 0 -1 0 -1 0 1 0 0 1 -2 -1 0 -1 0 0 0 -2 0 0 0 -1 1 0 -1 -1 0 0 0 0 -2 -2 1 0 -2 -1 0 2 1 0 0 0 0 2 0 0 0 -1 2 0 0 0 0 0 -1 0 0 0 -2 2 -2 0 1 -1 0 0 0 1 0 0 2 0 2 2 0 1 2 -2 -2 1 1 0 0 0 2 -2 0 0 2 0 
0 -2 0 1 0 -1 -1 -1 0 -2 0 0 -1 0 -2 0 0 2 0 -1 -2 0 -1 0 0 -1 -1 0 0 2 1 2 0 0 -2 1 -2 0 1 -2 0 0 0 -2 -1 2 0 -2 0 0 0 -1 0 2 0 0 -1 0 -1 0 0 -1 0 0 -1 0 -1 -2 -2 -2 0 0 -2 0 -1 0 0 0 -2 0 1 0 -2 1 -2 0 0 -2 -1 -1 0 -1 0 -1 -1 0 2 0 0 2 
2 2 0 0 0 0 -2 2 2 2 0 2 0 -1 0 0 0 1 1 2 2 0 0 0 0 1 -1 -1 0 0 0 0 1 0 -2 0 0 0 1 0 -1 0 0 0 0 -1 0 -1 -2 0 0 0 0 1 -1 0 2 0 -1 -2 0 2 1 0 0 -1 1 -1 0 -1 0 1 0 -1 1 2 -1 1 0 -2 0 1 2 1 1 0 1 1 0 1 0 2 0 -2 0 1 0 -2 0 0 
-2 2 0 0 0 -1 0 1 0 2 -2 0 1 1 -2 0 0 -1 0 0 -2 1 0 0 1 -2 -2 -1 0 0 0 -1 0 0 2 0 0 1 2 2 0 1 0 -2 0 -2 0 0 -2 -1 -2 0 2 0 1 0 0 0 -2 0 1 -1 0 0 0 -1 -2 -2 0 2 0 0 0 0 2 0 1 0 0 0 0 0 0 1 1 -2 1 -2 -2 0 1 2 0 0 2 0 -2 1 0 0 
0 1 0 0 2 0 2 2 2 2 -1 0 2 0 1 -1 0 0 -1 0 1 0 0 0 1 2 0 0 0 -1 0 0 -2 2 0 2 -1 2 0 0 0 0 -1 -1 2 -2 -1 -1 -2 -2 0 1 0 0 2 -2 0 2 1 0 0 -2 0 1 1 0 0 0 1 0 0 1 0 1 -2 0 0 0 0 -1 0 -1 1 0 0 1 0 0 0 1 0 0 1 0 -1 0 1 0 0 0 
2 2 0 -2 0 0 0 0 0 2 2 -1 -2 0 0 0 0 0 -1 0 0 0 0 -2 -1 -2 -1 1 0 1 -2 -2 1 0 -2 1 2 0 -1 2 -1 -2 -2 -2 -1 0 1 1 1 1 2 1 -1 -2 2 -1 2 0 2 0 2 0 1 0 0 -1 0 0 -1 -1 -2 0 0 -2 -1 -1 0 -1 0 -2 -2 -1 0 -1 2 -2 0 0 1 -2 2 -1 0 0 0 0 2 1 -2 0 
1 -2 0 -1 1 0 -1 2 0 2 -1 0 -2 0 -2 0 0 1 0 0 -1 1 0 0 2 1 2 1 0 2 2 -1 0 0 0 0 0 -2 1 0 0 -1 -2 2 -1 0 0 0 -1 0 0 0 0 0 0 0 0 0 0 -2 0 -1 1 0 -1 0 1 0 1 0 2 -2 0 -1 0 0 0 1 1 -2 0 0 -2 -1 0 1 0 -1 -1 -1 1 0 0 0 0 2 0 0 0 0 
0 0 1 2 0 0 1 0 0 0 0 2 0 -2 -2 0 0 1 -2 0 0 0 0 0 2 0 0 0 2 0 0 -2 -2 0 1 0 1 2 0 0 1 -1 2 2 0 0 2 0 2 -2 0 0 0 0 0 0 0 0 0 2 0 -1 -1 0 -1 2 -1 0 0 1 1 0 -1 0 0 0 0 -2 2 1 1 -1 -2 -2 0 -1 -2 0 2 1 -2 2 0 1 -2 0 0 -1 0 1 
0 2 1 0 2 -1 0 0 2 0 2 0 0 0 0 -1 2 1 2 2 0 1 1 0 2 0 -1 -1 0 0 2 -2 -2 0 0 0 0 -1 0 0 0 0 0 -1 0 -1 0 -1 -2 -1 -1 1 0 2 -1 -1 -2 0 -1 0 -1 0 -2 -1 1 0 0 0 0 2 -2 -2 1 -2 -1 0 0 -2 0 -1 -2 2 -1 0 0 0 1 1 0 -1 0 1 -2 0 0 0 -1 0 1 0 
-1 -1 0 0 0 0 0 1 0 0 0 -2 0 0 0 0 1 0 1 0 0 0 0 0 0 0 -2 -1 -2 0 1 0 0 0 0 0 -2 1 0 2 0 0 2 0 -2 0 -1 1 0 0 2 0 -2 0 -1 2 0 0 0 0 0 -1 1 0 2 1 0 2 -2 1 2 -1 0 0 0 1 -2 0 0 -1 -2 0 0 0 0 -2 0 0 2 0 0 -2 -2 0 0 0 0 2 -1 0 
1 -1 0 0 0 0 0 -1 1 1 2 -2 0 1 2 -1 0 0 0 -1 -1 0 0 1 0 0 0 0 2 1 0 0 0 2 -2 0 -2 -2 0 0 -1 -2 -1 -1 0 1 0 0 1 -2 2 1 -2 0 -2 0 0 0 0 2 1 2 1 -1 2 1 0 0 2 0 2 2 0 0 0 1 -2 0 0 2 0 0 0 -1 0 0 2 0 1 1 2 1 0 0 0 0 1 0 0 0 
0 1 0 -1 1 0 0 1 0 -1 0 1 0 0 0 0 1 0 0 -2 0 -2 1 0 2 0 0 -2 1 -2 0 0 0 -2 0 0 0 0 -2 0 -2 0 0 -1 -2 0 0 0 0 -2 0 2 2 0 1 -2 1 0 0 -2 -2 0 0 -2 0 1 -2 -1 1 -2 -2 0 0 1 0 0 0 0 0 1 0 0 -2 -2 0 0 0 1 1 0 0 0 0 1 -1 0 -2 0 2 -2 
-1 2 -1 0 1 0 0 -2 1 -1 2 -2 0 1 2 1 1 0 -2 0 0 1 2 0 0 0 -2 0 0 0 -2 0 -1 -1 0 2 1 0 -1 0 0 2 0 0 -1 0 0 -1 1 2 2 -1 -2 0 -2 0 1 0 -2 -1 -1 0 1 -2 0 0 0 1 2 2 0 1 2 0 1 1 1 2 0 0 0 0 1 0 0 0 -2 0 0 -1 0 0 0 2 2 -1 2 0 1 -2 
-1 0 0 -1 0 -2 0 0 0 2 0 -2 1 0 -1 0 -2 0 0 0 0 -1 2 0 0 0 0 1 0 0 1 0 -2 0 -2 1 1 0 2 1 0 0 0 0 -2 0 0 1 -2 0 0 0 1 2 1 0 2 0 -1 0 1 0 2 0 0 0 0 0 1 2 0 0 -2 0 1 1 1 0 0 0 2 -1 0 0 0 0 0 -1 2 0 1 0 2 2 -1 0 0 2 0 0 
1 2 0 2 0 0 -2 1 -2 0 0 -1 0 -1 0 0 0 1 0 1 0 1 2 2 2 0 0 1 0 1 1 -1 0 -1 -1 0 0 -1 2 0 2 0 -1 0 0 0 -2 -2 0 0 0 0 0 0 -2 0 0 0 0 0 -2 0 0 2 0 -1 0 0 0 -1 -1 -2 0 2 1 -1 0 2 1 -2 0 2 0 1 0 0 -2 -1 -1 1 0 2 0 2 2 0 0 0 0 -2 
0 0 1 -1 0 -1 -2 1 0 2 1 0 1 -1 0 -2 1 0 -2 2 0 0 2 -1 -1 2 0 -2 -2 0 0 2 2 2 0 2 0 -2 -2 0 0 0 1 1 1 0 0 0 -1 0 2 0 2 -1 0 -1 2 2 0 -2 2 -1 0 0 2 2 0 0 0 2 -1 0 -2 -2 0 0 0 0 0 -2 0 0 2 0 0 2 -1 1 -1 0 0 0 0 0 1 1 0 0 1 0 
0 0 0 0 1 2 2 0 0 0 0 0 0 2 -2 2 -1 0 0 1 2 0 0 0 -2 0 -2 0 0 -2 1 -1 0 -1 0 1 1 0 2 0 0 2 0 -1 -1 0 0 2 2 0 0 0 0 0 1 1 0 1 0 1 1 0 0 1 -1 0 0 -2 1 1 0 2 0 0 1 -2 0 1 -1 0 -2 0 -2 -1 1 -2 0 0 1 0 0 -1 2 1 0 -2 -2 0 0 0 
-1 0 -2 0 0 -1 0 -2 0 0 0 0 1 0 0 -1 0 1 -2 -2 0 0 0 0 0 -1 1 -1 0 0 0 2 -2 0 0 0 0 2 -2 0 0 0 -2 0 -1 0 0 -2 -1 -1 0 0 2 1 0 1 0 -1 -2 0 2 -1 -2 -1 0 0 -2 1 0 0 2 -2 0 0 0 -2 0 0 0 -2 0 1 -2 -2 0 0 0 2 -1 2 1 1 0 -1 -1 1 1 2 -2 0 
0 1 0 0 2 2 2 -1 0 -2 0 0 -1 -2 0 0 0 1 0 0 1 0 -2 2 0 2 0 -1 0 0 0 0 -1 0 0 1 0 2 2 1 0 -1 2 1 0 -2 0 -2 2 0 -1 1 2 0 -1 -1 0 -2 0 0 2 -1 1 0 0 0 1 1 0 0 0 0 0 -2 2 1 1 2 -2 1 2 2 -2 0 0 0 -2 1 0 -1 0 1 0 -2 -2 0 0 0 0 1 

8 10 2 3 1 3 1 8 6 10 10 1 10 7 1 9 5 7 1 8 8 2 5 9 10 4 2 9 1 5 3 9 1 1 5 7 6 8 7 5 10 1 6 1 4 7 5 4 3 9 