20 40
0 0 0 0 0 -1 1 -2 2 -2 0 0 0 0 0 -1 0 0 -1 0 -1 0 0 0 0 0 0 1 0 0 0 0 0 -1 -2 0 -1 -1 0 0 
0 2 0 0 0 -1 2 1 2 0 0 2 0 0 -2 0 -1 0 -1 2 0 1 -1 -2 0 0 0 -1 2 -2 1 0 -2 0 0 -1 0 2 0 -2 
0 -2 0 2 1 0 -2 2 -2 2 0 1 0 1 0 -1 1 0 1 0 0 0 0 2 0 1 0 0 0 0 0 0 0 1 1 0 0 2 -1 0 
0 0 -2 -1 -2 0 1 1 -2 -2 -2 2 2 0 2 -1 0 -1 0 -1 -2 1 2 0 -2 0 -2 0 1 -1 2 0 0 0 0 0 2 2 0 0 
0 -1 1 0 1 0 0 -1 0 -2 0 0 1 -2 0 0 0 0 0 0 0 -1 0 0 0 2 -2 0 0 -1 2 -2 2 2 2 0 0 0 0 1 
-1 -2 0 -2 0 1 0 -1 0 0 0 0 1 2 0 -2 1 0 0 0 1 -2 -2 0 2 -2 0 -1 1 0 -1 -2 -2 2 2 0 2 0 0 0 
2 1 1 0 2 1 0 -2 2 0 0 2 2 -2 0 1 0 1 1 1 1 -2 1 2 0 -1 -1 2 0 -2 0 -1 0 0 0 0 2 -2 2 1 
0 -2 -1 1 2 -1 0 0 0 0 2 -1 -2 0 0 1 0 0 2 -1 1 0 0 0 -2 2 0 0 1 0 2 2 -2 2 2 0 -1 2 1 0 
0 0 0 1 2 0 0 1 0 0 0 -2 2 2 0 0 1 -2 0 1 -2 -1 0 -1 0 2 2 2 -1 0 0 -1 0 -2 2 -2 -1 0 0 -1 
-2 1 0 -1 0 -1 0 0 0 0 -1 0 0 -1 0 2 0 0 2 0 -1 0 -1 0 0 2 0 1 -2 0 0 0 2 0 -2 -2 -2 0 1 1 
2 0 -1 0 0 0 0 1 0 2 0 0 -1 0 0 0 0 0 0 2 0 0 -1 0 1 0 0 0 0 0 -2 0 1 -1 0 0 0 0 0 0 
0 -2 0 -2 -1 0 0 0 2 -1 -2 -1 0 2 1 0 0 0 1 0 0 2 0 0 0 -1 2 1 2 -2 2 -2 0 2 0 0 -2 2 0 -1 
0 2 0 0 -1 2 2 0 -1 0 -2 0 1 0 1 0 0 0 0 -1 -1 0 0 -1 0 0 0 0 0 0 2 -2 1 -1 0 0 0 -2 1 0 
0 0 0 0 2 0 -1 -2 -1 -2 -1 2 -1 0 0 0 1 -2 0 -1 1 2 0 -2 -2 -2 -1 -2 0 2 0 0 -1 0 -1 0 0 1 -2 1 
-1 0 0 1 0 -1 -2 -2 0 0 2 -2 0 0 0 -1 2 -2 1 -2 0 1 2 0 0 0 -2 -2 0 2 0 0 -2 -1 0 0 0 -1 0 0 
2 -2 -1 2 2 1 0 0 -2 0 1 1 2 1 0 0 1 2 2 -2 -1 0 2 -1 2 2 0 0 0 -1 0 0 0 0 0 1 2 2 -1 -2 
-1 -2 -1 -2 -1 0 -1 0 0 2 -2 0 0 1 0 -2 0 -2 1 -1 0 0 0 0 1 1 1 0 0 0 0 1 0 0 1 -1 -1 2 -1 0 
1 0 0 1 0 -1 0 0 -2 0 0 0 0 1 -2 0 0 0 -1 -2 0 0 0 0 0 0 -1 0 -2 0 2 0 0 0 1 0 0 0 2 0 
1 0 -1 0 1 0 1 0 2 0 0 0 -2 0 -2 1 0 0 -2 -1 0 1 0 -2 1 -1 -1 0 1 0 2 0 0 0 0 -2 0 0 -1 2 
0 0 0 0 0 0 2 1 0 0 -2 2 0 -1 0 0 2 0 1 0 0 1 -1 2 0 -2 0 1 0 0 -1 -2 2 -1 1 0 0 0 -2 2 

5 4 6 9 5 8 6 5 8 8 1 8 10 4 3 3 8 6 1 8 