100 200
-2 0 0 -1 0 2 2 1 2 0 2 -1 0 1 0 1 0 0 0 0 -1 0 1 0 0 0 0 2 0 0 2 0 0 0 -2 0 0 -2 2 1 -1 0 0 2 2 -2 0 0 2 0 2 0 -1 2 0 0 0 -1 -2 -2 0 -1 0 0 0 2 0 0 -1 1 2 -2 2 0 0 0 -2 0 -2 0 0 2 0 -1 0 2 1 1 0 1 0 -1 0 0 0 0 0 2 0 -1 0 -2 0 2 -1 0 0 0 -1 0 2 -1 1 -1 -1 0 -2 2 0 -2 0 -1 0 2 1 0 -1 2 1 1 0 2 2 0 0 2 0 0 0 2 2 -2 1 1 0 0 0 -1 0 0 0 -1 1 -1 -2 0 -2 -1 -1 0 1 0 0 0 0 0 2 0 -1 -1 0 0 0 0 1 0 0 -1 -2 0 -2 0 2 2 -1 -1 0 -2 1 0 2 -1 0 2 2 2 0 0 0 2 
0 -1 0 0 0 -1 0 1 0 1 -2 -2 2 -1 -1 1 1 0 0 2 0 0 1 0 2 0 0 0 -2 -2 0 -1 -1 0 0 0 0 1 0 1 1 0 1 0 0 -2 0 -2 0 0 0 -1 -2 0 -1 0 -1 0 1 0 2 -2 -1 0 0 0 2 0 0 2 0 1 0 1 -2 -2 1 1 -2 0 -1 0 0 0 -1 0 0 -1 0 2 2 0 0 0 0 0 0 0 0 0 0 0 0 -2 0 0 0 2 0 0 2 1 2 0 0 0 0 -1 -1 0 -2 -1 0 1 0 0 1 2 0 0 0 0 -2 0 -2 -1 0 0 -2 0 0 0 0 -1 0 -1 2 2 0 0 1 0 0 1 -1 0 -2 0 0 1 0 2 0 0 1 0 0 -2 0 2 1 0 -2 2 -2 2 0 -2 2 -1 0 0 0 -2 1 1 -2 -2 0 0 0 1 0 1 0 0 1 -2 0 -2 
1 0 0 0 2 0 0 0 0 0 0 0 1 0 1 1 0 -2 -1 2 0 1 2 -1 -2 0 0 -2 0 0 0 -1 0 -1 0 0 2 0 -1 -2 0 0 -2 -1 2 0 2 0 0 0 0 0 0 -1 0 1 -2 0 -1 1 0 2 0 0 -1 0 2 0 -1 1 0 -1 0 0 0 0 0 -1 0 2 2 -2 1 0 0 2 -1 2 0 0 -2 0 -1 0 1 2 -2 -1 0 2 0 -2 0 0 0 0 0 0 -1 0 -2 2 -2 0 -2 2 0 2 -1 0 -2 0 0 2 0 0 0 -2 2 2 -1 2 1 1 0 -1 0 0 2 -1 -2 -2 2 0 2 0 2 2 0 0 -2 -2 0 0 2 0 1 -2 -2 -1 2 0 0 2 1 0 0 -1 2 -1 2 2 0 0 0 0 0 0 0 -1 -1 0 0 0 -1 0 0 1 -2 0 -2 2 -2 0 0 2 1 0 1 0 
1 0 1 0 -2 2 0 1 1 -1 0 2 -2 0 0 0 -1 -1 2 2 0 -1 2 0 0 0 0 1 0 0 1 -2 0 -2 0 -2 0 0 0 0 0 0 0 1 0 0 -1 0 0 -1 0 -2 0 0 0 0 0 0 0 0 -1 0 -2 -1 -1 -2 0 0 0 0 0 0 0 1 2 -1 0 0 1 0 0 1 0 -2 0 0 0 2 0 2 1 2 0 0 2 -2 1 -1 0 -1 0 1 -2 -1 -1 0 0 0 1 -2 -1 0 0 -2 0 -2 0 -2 0 0 0 -2 1 -1 1 2 2 0 0 0 0 -2 -1 0 0 1 2 -1 0 0 2 2 1 0 0 0 2 0 2 1 0 0 2 0 0 0 0 2 -1 2 2 0 -2 1 0 1 -1 -2 1 0 0 0 1 1 0 -2 0 0 2 0 2 1 0 -2 0 1 2 2 0 0 0 0 0 1 0 2 0 0 0 1 
0 2 -2 0 0 -1 -2 0 -2 0 0 -2 0 -2 0 0 1 1 0 -2 -1 0 0 0 0 2 0 1 -2 0 2 -2 0 1 0 0 0 0 0 -2 0 -2 0 2 0 -1 0 -1 0 0 0 0 -2 0 -2 0 0 0 0 0 2 -1 0 -2 0 2 0 0 0 -1 -2 0 -1 0 -2 -1 -1 -1 -1 -2 1 -2 0 0 -1 0 0 0 -2 1 2 0 0 0 0 -2 -1 2 0 -1 0 0 1 2 0 -1 0 0 0 2 -1 0 2 -1 0 -2 0 -2 -2 2 -2 0 -2 0 0 0 0 1 2 -1 1 2 0 1 0 2 2 -1 -1 2 0 1 2 -1 0 1 2 0 -1 0 1 -1 2 0 -1 0 2 0 0 0 0 1 1 0 2 -2 -2 0 2 0 2 0 2 0 0 2 0 0 0 -2 2 1 0 0 2 0 1 -2 1 2 0 0 1 0 2 1 2 -2 2 0 
-2 0 1 -1 2 0 -2 0 1 1 2 1 0 0 -2 2 1 0 2 0 -2 -2 2 0 0 -1 2 -1 0 0 0 0 0 -2 0 -1 2 0 1 0 -1 2 0 0 2 0 2 -2 -1 -2 0 2 -1 -1 1 -2 0 0 1 -2 0 0 1 -1 0 -2 2 -1 0 -1 0 0 2 0 0 0 0 1 0 0 2 1 0 0 1 -1 1 0 -2 1 0 2 0 -2 0 2 2 -2 0 0 0 -2 0 -2 0 -1 0 0 0 0 0 1 -2 1 2 0 0 0 -2 -2 0 -2 1 0 -1 -2 0 0 0 2 0 0 -2 -2 0 0 0 0 -2 0 0 1 2 0 -1 0 0 2 2 1 2 -1 1 0 0 0 0 0 2 1 -1 0 0 -1 1 1 2 2 0 0 -1 1 0 0 1 0 0 -1 0 0 0 2 0 0 -2 -1 0 0 0 0 0 0 -1 0 0 2 1 -1 0 2 
0 -2 1 0 1 1 -1 0 -2 0 0 2 -1 0 -1 0 0 1 1 0 -1 2 0 0 1 0 2 0 0 0 0 0 0 -1 2 -2 -1 2 0 0 0 0 2 0 -2 -1 0 0 0 0 2 -1 2 0 0 0 -1 0 0 2 -2 1 0 -1 0 2 0 0 1 0 -1 1 0 -1 2 2 0 0 0 2 -1 2 0 -2 0 2 0 2 0 -1 -2 -2 0 0 0 2 2 1 -2 1 1 0 0 0 2 0 0 -2 1 -1 2 0 0 1 0 1 0 1 0 -1 -2 0 0 0 -2 0 0 2 0 2 -2 0 0 1 -2 -1 0 -2 0 0 1 -1 0 0 -2 0 0 1 0 -1 -2 2 2 0 0 0 -1 0 -2 -2 0 -1 -2 -1 0 0 2 2 1 0 -2 0 0 0 -1 1 0 0 0 2 0 0 0 1 -1 0 0 2 -1 -2 0 0 -1 1 -1 0 2 -2 0 1 
1 0 2 -1 -1 0 1 2 -2 2 0 1 1 0 0 0 1 0 0 -1 0 0 -2 -1 1 0 0 2 0 0 -1 -2 -1 -1 0 0 -2 -2 0 0 0 0 0 0 0 0 -2 2 1 1 -1 0 1 0 0 0 1 1 -1 2 1 -1 0 -1 0 -1 0 -1 0 0 0 0 0 -1 2 -1 2 0 0 0 -2 -2 0 2 -1 -1 0 0 2 2 0 -2 -1 -1 2 -1 0 2 0 -2 0 0 0 0 1 0 1 0 0 -2 -1 0 -2 0 0 0 0 -2 2 2 0 0 0 -2 0 1 0 -1 -2 -2 -2 0 -1 0 -1 -1 0 2 0 0 -2 0 -1 0 2 1 0 0 0 -1 -1 -2 0 -2 -1 0 -1 0 -1 0 1 -1 2 -1 -2 -1 0 0 -2 0 0 0 2 0 0 -1 0 1 1 0 0 0 0 0 0 -1 -2 0 0 0 -2 -1 0 -2 1 0 0 -1 2 0 
-2 -2 -2 2 0 -2 0 0 0 0 0 0 2 1 2 -2 1 0 0 2 0 -2 0 1 2 0 0 0 1 0 -2 0 -1 0 0 0 -2 0 0 0 -1 -2 2 -1 0 0 2 -1 0 0 0 1 -1 2 0 2 0 0 0 0 0 0 0 0 0 1 1 0 2 -1 0 0 -1 0 2 0 0 0 0 -2 0 0 0 2 2 0 -2 2 0 0 0 2 2 0 0 0 0 1 2 0 0 0 2 0 1 -2 -2 2 -2 0 -1 2 0 0 -1 -1 -1 -2 0 0 0 -1 -1 0 1 -2 2 0 0 1 2 -1 0 0 0 2 -1 -2 0 0 1 1 0 0 1 2 2 0 2 0 0 2 0 0 0 1 0 2 0 -2 -2 -2 2 2 0 -2 0 2 -1 2 2 0 0 0 0 0 2 -2 0 -1 1 0 0 1 -2 0 0 0 -1 0 -2 2 2 0 0 0 0 -2 2 0 
0 0 -2 0 0 -1 0 0 -2 0 2 0 0 0 0 0 -1 -2 0 2 2 1 -1 2 2 0 2 0 -2 1 -2 0 0 -2 1 -2 0 -1 2 -1 1 1 1 1 0 0 0 0 0 -1 0 -1 -1 0 1 -1 -2 1 -2 0 0 0 -2 0 2 0 0 1 -1 0 1 0 1 1 0 2 -2 1 1 0 1 -2 0 2 0 -1 0 0 -2 2 1 0 0 0 0 0 0 0 -1 -1 1 0 1 2 2 -1 0 0 0 0 2 -2 0 0 -2 0 0 -1 0 2 0 2 0 0 0 -2 2 0 1 0 0 0 0 1 0 1 -2 -1 2 0 2 -2 0 -2 -1 1 0 0 0 0 0 0 1 -1 0 2 -2 1 0 0 0 0 0 0 -1 0 0 2 -2 -2 1 -1 1 -2 0 1 -2 2 -1 -2 -2 -1 2 -1 -2 0 1 0 2 1 0 2 0 0 -1 1 0 -1 -2 -2 
0 0 0 0 0 -1 0 1 0 1 0 1 -2 -2 0 0 0 0 0 -2 1 2 2 -1 0 0 1 1 1 0 0 -2 0 0 0 -2 0 2 -2 -1 1 -2 0 1 -1 -1 0 1 0 1 -2 0 1 0 0 0 -2 0 -2 0 0 0 0 0 -2 0 -2 0 0 0 0 0 0 -2 0 2 -1 0 0 0 0 0 0 0 -2 0 -1 0 -1 0 1 0 1 0 0 -1 0 2 -2 2 2 1 0 0 0 0 0 0 0 0 -2 0 1 0 2 1 -2 0 0 0 0 -2 0 2 2 0 0 0 0 -2 -2 0 -2 0 -2 -1 -1 1 -2 0 -2 0 0 -1 -1 0 2 0 -2 0 -1 0 0 0 2 -1 0 0 -1 0 0 1 -2 2 -1 -2 0 -1 0 -2 0 0 0 0 -1 1 0 0 -1 0 2 -2 1 0 0 0 1 0 2 0 0 0 0 1 0 2 0 0 0 -2 
-2 0 0 2 -1 0 1 1 -2 0 0 -2 1 0 0 0 0 -1 -2 -1 0 -2 1 -2 1 1 -1 0 0 0 0 0 -2 0 -1 -2 2 0 1 0 0 1 2 -1 0 0 0 0 2 -1 2 -1 0 -1 0 2 2 0 -1 0 2 1 0 2 0 0 0 0 -1 0 0 0 -1 0 -2 0 0 0 2 2 -2 2 0 0 1 -1 1 -2 0 -1 -1 0 1 -2 0 0 0 2 0 0 0 2 0 -2 0 2 1 2 -2 -1 0 0 0 2 0 -2 1 0 -1 0 0 -2 0 1 -1 -1 0 0 0 2 -2 2 0 -1 2 -2 0 2 1 -1 -2 0 0 0 -2 1 0 2 0 0 -2 0 0 0 0 0 -2 1 -1 0 2 0 2 0 0 0 0 0 -1 0 0 0 1 0 0 0 0 0 2 0 -2 -1 0 0 0 -1 2 -2 0 2 0 0 2 0 -1 2 2 0 -1 -1 
0 -2 1 0 2 2 0 0 0 -2 1 0 2 0 0 0 0 0 0 1 -1 -2 0 -1 -2 0 1 0 0 0 2 -2 0 2 0 0 0 0 -1 0 1 0 0 0 0 2 2 2 0 -2 0 -2 1 0 0 0 2 0 0 0 -2 -1 2 1 0 2 2 -1 -2 0 -1 -1 2 0 0 0 0 2 -1 -2 -1 -1 -1 0 1 1 -1 -2 -1 -2 0 1 0 -2 0 1 0 2 -2 0 0 -2 0 0 0 0 0 2 -1 0 0 0 -1 -1 0 0 0 1 0 1 0 0 0 -1 0 0 -2 0 -1 2 -1 2 1 0 0 2 0 0 -2 1 2 0 1 -1 0 0 -1 0 0 0 0 1 -2 0 1 0 2 0 2 0 0 0 0 0 1 0 2 1 0 0 0 2 0 0 2 -1 -1 1 -1 0 0 0 -1 0 0 0 1 -1 1 0 0 -1 0 0 0 0 0 1 -1 0 
-2 0 1 0 0 -2 0 0 1 -1 -1 1 1 0 0 0 -1 0 0 -1 1 0 0 0 1 1 -2 0 -2 -2 2 0 0 -2 2 1 -1 -2 0 -2 1 0 0 0 0 1 0 0 0 2 0 1 -2 1 -2 1 -1 0 2 1 0 1 -2 -2 -1 0 -1 0 -1 -2 -1 -2 0 1 1 0 1 0 0 0 0 0 -2 -1 0 -1 1 0 -1 -2 -2 2 -1 0 -1 -2 0 0 -2 0 0 1 0 -1 1 1 2 -2 0 -2 2 0 0 -1 -2 0 0 -1 0 2 0 0 0 0 0 2 0 -2 0 -1 0 1 1 0 1 0 0 0 0 1 1 0 0 1 0 0 -2 -2 0 0 0 1 -2 0 -1 0 -1 0 0 0 1 -1 0 0 0 0 -1 0 -1 2 0 0 0 0 1 1 0 0 0 0 -1 1 0 2 0 -1 0 0 1 0 -1 -2 0 -2 1 1 0 0 0 0 
0 1 0 0 0 0 0 0 0 0 0 -2 0 2 -2 0 0 0 0 2 1 2 -2 -1 0 2 1 -2 2 0 1 0 2 -1 0 0 -1 0 2 1 2 0 -1 -2 0 -2 0 0 0 1 0 0 0 0 1 -1 1 0 0 -2 0 2 0 2 -2 0 0 0 2 0 0 1 -2 -2 0 0 2 0 -1 0 0 0 0 -1 2 -1 0 2 0 2 0 2 -1 1 2 0 0 2 2 0 2 -2 0 0 -2 2 0 0 1 2 -2 -1 1 -1 0 0 2 -1 -2 1 0 0 -2 -1 0 0 0 2 2 0 -1 1 0 0 0 0 0 0 0 0 0 0 0 2 0 -2 -2 0 0 2 -1 0 -1 1 2 1 1 0 0 -1 -1 0 1 -1 0 0 0 1 2 0 0 0 -2 2 0 1 -1 0 0 1 1 0 1 0 0 0 2 0 2 0 1 -2 0 -1 1 2 0 0 1 0 
2 -1 2 0 -2 2 1 0 2 0 -2 -2 2 0 -1 -2 1 0 0 0 2 0 2 0 -2 2 0 1 0 -2 0 0 -1 2 0 -2 1 0 -1 0 0 0 1 -2 1 -2 0 0 -1 0 -1 -1 1 2 0 0 0 1 0 1 2 0 0 -2 0 1 -1 1 0 -1 2 1 0 0 0 0 2 1 0 0 0 -2 0 0 0 1 -1 2 0 -2 -1 1 0 2 0 1 0 2 0 0 1 -1 1 0 -1 1 -2 -2 0 0 -2 0 0 0 0 2 -1 0 -2 -2 0 -1 0 2 0 0 1 -1 1 0 0 1 -2 2 -2 2 2 0 0 1 1 -1 -2 2 -1 2 0 -1 2 0 0 -1 1 -2 -1 1 0 -2 -2 -1 1 0 0 2 2 2 0 -1 0 2 1 -1 0 2 0 -2 -1 0 0 0 0 0 -1 0 1 0 -2 -2 0 1 -1 2 0 0 -1 -2 0 0 0 0 
0 0 1 -2 2 -2 0 0 0 0 -2 2 2 2 -2 0 -1 0 1 2 0 0 0 1 -2 -2 2 0 0 0 2 0 1 0 1 2 -1 0 0 0 0 0 -2 0 0 2 0 2 0 -1 2 0 -1 0 -1 -2 2 1 0 0 0 0 0 0 0 -2 -2 0 0 -2 1 -1 0 -2 -2 -2 0 0 0 0 0 -1 0 -2 0 0 0 0 2 0 0 -1 -1 0 -2 0 0 -2 2 1 0 -1 0 0 -2 -1 0 2 0 0 0 0 0 1 -1 0 0 0 0 0 0 -2 -2 2 0 0 -2 0 2 1 -1 -1 0 2 0 0 0 0 0 2 1 1 0 0 -2 -2 2 0 0 2 -2 0 -1 2 -1 2 0 0 2 -1 2 2 -1 0 2 0 -1 0 0 -2 -1 0 -2 1 -2 0 -2 2 1 1 -2 0 0 -1 0 1 1 0 1 -1 0 0 1 -2 0 0 2 -1 0 1 
2 2 0 -1 -1 0 1 2 -2 2 0 -1 0 0 -1 -1 0 -2 0 0 -1 1 0 0 -2 -2 0 -1 2 0 0 0 0 2 -1 1 -1 1 0 0 1 0 0 2 -2 -2 0 1 2 0 -2 0 -2 0 0 2 2 1 0 0 -1 -1 0 0 0 0 0 0 0 1 0 0 0 0 0 1 0 0 0 0 1 0 -2 -2 0 0 -2 0 -2 0 2 0 -2 -1 0 -2 2 -1 -1 -2 0 1 0 0 -1 1 0 0 0 0 0 1 0 -1 0 -2 -2 0 1 0 1 -2 -2 0 0 1 -1 0 -1 -1 2 -1 0 0 2 -2 0 -2 0 0 0 2 0 2 -1 0 0 1 0 -2 -1 0 -2 0 0 1 1 2 1 2 2 0 -2 -1 0 -2 2 0 0 0 0 -1 0 -1 2 -2 -2 0 0 0 0 0 0 1 -1 -1 1 1 0 0 -2 0 0 -1 -2 -1 -2 -2 0 0 
0 0 0 2 0 -1 2 1 0 -1 0 -1 0 0 -1 0 1 2 1 -2 0 0 -1 1 2 -1 0 0 2 0 0 0 0 -1 0 0 0 -2 0 2 0 0 0 -2 -1 0 0 0 0 -1 1 0 1 2 0 2 0 2 0 -1 2 -1 -1 2 -2 1 2 -1 -1 0 2 -2 -1 2 0 -2 1 0 0 1 0 -1 0 1 -1 0 0 2 2 -2 0 -2 0 0 0 1 1 -2 -1 1 -2 0 0 -1 -1 -2 0 0 2 0 -2 0 1 0 -1 0 -1 0 -1 0 1 -2 0 0 -2 -2 0 1 0 0 2 -2 2 -2 2 0 1 2 -2 0 0 2 0 -1 0 0 -1 -2 0 1 0 0 0 0 0 -2 0 0 2 0 2 2 1 0 -2 0 1 2 1 2 -1 0 0 -2 -2 1 2 -1 0 1 2 2 1 -2 -1 0 0 0 0 -1 0 0 0 1 0 0 -1 0 -2 0 
0 0 0 0 0 1 1 1 -1 -2 2 -1 1 0 0 0 0 0 2 0 2 0 1 1 0 0 0 -1 0 1 0 0 -2 0 0 -1 2 0 0 -2 -1 -2 0 0 1 0 0 0 -2 0 1 -2 1 2 -2 1 0 0 0 -2 0 0 0 -1 2 0 0 2 -2 2 0 0 0 0 0 1 0 0 0 0 0 0 -2 -1 -1 0 0 -1 1 2 0 0 -1 1 0 0 -2 -1 0 0 1 1 1 0 0 1 1 0 0 1 2 -2 0 0 0 0 2 1 -2 0 0 -1 1 1 0 -2 -2 0 2 -1 2 0 0 0 -2 0 0 -2 0 0 -1 0 -2 0 1 1 0 2 0 -2 0 0 0 1 -1 0 0 0 -2 0 0 1 2 2 0 -2 0 0 0 0 0 1 0 -1 0 -1 1 1 0 0 1 2 -2 0 1 -1 1 -1 0 1 0 -2 2 0 2 0 0 0 -2 0 
0 0 2 0 0 0 0 -2 2 -2 -1 0 0 1 -2 1 0 0 -1 -2 0 2 2 0 0 -1 -1 0 -1 -2 -2 0 -2 -2 0 2 0 2 -2 0 2 0 0 0 1 0 0 0 0 1 0 0 0 -1 1 2 0 -1 2 0 0 0 0 0 2 0 -1 0 2 -2 -1 0 0 0 0 0 0 -2 -1 1 -1 0 -1 -2 0 0 0 2 0 2 1 -1 0 2 0 -1 -1 0 2 -2 0 1 0 2 -1 0 2 0 0 -1 0 1 2 1 0 2 2 0 0 0 1 2 1 2 -1 0 2 0 0 -2 0 0 0 -2 0 0 2 -1 0 0 0 0 -1 -2 2 2 0 0 2 0 -2 0 0 0 0 -2 0 2 0 0 0 2 2 2 2 2 0 -2 0 0 2 0 1 0 1 0 1 1 0 0 -2 1 1 2 1 0 -1 -1 0 0 0 2 -2 -1 -2 0 0 0 1 0 
0 2 2 0 0 0 2 1 0 1 2 0 0 0 0 -2 0 1 2 0 0 -1 -2 1 0 0 0 -2 0 0 2 0 2 0 0 0 0 0 0 0 0 0 0 0 -1 -1 0 1 2 -1 1 0 0 0 -1 0 0 -1 1 0 -1 2 -1 -2 2 0 -1 0 0 1 -1 0 0 -1 -2 2 -1 2 0 0 0 0 1 -2 -1 2 1 -2 0 -1 1 1 0 -1 0 -2 -1 0 -2 1 -2 -2 2 0 1 2 0 0 0 -2 -1 1 0 -2 0 0 2 2 0 0 0 0 -1 0 0 2 0 1 2 -2 0 0 -1 2 -1 0 1 -1 0 1 2 0 -1 1 0 2 0 0 0 -1 0 1 0 0 2 -1 2 0 -2 0 0 0 -2 2 -1 0 -1 1 0 1 0 -2 0 2 -2 0 -2 2 -1 -2 2 0 0 1 0 0 -1 0 2 -1 0 0 1 2 0 0 -2 2 -1 0 
0 0 0 0 0 -2 -1 0 1 1 0 0 0 0 0 2 -1 0 0 -2 0 2 0 -2 2 0 1 2 -2 0 1 0 0 2 2 0 1 2 0 0 -2 0 0 0 -1 -2 -2 1 0 1 1 2 0 0 0 0 1 0 -2 0 0 0 0 0 0 0 0 0 0 2 0 -1 1 -1 -1 0 0 -1 0 0 0 2 -1 0 0 0 0 0 -2 0 2 0 1 0 0 -1 -2 0 0 2 2 -2 2 -1 0 0 0 -2 -2 1 0 2 0 -1 0 1 0 0 1 0 0 0 -1 -1 -1 2 -2 0 -2 -1 2 1 -2 0 0 1 0 -2 -1 0 1 -1 0 2 1 1 2 0 0 1 -2 -2 0 1 -1 0 0 0 2 1 -1 -2 0 0 0 0 0 0 0 -2 0 2 0 0 2 0 0 -2 0 1 0 0 0 0 2 0 0 0 2 2 -2 -1 2 0 -1 -2 0 1 1 0 
0 0 0 0 -2 0 2 2 0 0 0 0 0 0 0 1 0 -2 2 1 0 -1 1 0 -2 0 2 0 -1 0 0 2 0 -2 1 0 -2 2 0 0 1 1 0 -1 -1 1 -1 -2 2 0 -2 -1 0 0 1 -1 -2 0 0 1 0 -1 0 -1 -1 0 0 0 0 0 0 1 -2 1 0 0 -2 0 -1 0 0 2 0 0 -1 0 0 0 0 0 0 0 2 0 -1 0 -2 2 0 0 -1 0 0 0 0 -2 -1 0 1 0 0 0 -2 0 -2 0 0 -1 2 0 -2 0 0 0 0 -1 2 -1 -2 0 0 -1 -1 0 -2 1 1 2 0 -2 2 0 0 1 -2 1 -2 2 0 2 -1 -1 0 1 -2 2 2 0 -1 0 0 0 -2 -2 0 1 0 -2 0 -2 2 0 0 -2 0 0 1 2 1 1 -2 1 0 0 -2 0 0 -1 0 0 -1 0 -1 2 -2 2 -2 0 -1 0 
-1 -2 -1 0 1 0 0 0 0 0 0 0 0 0 -2 0 -2 0 0 0 0 -1 1 -2 0 2 -1 -1 0 -2 2 0 0 0 0 0 -1 -1 -1 0 1 2 0 1 0 0 -1 0 2 0 -2 1 0 1 2 0 0 0 1 -1 1 0 0 -1 0 1 0 -2 2 2 0 1 -2 0 0 2 2 -1 2 0 0 0 0 0 0 2 -1 -2 0 0 -2 -1 0 -2 0 0 0 0 0 1 0 -2 -2 1 0 0 0 0 0 0 0 0 0 2 0 -1 0 0 0 2 0 -2 0 0 2 0 0 1 0 0 1 -1 -1 0 0 0 0 0 0 0 1 0 2 0 1 -2 0 0 0 0 0 -2 1 2 0 2 1 1 0 1 -2 0 -2 2 0 0 0 0 -2 2 0 -1 0 2 -2 -1 -2 0 0 -1 0 0 0 -2 2 -2 2 -1 -2 0 -2 0 0 -1 1 -1 1 0 -2 0 
0 -1 -2 -2 1 0 0 0 0 0 0 -2 0 0 0 -1 0 0 -1 1 0 2 0 0 2 -2 -1 1 1 0 0 1 1 1 -2 0 2 0 0 -2 -1 1 2 -1 0 0 1 0 0 0 0 -2 0 0 0 -1 1 0 -2 -1 -1 0 -1 -1 1 2 -1 0 2 1 0 0 0 2 -2 0 1 2 0 0 0 1 0 0 1 0 0 -1 0 0 0 0 0 -2 2 0 0 0 1 -1 0 0 -2 2 1 0 0 0 0 0 0 -1 0 1 2 0 0 -2 -2 -2 0 -2 1 1 -1 0 0 0 0 0 -1 0 -2 0 0 -1 0 0 1 -2 1 -1 0 1 -1 1 2 0 0 0 0 -1 -1 0 -2 1 -2 2 2 -1 2 1 2 -1 0 0 0 0 0 0 0 1 -2 2 0 -1 0 0 1 0 -2 -1 0 0 0 -1 0 0 -1 0 0 0 1 0 -2 0 -2 -2 0 -1 
0 1 0 0 0 1 -2 0 0 0 -2 2 -1 0 0 0 2 1 0 2 0 0 -2 2 0 0 0 0 0 0 1 2 0 1 0 0 -2 0 0 0 1 0 1 0 0 1 0 0 0 0 0 2 2 -1 0 0 -2 -1 2 0 -2 0 2 0 0 0 0 0 -2 0 2 2 0 -1 1 0 0 2 1 1 1 -2 0 2 2 0 0 1 1 0 -2 0 0 0 -1 2 -2 0 0 0 2 -1 0 -1 1 1 1 0 0 0 0 1 2 0 -1 -1 0 -1 -1 0 0 -2 -1 0 -2 0 0 0 0 0 -2 0 1 -2 0 0 -1 0 -2 -1 0 0 -1 2 1 0 0 0 0 0 0 0 0 2 1 -1 0 -2 0 -1 2 0 0 1 0 0 0 1 1 0 0 0 0 2 -2 -2 1 -2 2 0 0 0 2 0 1 -1 0 -2 0 0 1 -2 0 -2 0 0 0 -2 0 0 
-1 0 -2 1 0 0 1 -1 -2 2 0 2 0 -2 0 0 1 0 1 0 -2 -1 -2 2 2 -1 1 0 0 0 -1 0 1 0 -1 1 0 0 0 0 2 2 1 0 -2 1 -1 1 0 -2 1 0 0 0 -2 1 -2 -1 0 2 -2 0 -1 -1 0 0 0 0 0 0 0 1 -1 -2 0 -1 0 0 1 1 0 0 0 2 0 2 -2 0 0 0 0 0 2 -1 0 -1 -2 0 0 0 0 0 -2 2 -2 0 -1 -1 0 -1 -2 2 0 1 0 1 -1 1 1 1 -1 2 2 0 -1 0 0 0 1 0 0 0 0 0 -1 0 1 0 0 0 0 1 0 2 0 0 0 0 -2 1 0 2 0 -1 2 -1 0 0 2 -2 -2 -1 -1 0 0 0 -2 0 0 0 0 0 0 2 0 0 2 0 0 2 -1 2 2 -1 1 0 0 0 0 2 0 1 -1 0 0 0 0 -1 0 0 
0 -2 0 0 0 -2 -2 -1 -2 -2 0 0 2 0 0 -2 0 0 0 0 2 0 0 -2 2 0 2 0 0 0 -1 0 1 0 0 -1 1 1 -1 0 -1 1 0 -1 0 1 -2 -2 1 0 -2 1 -1 2 0 0 -2 1 2 -1 0 0 -1 -1 0 1 2 -2 1 0 2 -1 0 0 1 -2 1 0 2 0 -1 0 0 -1 -1 -2 0 -1 2 0 -1 -2 -2 2 1 2 0 -1 0 0 0 -1 -1 0 -2 0 -1 -1 1 0 2 0 0 0 -2 -2 0 0 0 1 1 0 1 0 2 0 0 0 0 -2 0 1 0 0 0 0 0 -1 0 0 2 0 0 2 0 0 0 0 -1 0 0 2 2 -1 0 0 -1 -2 0 0 0 0 0 -1 0 2 -1 -1 -1 0 -1 2 0 -2 2 2 0 0 0 -2 0 0 0 -1 0 0 0 0 2 2 0 -2 0 0 0 0 0 1 0 -1 
0 0 2 0 -1 -2 -1 0 -1 0 -2 1 -1 0 0 -2 -1 -2 -2 0 0 0 1 1 0 0 0 -1 0 0 1 0 -2 -1 0 2 2 -2 -2 1 1 0 0 1 -2 0 -1 2 1 0 -2 -2 0 -1 0 -1 -1 0 -2 1 0 0 -2 0 -2 0 2 0 -1 0 0 0 1 -1 1 2 0 0 0 -2 -1 0 0 0 0 0 2 -2 2 0 2 0 0 -2 0 0 0 -1 2 1 -2 2 -2 0 1 0 0 0 2 0 0 0 2 -1 -1 2 -1 2 0 -2 0 0 0 1 0 0 -2 1 0 -2 0 0 -1 -1 0 0 0 0 -2 -2 -2 0 0 0 0 0 0 -1 -1 0 1 1 0 2 0 0 2 0 1 -2 -1 -2 -1 0 2 0 0 -1 0 -2 1 -2 0 -1 0 0 0 1 0 0 0 1 -2 0 0 -1 2 1 0 2 1 -1 0 0 2 0 0 0 0 2 
0 2 0 0 0 0 0 0 2 0 0 -2 2 0 0 -1 -1 2 -1 -2 0 0 0 -1 0 2 -1 1 0 -2 0 0 0 0 0 0 -2 0 1 0 0 0 0 0 2 0 2 0 0 0 -2 0 0 2 -1 0 0 -1 0 0 -2 0 2 2 2 1 -1 -1 1 0 -1 0 0 0 0 0 0 -2 0 0 1 2 0 -1 0 0 0 1 0 0 0 2 1 0 0 -1 0 0 0 0 -2 0 2 0 0 0 2 -2 0 0 0 0 0 -1 0 0 0 1 1 0 0 2 2 2 0 0 0 2 0 0 0 -2 0 0 -1 0 2 -2 0 -2 0 0 -2 -1 0 -2 2 0 -2 1 -2 0 -1 0 0 0 2 0 2 -1 0 0 0 -2 2 0 0 0 0 0 0 0 0 1 -2 0 -1 0 1 0 1 -1 0 0 -1 -2 -2 0 0 -2 1 -2 0 2 -2 0 0 0 2 0 
0 2 0 0 1 0 0 -1 2 0 0 0 -2 2 0 0 -1 0 0 0 -1 -2 -2 -2 1 0 0 0 0 0 0 0 0 -1 0 0 0 -1 0 0 0 0 -2 -1 0 2 2 0 0 2 0 2 -1 -1 0 0 2 -2 -1 2 -2 2 0 -2 0 1 -2 0 0 0 0 2 0 2 2 0 1 -1 0 -2 0 1 0 0 0 -2 0 -1 2 -2 0 -1 0 -2 1 0 2 1 1 2 0 0 2 2 2 0 2 1 -1 0 0 0 1 0 0 0 0 1 0 0 -1 1 0 0 2 -2 -2 -1 0 -1 0 0 2 0 -1 0 0 0 -1 1 0 0 2 0 0 0 0 0 0 1 2 1 0 0 0 0 1 0 0 0 1 2 0 -1 1 0 0 -1 0 0 -1 2 0 -1 0 0 1 2 2 -1 -1 -1 2 -2 0 0 -1 2 0 0 0 1 1 1 0 -1 0 -1 0 0 
2 -2 0 0 0 0 0 0 -1 2 0 -2 2 0 2 0 -2 0 2 0 1 0 -1 2 -2 -2 0 -2 0 -1 0 1 0 1 1 0 0 0 1 -1 0 -1 2 0 0 2 -1 2 0 0 2 0 0 2 -2 0 -2 0 0 0 2 0 -1 0 2 0 0 -1 1 -2 0 2 0 0 2 0 0 0 0 0 2 -2 0 1 2 0 0 0 1 0 0 0 0 -2 0 -1 -1 2 1 -2 0 0 0 -2 -2 0 -1 0 1 2 0 -2 0 -1 -1 0 0 0 -1 0 2 0 0 0 0 -1 -2 1 0 0 0 2 0 1 -1 0 0 2 0 2 0 0 0 -2 0 -2 0 0 2 -2 -1 0 0 -2 0 2 1 2 0 0 0 -1 -2 -2 0 0 0 1 0 0 0 0 1 -1 1 0 0 1 2 0 0 0 0 1 -1 0 0 -2 -2 0 1 0 0 0 1 -2 0 0 -2 0 
-1 0 0 -2 0 0 0 2 1 -2 0 0 0 0 0 2 0 -2 0 0 1 0 0 0 0 1 0 0 0 0 2 0 1 -2 -1 -2 -2 0 0 -1 -2 0 0 2 1 -1 2 2 0 0 2 0 2 -2 0 1 -2 2 0 2 -2 0 2 0 2 0 1 0 1 -1 0 -1 2 2 -1 2 0 0 0 0 0 2 1 -1 -2 0 1 -1 1 -1 -1 1 -1 -2 2 1 -2 0 2 1 0 -1 -2 0 0 0 0 0 0 0 0 -2 -2 0 -2 1 0 0 -1 -1 0 -2 0 0 -1 0 0 0 0 2 0 2 1 1 2 -2 2 1 1 -2 -2 -1 0 0 0 0 1 0 -2 0 -2 0 0 -2 0 0 2 1 0 0 0 1 0 0 2 0 -1 1 -2 -1 -1 2 0 1 0 -1 1 0 -2 2 1 2 0 1 -2 0 0 -2 0 0 2 0 -2 -2 0 -2 2 0 -1 0 
0 1 0 -1 0 0 -2 2 -2 -1 1 -1 0 -1 0 -1 0 0 1 1 0 0 0 0 0 1 2 0 -1 1 0 0 1 2 -1 -2 0 0 0 0 1 2 0 0 -2 -1 -1 -2 0 -1 -1 0 -2 -2 -2 -2 0 -2 2 0 -1 0 2 0 0 2 -2 0 0 1 0 0 -2 1 0 0 0 0 0 0 0 0 2 -1 -1 0 1 0 2 0 -2 2 0 0 0 0 -2 0 0 -1 -2 -2 0 -1 2 1 0 1 0 0 -1 -1 -2 0 0 1 -1 0 -1 2 0 0 -2 1 0 0 1 0 0 1 0 2 0 0 0 0 0 1 0 2 -1 0 0 -1 2 0 0 0 -1 -2 0 0 -2 0 1 0 1 0 -2 0 2 0 0 1 2 -2 0 0 0 0 0 2 2 0 0 -2 0 1 0 -1 0 2 0 0 0 1 1 2 1 0 -2 1 0 -2 0 0 -1 2 -2 2 
2 -2 2 0 0 -2 2 -2 0 -1 1 2 0 2 0 1 1 -1 0 -2 0 0 2 -1 0 0 -1 0 0 0 0 0 0 -1 1 -1 0 1 -1 0 1 0 -2 0 0 1 -2 0 1 0 2 -1 0 2 -2 1 2 0 2 0 2 2 -1 1 0 0 2 0 0 -1 0 0 0 0 0 1 -1 2 0 -2 0 0 -1 -2 0 0 -2 0 0 1 1 -1 0 0 -1 -2 1 -2 -1 0 0 -1 1 0 0 0 0 -2 -2 -2 -2 2 0 0 0 -2 -1 -1 0 -1 -1 -2 1 0 1 0 -2 0 0 -2 0 2 0 -1 -2 1 0 0 0 -2 0 0 0 2 -2 -1 1 0 2 1 0 -2 -1 -2 0 2 0 -1 0 0 0 -2 1 0 2 0 2 0 0 0 0 -2 0 -2 0 -2 2 0 0 -1 -2 2 -1 0 0 0 0 -1 0 0 0 -2 -1 0 -2 -2 0 -2 0 -2 
-1 -1 0 2 0 1 2 0 0 1 2 2 0 0 0 0 -1 1 0 0 2 1 -2 0 0 0 0 0 -2 -2 0 0 2 0 0 1 2 2 0 0 0 1 -2 -2 0 0 1 0 1 -1 0 1 -2 0 0 1 0 2 -1 0 2 1 1 2 -1 0 0 0 -1 2 1 0 -2 -2 -2 -2 0 -1 0 -2 1 2 0 0 0 0 -2 1 -2 -1 0 -1 0 1 1 -1 0 0 0 0 2 1 1 2 -2 -2 -1 -2 0 0 2 0 -1 0 -1 -2 0 0 -1 0 0 1 1 0 0 -1 2 1 -2 0 -2 -1 0 0 -2 0 2 2 0 0 0 -1 -1 -2 0 -2 0 1 0 0 0 2 2 0 0 0 0 0 0 -2 -2 0 2 0 0 2 0 2 0 1 0 0 1 0 0 2 -1 0 -2 0 0 0 -1 1 0 -1 -2 0 -2 0 1 -1 -1 1 0 2 -2 1 0 -1 
2 1 2 2 1 0 2 -2 0 0 2 0 -1 1 -1 -2 1 0 0 2 -2 1 2 0 2 0 -2 -1 0 0 -1 1 2 2 0 1 -2 0 2 -1 0 1 0 0 0 -1 0 0 0 -1 -1 -2 2 -1 1 1 0 -2 -2 0 2 0 0 1 1 0 0 0 2 1 -2 0 -2 0 0 0 2 -1 2 1 -1 2 0 -2 0 -1 0 -2 1 2 -2 2 0 0 0 0 0 0 -2 2 -1 0 2 -1 0 0 -2 0 -1 2 -2 -2 0 0 0 0 0 0 1 -2 -1 -2 -2 0 -2 -2 1 0 0 0 0 -2 0 0 0 -1 -1 -2 0 0 0 0 0 0 0 0 0 2 2 0 0 2 0 0 -2 0 0 0 0 1 0 -2 0 -2 1 0 -1 1 2 0 0 0 0 0 1 0 0 0 0 -2 0 0 0 -2 1 2 0 -1 0 1 0 2 0 0 -2 0 2 2 -2 -1 
0 0 2 -1 0 2 -2 2 0 0 0 0 0 2 2 1 0 0 0 0 -1 0 -2 1 2 2 -2 0 0 0 0 1 0 1 0 0 0 0 1 0 2 2 0 0 0 0 -2 0 -1 0 0 0 0 -2 0 0 0 -1 0 0 0 -1 0 0 0 0 -1 1 1 1 -1 -1 0 0 0 -2 1 0 -1 1 0 0 0 0 2 -2 0 1 -1 0 2 2 -2 -2 -1 0 0 1 0 2 -2 0 0 -1 -2 0 0 -2 -1 -2 0 -2 2 1 -2 0 0 -2 0 2 0 -1 1 2 1 -2 2 0 0 -1 0 -1 1 1 -2 0 0 0 0 0 2 -1 0 -1 2 0 0 -2 0 -2 -1 2 1 -1 0 0 2 1 2 1 0 0 -1 0 -2 -2 1 0 -2 -2 0 0 -2 -2 1 -1 0 0 0 0 -1 0 1 0 -1 0 0 0 -1 2 0 1 -1 -1 2 -2 -2 0 0 0 
-2 0 -1 1 -2 0 0 0 -2 2 -2 0 2 2 0 0 2 -1 -2 -1 0 0 -1 0 0 -2 -1 0 0 0 0 -2 0 0 -1 -2 2 2 -2 0 -1 2 -1 0 -2 -2 0 1 0 0 0 0 0 -1 0 1 0 -1 0 0 0 0 -2 2 0 0 0 1 0 0 0 2 -2 1 2 0 -2 2 -1 0 0 2 2 0 0 2 -1 0 0 0 2 -2 -2 1 -2 1 0 0 -2 0 -2 2 -2 0 1 0 2 0 0 -2 1 0 0 0 0 1 2 2 2 0 0 1 1 2 0 2 2 -2 2 2 0 1 0 0 0 1 -1 0 2 2 1 0 0 -1 0 0 2 0 2 0 0 0 -2 0 -2 -2 2 -1 0 0 0 0 -2 1 1 -1 0 0 0 -1 0 0 0 -1 2 -1 0 -1 2 0 -2 -2 0 2 0 -2 -1 2 -2 0 -2 -2 0 0 1 2 1 0 2 0 
0 2 -2 0 -1 1 0 0 -2 2 0 -2 2 2 1 1 0 0 -2 0 0 2 1 1 0 0 0 0 0 -1 0 -2 0 2 0 2 0 0 1 0 1 -1 2 0 2 0 0 -1 2 0 -1 1 0 -2 -2 -1 0 0 2 -1 1 -2 2 0 0 0 0 0 -1 -1 0 -1 0 1 0 0 -2 2 1 0 2 -2 0 2 0 1 0 -1 0 0 0 -2 1 2 0 1 2 0 -2 0 2 0 1 0 0 -2 0 2 0 -1 0 -1 0 2 1 0 1 2 -2 1 0 0 1 0 1 -2 2 -2 -1 2 0 1 0 0 2 0 0 0 1 0 -2 1 1 0 0 0 -1 0 0 -1 1 0 -1 -1 2 0 -1 0 0 0 0 -2 0 1 0 -1 0 -2 1 0 -1 -2 -1 0 1 0 1 -2 0 0 0 2 0 0 0 -2 0 0 -2 -1 -1 1 0 0 -1 2 -1 1 1 0 
0 2 0 0 2 0 0 0 0 2 2 -2 0 0 0 -2 1 1 2 0 0 2 -1 0 0 -2 1 1 0 0 2 0 -1 0 0 0 0 -2 1 0 0 0 -2 0 -2 0 -1 -2 0 -1 0 -2 -1 1 0 -1 2 -1 -2 -2 0 0 2 1 1 0 0 2 0 0 1 -2 0 0 0 0 0 -2 0 0 0 0 0 0 -1 0 0 0 1 0 -1 0 0 2 -1 0 2 2 0 0 -2 -1 0 0 2 0 0 2 1 -2 0 0 2 2 0 0 -1 2 2 2 -2 -1 -2 2 0 1 0 0 0 0 0 -2 0 0 0 2 -2 -2 -1 0 -2 0 0 2 1 0 1 0 2 -2 -1 0 2 -2 0 1 0 2 0 0 0 0 -2 -1 0 1 0 -1 0 0 1 0 -1 2 0 0 -2 -2 0 0 1 0 1 0 1 2 0 0 1 1 0 0 2 2 0 0 0 2 -2 0 
0 -2 -1 -2 0 -2 0 0 -1 0 -2 1 0 0 -1 0 0 0 -1 0 2 0 0 -2 0 0 1 -1 0 -1 1 0 0 0 1 0 0 0 0 -1 2 -1 0 -1 2 0 -1 -2 -2 2 0 0 2 -1 0 -1 -2 2 0 0 -1 0 -2 0 1 -2 -1 0 0 0 1 2 -1 1 0 0 2 0 2 -2 -2 0 0 0 0 0 0 2 1 -2 1 2 2 0 0 0 0 -1 0 2 -2 0 0 1 1 0 1 0 0 2 0 0 0 0 0 -2 -1 0 0 1 0 0 0 -2 0 0 0 0 -1 1 -1 0 0 0 -2 2 0 0 -1 2 0 1 1 0 0 -2 0 -1 2 0 -2 0 -1 -2 0 2 2 0 0 0 1 0 -2 2 0 0 -1 1 0 0 0 2 1 1 2 0 0 -1 0 0 0 -1 0 0 2 2 0 0 0 0 0 0 0 -1 0 0 2 -2 1 0 
0 -2 2 -1 1 0 -2 -1 0 1 1 -1 0 0 -2 -1 2 0 1 1 -1 0 2 2 0 0 -1 1 0 0 0 -1 0 1 -2 1 0 -2 1 0 2 0 -1 0 1 0 0 0 0 0 0 -1 -2 0 0 0 0 2 0 0 0 1 1 -2 0 1 0 0 -2 -2 0 -2 0 -1 -2 1 0 -1 0 1 0 1 0 -2 0 2 0 0 -1 0 -2 -2 2 0 1 0 0 -1 0 1 -1 0 2 0 -2 0 -1 0 -2 -1 2 1 1 0 0 1 0 0 -1 -2 0 -1 1 0 0 0 -1 0 0 -1 0 0 0 0 0 0 0 -2 -2 1 0 0 0 0 -1 -2 -2 1 2 0 -1 1 2 0 0 0 0 2 0 -1 0 0 0 0 1 2 0 -2 0 -1 0 2 -2 0 2 0 -2 0 0 0 -1 0 0 2 0 0 -2 0 0 -2 1 -1 -1 1 0 -1 0 0 0 0 
0 0 2 2 0 0 -1 0 0 1 -1 1 -2 0 2 -2 -1 1 -2 0 -1 0 0 0 -1 -1 2 1 1 1 0 0 -1 1 -1 2 0 0 1 -1 -2 0 1 -2 2 1 1 0 0 0 2 0 -2 2 -2 0 2 0 0 2 -1 0 0 -1 0 2 0 -2 2 0 0 0 0 2 0 0 0 0 1 0 0 -1 0 2 -2 0 0 0 -1 0 0 -1 2 0 -2 0 0 0 2 2 -1 -2 -2 0 -2 0 0 0 2 0 0 -2 -1 2 0 -1 0 0 0 -2 0 -2 2 2 2 -2 2 -1 -2 0 0 0 2 0 2 0 0 0 0 1 0 -1 1 0 2 1 0 -1 0 -2 0 1 0 1 2 0 1 0 0 1 -1 0 -2 0 2 0 2 0 -1 2 1 0 0 0 1 0 0 -2 2 0 0 -2 0 2 -2 0 0 0 0 -2 0 0 0 0 0 2 0 1 1 0 
1 0 0 0 -1 0 2 0 -2 0 -2 2 1 -1 1 -2 -2 -1 0 -2 0 0 1 -2 0 2 1 1 -1 -1 1 0 0 -2 0 -1 0 0 0 0 0 -2 0 1 1 0 -1 -2 0 0 -2 -1 2 0 2 0 0 0 0 2 -1 1 -2 0 -2 1 0 0 1 0 2 0 2 0 0 -2 0 0 2 0 -2 0 0 0 0 0 0 0 0 0 -1 2 0 1 -1 0 0 -1 -2 0 1 2 0 2 -1 1 0 0 1 0 1 1 0 0 2 0 0 0 0 -1 1 0 0 1 -2 0 -2 0 0 -2 0 0 1 0 -2 0 0 -2 0 0 0 0 2 0 -1 -1 -1 0 0 2 0 1 2 0 0 2 1 0 0 -1 0 1 1 0 0 0 0 0 0 1 0 0 0 -1 0 0 -2 0 0 -2 1 0 -1 2 0 1 2 1 1 -1 0 0 -2 0 0 -2 0 0 0 -1 
1 -2 2 -2 0 -1 1 0 -2 0 2 2 0 2 0 -2 -2 0 1 0 0 0 0 -2 2 2 0 1 0 2 -2 0 1 0 -2 1 0 0 -2 1 2 0 0 0 0 0 -1 2 -2 0 2 -2 2 2 0 0 0 -1 0 1 0 0 2 2 0 1 -1 1 0 0 0 -2 0 2 1 0 -1 0 -1 1 1 0 0 0 2 1 0 0 -1 0 1 -1 0 0 1 0 2 0 0 0 -2 0 2 -2 0 2 -1 -2 0 0 1 0 -1 0 0 -2 -2 -1 0 1 2 -2 -2 0 1 0 -1 0 0 0 0 0 -2 0 0 -2 0 0 0 0 0 0 -2 0 2 1 0 -2 -2 -2 2 0 -1 0 -1 0 0 0 0 0 1 0 0 2 1 1 1 0 -2 -1 1 -2 -2 0 -1 2 0 2 0 0 0 0 0 1 0 2 0 1 0 1 -2 -1 -2 -1 0 2 -1 0 2 0 
0 0 1 -2 -2 0 0 0 0 0 0 0 0 0 0 0 0 0 1 -1 -2 0 -2 0 0 0 -1 -2 0 0 2 1 1 0 -2 2 -1 2 -2 0 0 -2 -2 1 0 0 -2 -2 -2 2 0 -1 2 0 2 0 0 0 1 0 -2 0 2 -2 2 0 -1 -2 -1 1 0 0 0 0 0 -2 -1 -1 0 0 0 0 0 -2 0 -1 0 0 2 0 0 0 0 0 -1 -1 0 0 0 1 -2 2 -1 0 -2 2 1 0 1 0 0 0 0 0 2 0 2 2 -1 0 0 0 0 0 2 0 1 2 -1 1 1 0 0 -1 2 0 1 0 -2 -2 -2 0 1 1 1 2 0 1 1 -2 0 1 0 0 -1 0 0 -1 0 2 0 2 1 -2 -2 0 0 0 0 0 0 1 0 2 0 0 0 -2 0 0 0 0 2 0 0 -2 1 -2 -2 0 1 2 0 0 0 1 0 2 0 -2 
0 0 2 -1 0 0 0 0 -1 -1 0 0 -2 2 2 0 0 0 -1 -2 -1 -1 0 2 0 0 0 -1 2 -2 1 0 0 0 -1 0 2 0 -2 0 -2 0 0 0 0 2 0 0 0 2 1 -2 0 0 2 2 1 2 0 0 2 0 -1 0 0 -1 0 2 0 -2 0 2 2 0 -2 0 -1 0 0 0 0 0 1 -2 -1 0 2 -1 0 0 0 0 -2 0 0 -1 1 0 -1 0 -2 0 0 -2 0 0 1 0 -2 0 1 2 -2 0 0 -2 0 2 2 -1 -1 0 -1 0 0 2 -2 2 0 -1 0 2 -1 0 0 0 0 0 -2 -1 0 -2 0 0 1 -2 0 0 -1 2 2 0 2 0 0 0 2 0 -2 0 0 0 0 -2 0 0 2 0 0 0 2 0 0 0 0 -1 -2 -2 0 0 -2 1 -1 0 0 0 0 -2 1 2 0 0 0 0 1 -2 1 0 1 0 
0 0 0 1 0 -2 2 0 -1 0 -1 0 0 0 2 2 -1 0 2 2 0 0 0 -1 1 0 0 0 0 0 2 -1 -2 -2 0 2 0 0 0 0 0 1 0 0 0 0 -1 0 -2 0 0 2 0 0 0 0 0 0 -1 2 -1 0 2 0 0 0 2 -1 1 -2 0 0 -2 1 1 -2 -2 2 0 0 1 -2 -2 -2 0 0 0 0 -2 0 0 1 2 1 -2 0 0 -1 1 0 0 -2 -1 1 0 0 -2 1 -1 2 1 2 0 -2 1 2 0 0 0 -2 1 0 2 0 0 0 -1 0 -2 2 0 0 0 -2 -2 0 -2 0 0 0 0 -2 -2 1 2 1 0 0 -2 1 0 0 0 0 -2 0 0 2 0 -2 -2 0 0 0 0 2 0 0 0 0 -2 0 0 -2 -2 0 0 0 -1 -1 -1 1 -1 -2 -1 2 0 0 0 0 0 2 0 2 0 0 2 -1 0 0 
0 2 -2 0 0 0 0 0 -1 1 0 1 2 0 -1 0 0 0 1 0 -1 2 0 -1 1 2 1 0 -1 -1 -1 0 0 0 0 0 -1 0 2 1 0 0 2 2 2 0 2 0 -1 1 0 0 -1 1 0 -2 0 0 -1 -2 -1 0 0 0 0 -2 0 2 0 0 2 -1 1 2 0 0 1 1 1 1 0 0 0 0 1 0 0 1 0 0 -2 2 0 0 -2 2 0 0 2 0 0 2 0 1 0 -1 1 1 0 0 -2 -2 -1 0 -1 2 2 -1 1 1 0 -1 -1 -1 2 0 0 -2 0 0 1 1 1 -2 -1 0 2 0 0 0 -1 0 0 2 0 1 0 0 0 0 0 0 1 0 0 0 0 0 -2 0 0 0 0 -2 -1 0 2 0 2 0 1 0 0 0 1 0 -2 2 -2 0 -2 -1 0 0 2 1 2 -2 1 0 0 0 1 2 2 0 0 -1 0 0 
-2 2 -2 0 0 -1 0 -1 1 0 1 0 -1 0 0 2 -2 -2 0 0 0 1 0 1 -1 0 1 0 0 0 2 -2 0 1 0 0 -1 2 1 2 0 -2 -2 2 0 -1 0 0 0 0 1 0 0 0 -1 0 -2 -1 0 -1 0 2 0 -1 0 0 2 0 2 0 0 -2 0 -1 -2 0 0 0 0 0 0 0 2 0 0 -2 0 1 0 1 -1 0 -2 0 -2 0 0 0 1 0 0 0 1 0 2 1 -1 0 0 0 -2 0 0 0 0 1 0 0 0 -1 0 2 1 0 1 -2 -1 2 -1 1 0 -1 0 0 0 2 -2 -2 -1 2 1 0 -2 2 0 0 0 0 2 -1 0 0 1 -2 -2 -2 0 -1 -2 0 -1 0 1 -1 0 0 -2 0 2 2 0 0 0 0 0 1 -2 0 -2 0 0 -2 0 0 0 -1 -2 -1 -2 0 1 0 -2 1 2 2 0 -1 -2 -2 
1 2 0 0 0 0 1 -1 -1 2 -1 1 -1 0 0 0 0 2 2 0 0 0 -1 2 0 0 1 -2 -2 0 2 -2 -2 0 0 1 0 0 2 -2 0 0 -2 0 0 2 -2 0 1 2 2 1 2 2 0 0 -2 1 -2 -2 1 -2 1 0 2 0 2 2 2 -1 -2 2 0 0 0 2 2 -1 0 1 0 -1 0 0 2 -1 0 0 -1 0 0 -1 0 0 -1 -1 0 -2 -2 1 -1 -2 1 0 -1 0 -2 0 1 0 0 0 0 -1 2 -2 -1 0 0 2 0 0 0 -2 -2 0 -1 0 -1 -2 0 0 1 1 -1 -2 0 0 0 0 0 -2 1 -1 0 1 -1 -1 0 -2 -1 -1 0 1 0 1 1 2 0 -1 1 0 -2 0 -1 0 -2 0 1 -2 1 1 1 -1 0 -2 -1 0 0 0 1 2 -2 0 1 -2 -2 -2 1 0 0 2 1 0 0 -2 2 2 1 0 
0 0 0 0 0 0 0 0 0 0 -2 0 1 2 1 2 2 0 -1 0 0 0 0 -2 0 -1 0 -1 2 0 2 -1 1 1 -2 -1 0 0 0 2 1 -2 0 0 1 2 1 0 0 0 0 0 2 -2 0 -2 2 0 -1 0 0 0 1 0 0 0 0 -2 1 1 2 -2 0 -1 0 1 -2 0 -2 -1 2 1 1 -2 0 -1 0 2 0 0 0 2 1 1 2 2 -2 1 1 0 0 0 0 -2 0 0 1 0 -2 0 0 1 2 -2 0 0 -2 0 2 1 2 0 0 0 -2 1 0 -1 0 0 -1 2 -1 -1 0 0 -2 -2 0 -2 2 2 0 -2 -2 1 0 0 2 1 -1 0 1 0 0 0 0 0 0 -1 -1 0 0 0 -1 2 1 0 0 1 -2 -2 0 0 0 -1 -1 1 0 2 -1 1 0 0 0 0 0 0 0 1 -2 1 0 0 2 0 -2 0 0 1 
2 -1 0 0 -2 -1 2 -2 -1 -2 1 0 0 0 0 1 0 0 1 0 0 0 1 2 0 0 0 1 0 0 0 -2 0 -1 1 0 0 0 0 0 -2 0 0 2 0 -1 0 0 0 0 0 1 0 0 2 1 0 0 0 2 2 0 0 0 2 0 2 1 1 0 -2 2 0 0 0 0 2 0 0 0 2 -1 0 -2 2 0 0 2 0 0 -1 2 -2 0 0 0 2 1 0 -2 0 0 0 0 0 -2 1 0 1 -2 0 0 0 0 0 2 0 2 0 0 2 0 1 0 0 -1 1 1 -2 2 0 0 0 -1 0 0 0 -1 0 2 1 0 2 0 -2 0 0 0 2 0 0 1 1 0 -2 0 2 0 0 -2 2 2 0 -2 0 -1 -1 0 -1 0 0 0 -2 0 0 0 -1 0 1 -1 0 0 -1 0 -2 0 -1 -1 -1 2 2 -2 0 0 0 2 0 -1 0 -2 
1 2 0 0 -1 -1 1 0 0 0 0 0 -1 2 -2 2 1 0 0 0 -1 0 0 0 0 -2 0 -2 -2 0 0 0 0 0 0 -1 -2 1 0 0 0 1 -2 1 1 0 0 2 0 -2 -2 -1 0 0 0 0 0 0 -1 -2 0 -1 1 0 0 -1 -2 1 0 0 1 0 0 0 0 0 -1 -1 0 -1 1 0 0 0 0 2 -2 0 0 -1 2 1 0 2 -2 -2 2 0 0 -2 1 0 0 1 -1 0 0 0 0 0 0 0 0 0 -2 -1 -2 2 0 -1 -2 0 -1 0 0 -1 -1 2 0 0 0 -2 2 0 0 0 0 0 0 0 -2 2 1 -1 0 0 -2 0 0 -2 0 -2 0 -2 -1 -2 0 0 0 2 0 1 0 1 0 -1 -2 2 0 0 0 -2 0 0 -2 2 0 0 0 -2 -1 0 2 0 -1 2 0 0 0 2 2 -2 2 0 -1 0 -2 0 0 0 
-1 0 0 0 0 0 -2 1 -2 1 2 1 0 -1 -1 1 -1 0 2 0 0 -2 0 -1 2 1 0 2 0 0 -1 1 1 2 -1 0 1 -2 1 0 0 0 1 -1 0 -2 -2 0 0 -2 -2 -2 0 0 0 0 -1 0 2 -1 0 0 2 1 -1 2 -1 0 1 0 2 1 1 0 0 0 2 1 0 1 -2 0 0 2 -2 0 0 -1 2 2 0 1 0 -2 -2 2 1 1 0 0 2 -1 0 -1 0 1 0 0 0 0 0 1 1 -1 0 2 1 1 -2 -2 0 0 -2 -1 1 0 0 0 0 -1 2 2 -2 -2 0 0 -2 -1 -2 1 0 -1 0 -2 1 0 1 -2 -2 2 2 2 0 0 -1 0 0 0 2 2 -2 0 0 0 -2 2 -1 0 0 0 0 0 0 2 -2 0 1 1 0 -1 0 1 0 -1 -2 1 2 0 0 0 0 -1 0 2 -2 2 2 2 -2 0 
0 0 1 0 0 0 -2 -2 0 0 1 0 0 0 0 0 0 0 0 -1 0 1 2 0 -1 -1 0 -2 -2 0 0 1 0 -1 1 -2 -2 0 -2 0 0 0 0 -2 0 0 0 1 0 0 0 -1 0 0 0 -1 0 0 0 2 0 2 0 0 0 0 1 0 2 1 0 0 0 -1 0 0 1 -2 2 -1 0 -1 0 2 0 2 0 0 0 -2 0 0 1 0 -1 -1 0 -2 0 0 1 1 0 0 -1 -1 0 -1 0 -1 0 -2 0 0 0 0 -2 0 0 -2 1 0 0 2 0 -1 0 0 0 -2 -2 0 0 1 0 0 -2 0 0 0 -1 0 0 1 0 2 1 0 0 0 0 1 1 0 -1 -1 0 -2 -1 -2 -1 0 0 2 0 0 0 0 0 0 0 -2 0 2 0 -2 0 2 -2 -1 -2 0 0 -1 0 0 0 2 1 -2 2 0 -2 0 0 0 2 0 -2 1 
1 2 0 1 0 0 -1 0 2 1 2 0 0 1 -2 1 -2 2 -1 0 0 0 -2 -2 0 -1 -2 0 -2 0 -1 -1 -1 0 1 0 -1 1 -1 0 0 0 0 -2 -1 2 -1 -1 -2 2 0 0 0 0 -1 2 1 0 0 0 -2 0 -2 -1 0 1 0 2 0 0 0 0 0 0 -1 0 -2 0 2 0 -2 0 -1 0 2 0 -1 -1 2 0 0 1 0 1 1 2 2 0 0 -1 -2 -1 0 0 0 0 0 -2 0 2 0 1 0 2 1 0 2 2 0 0 2 1 0 -2 2 0 0 -1 1 -2 0 0 0 -1 2 2 0 0 2 1 -2 0 0 0 1 -1 0 0 2 -2 0 -2 -1 -1 -2 -2 0 1 2 -1 0 0 -2 0 0 0 -1 2 2 0 2 0 -1 1 -2 -2 0 0 2 -2 -1 -1 0 1 0 0 0 0 -2 -2 -1 1 -2 0 0 0 0 0 0 0 
0 -1 2 2 2 -1 0 -1 0 1 2 2 -1 -2 0 1 1 0 0 1 0 -2 1 0 0 -1 2 0 -1 0 -2 2 2 0 0 0 0 0 2 1 0 2 0 2 0 2 0 0 0 0 1 0 0 0 0 2 2 0 1 0 0 1 -2 -2 0 0 1 1 0 -1 -2 2 -2 0 1 2 1 0 -2 0 0 0 0 2 0 0 -2 0 0 0 2 2 0 1 1 0 0 0 0 0 -1 0 2 -1 0 -1 2 -2 2 0 1 -1 0 1 0 -2 -1 0 -1 0 -2 2 2 -2 -2 -1 0 1 2 -2 0 -1 1 0 0 0 0 0 2 2 0 0 0 0 0 -1 -2 0 1 0 -1 0 0 0 1 0 0 2 -1 -1 0 0 -2 1 0 0 0 -2 0 -2 -2 -2 2 2 0 0 -2 2 0 1 1 0 0 -2 2 1 0 0 -1 -2 -2 0 0 0 1 0 2 1 -1 0 
0 0 0 0 -2 0 -1 -2 0 0 2 -1 0 0 0 0 0 -1 1 -2 0 0 -1 0 0 1 0 1 -2 0 0 0 2 -1 0 2 -2 1 -2 2 0 0 -2 0 0 0 -1 0 1 -2 0 -1 1 0 1 0 0 1 1 2 1 2 0 0 -2 0 -2 0 -1 2 1 0 0 2 1 0 0 0 0 -2 0 -2 2 1 1 -1 0 1 -2 -2 2 0 0 1 0 -2 0 0 -1 -2 2 0 1 2 0 0 2 -1 -2 -2 1 0 -2 0 -1 0 -1 -1 0 0 -2 -1 -1 2 -2 1 2 0 -1 1 0 2 -2 0 -1 0 -1 2 1 0 0 1 1 -2 0 0 0 0 -2 -1 -1 0 0 -1 0 0 -1 0 0 0 -1 0 0 -2 0 2 0 1 -1 0 0 -2 1 0 0 0 -1 0 -1 -2 -1 2 -1 2 -1 -2 -1 2 0 0 0 -1 0 -1 2 0 0 -2 2 2 
-1 -1 1 0 -1 0 -1 0 0 0 1 0 1 -2 0 2 0 0 0 0 -2 -1 1 0 0 0 0 -2 0 -1 0 -1 2 0 0 1 -1 0 1 0 -2 0 0 2 -2 0 -1 2 -1 1 0 0 -1 0 -1 0 1 0 -2 0 0 0 0 0 0 1 1 0 1 -2 0 0 -1 0 -1 -2 0 2 2 -2 0 -2 0 0 0 1 0 -1 0 0 0 2 -1 -2 1 0 -1 0 0 -2 -1 0 2 -1 0 -1 0 1 1 0 0 0 0 1 1 0 0 0 2 0 -1 0 0 -2 0 1 2 0 0 1 2 0 0 0 2 0 1 0 -2 0 -1 1 0 1 0 0 2 0 1 2 0 2 0 0 0 0 0 -2 -2 0 0 -1 -2 0 0 1 0 0 -1 -1 0 -2 0 -1 1 0 -1 0 -2 -2 2 -1 1 0 1 -2 0 0 -1 -1 0 -1 0 1 0 2 -1 0 -1 0 
1 2 0 0 0 0 0 2 1 -1 0 -1 -1 -1 0 2 -2 -1 -2 0 2 0 0 0 0 -1 -1 -1 0 2 -1 0 0 0 -1 0 -1 2 0 -2 -2 1 0 1 2 -1 0 -2 1 -1 -2 0 2 0 0 2 -1 0 -2 2 0 0 -2 0 -1 1 0 0 -1 0 0 -1 0 0 1 -1 0 0 0 -1 -1 0 -2 1 -1 2 0 0 -1 0 2 -2 0 1 2 -1 0 1 0 2 2 1 0 0 0 -2 -1 1 2 -2 1 1 0 0 0 2 -2 2 -2 -2 0 -2 2 0 -1 -2 0 0 -1 0 -2 0 0 0 -2 0 0 0 2 2 -2 0 0 0 2 2 1 2 -2 0 0 -1 0 -2 0 0 0 -2 0 0 0 0 2 0 0 2 -2 0 0 0 -2 0 -2 1 0 2 0 0 0 2 0 1 -2 -1 0 0 1 0 0 2 -2 2 0 -2 2 0 2 1 -1 0 
-2 -1 0 -2 0 1 0 1 0 0 2 0 -1 0 -1 -2 0 0 1 -1 0 -1 0 -2 0 1 -2 0 2 0 2 -1 -1 2 -2 -2 1 1 -1 2 0 1 2 2 -2 2 -1 -1 -2 1 0 0 0 0 -1 0 -1 1 1 -1 0 0 0 -2 0 0 0 0 0 0 2 2 0 2 0 2 -1 2 0 0 2 0 0 -2 2 0 0 1 1 0 1 0 2 2 1 0 -1 0 0 0 0 0 0 1 -2 -1 2 0 1 0 0 0 1 -1 0 1 0 -1 0 0 -1 0 1 -1 0 2 0 -1 0 1 -2 2 0 1 0 1 -1 0 2 -2 -2 1 2 1 0 0 0 2 0 2 -2 0 0 2 -1 -1 2 1 1 0 0 -2 -1 -2 0 0 -1 0 2 2 -2 -1 0 0 -2 2 -2 0 -1 -1 0 -1 2 0 0 0 0 0 -2 -1 -1 2 2 -2 0 0 -1 0 0 0 
-2 0 2 -1 0 -1 2 2 0 0 -2 0 0 0 0 0 0 2 2 -1 -2 1 2 0 -1 0 0 -2 -1 0 -1 0 1 1 0 2 -1 1 -2 -1 0 0 0 -2 0 0 0 -2 0 -2 0 2 -2 0 0 2 -1 1 0 2 0 2 -2 0 0 0 0 0 1 0 0 2 0 0 0 0 1 -1 0 -2 2 0 2 -2 -2 0 -1 -2 2 0 0 2 0 -1 0 1 0 0 0 0 2 0 2 -2 0 0 2 0 0 2 0 -2 -2 0 0 0 -2 -2 -1 -1 -1 0 -2 0 -1 -2 -1 -2 0 -1 -2 -2 2 0 -1 0 0 1 0 -1 0 1 0 0 0 -1 0 1 0 -1 0 0 -1 -2 -2 0 0 0 0 0 -1 0 -2 0 0 0 -2 2 0 -1 2 1 0 2 0 0 0 -2 0 1 0 0 -1 0 0 0 0 1 0 0 0 -2 -1 -2 1 1 1 -1 0 0 
0 2 1 2 -1 0 0 0 2 -1 -1 -1 1 0 2 0 0 2 -1 0 0 -1 1 -1 -1 2 -1 -1 -2 -2 0 -1 1 0 -1 -1 0 0 0 -2 0 1 -2 0 0 2 0 0 -1 0 0 -2 0 1 0 0 0 0 0 0 0 -2 1 0 -1 1 -1 2 0 0 -1 1 1 0 0 0 2 0 -1 0 0 0 0 0 0 2 1 -1 0 -1 0 0 0 1 0 2 0 0 0 0 -1 2 0 2 0 2 0 0 1 0 -1 0 0 0 -1 1 -1 0 -1 0 0 0 -2 -1 -1 0 1 1 2 0 0 -1 0 2 -2 1 0 -1 0 -1 0 0 -2 -2 1 2 -2 1 -1 2 1 0 0 0 1 0 -1 -2 0 0 0 -1 -1 0 0 0 -1 1 1 0 2 2 0 0 0 0 0 0 2 0 -1 0 1 0 0 0 1 0 0 -1 -1 -2 2 0 -2 1 0 0 0 2 
-2 0 0 0 2 -2 -1 1 0 0 0 0 2 2 1 0 1 1 -2 0 1 0 0 0 -1 0 0 -1 0 -2 -2 0 0 0 1 -2 0 1 0 0 0 0 0 0 0 2 0 -1 0 0 0 2 1 0 0 0 1 -1 0 2 2 0 0 0 0 0 1 2 0 0 0 0 0 -2 1 2 0 0 0 -2 0 -2 -1 0 0 0 2 0 0 -2 0 0 1 -2 -2 1 0 1 0 0 0 1 -2 0 0 0 0 -2 2 0 2 -1 -1 0 2 0 0 1 2 0 -2 -1 1 1 -1 -1 0 2 0 -1 -2 0 2 0 0 0 1 0 1 0 0 -2 2 0 0 0 0 0 -2 0 -2 1 0 0 -2 0 0 -1 0 0 0 -2 -1 -2 -2 0 0 -2 0 0 2 2 0 0 2 1 2 0 0 0 0 0 0 -2 1 -1 -2 -2 0 0 0 0 2 0 0 0 0 0 0 -2 
1 -1 0 0 -2 0 -1 1 -2 0 0 0 2 0 0 -2 0 0 0 0 -1 0 2 0 -2 -1 2 1 -1 0 0 2 0 0 -2 1 2 0 0 0 -1 0 0 1 0 0 0 0 0 0 0 0 0 2 -1 0 1 0 0 -2 0 0 0 0 0 -2 -2 0 0 2 1 0 0 0 1 0 0 2 0 0 0 0 0 2 -1 -2 0 0 -2 -2 0 0 -2 -1 0 0 -2 0 1 0 -2 0 0 0 0 0 1 0 0 2 0 -2 -2 2 2 0 0 2 0 0 -1 0 0 2 0 2 2 -1 0 2 2 0 0 0 1 1 0 0 0 -1 -2 0 2 2 -2 0 1 0 0 0 -2 0 1 0 0 1 -2 -2 2 -1 2 -2 -2 0 0 0 1 0 0 0 0 0 -2 0 0 -2 -2 -2 0 2 0 -2 0 -1 0 0 0 0 1 0 -2 0 1 0 -2 0 -2 0 0 -2 
2 0 0 -1 0 0 2 0 -2 0 0 0 -1 0 -2 2 -1 0 0 0 0 0 0 -2 0 0 0 2 -1 0 0 -2 0 2 0 -2 0 0 0 -2 0 1 0 0 0 2 -1 0 -1 2 1 2 0 0 -1 -1 1 -2 0 0 1 -1 0 0 0 0 -2 1 0 0 -1 0 0 2 1 1 0 -2 1 1 0 2 0 0 -2 0 0 0 0 0 0 1 -2 0 -2 -2 2 2 -1 1 0 0 0 -2 0 0 1 0 -1 -2 0 0 1 0 2 1 0 1 0 2 -2 2 2 2 -1 2 0 0 -2 1 0 -2 0 1 -1 0 -2 0 -2 2 0 -2 -1 -1 0 0 0 -2 1 1 -2 0 0 0 0 0 -2 2 1 0 -1 0 1 0 0 0 0 2 0 0 0 -2 1 1 -2 0 1 0 0 -2 0 1 0 0 -1 0 -1 -1 -1 0 0 -1 -1 0 0 0 0 0 0 -1 
0 0 1 0 2 0 0 0 0 -1 0 -2 0 0 -2 2 1 -2 0 2 1 2 0 -2 0 0 -1 -2 -2 -2 2 1 -1 0 -2 -1 0 -2 1 1 1 -1 1 0 -2 0 -1 -2 -2 0 0 0 -2 -1 -1 2 0 0 -2 0 0 -1 0 -2 -2 2 -2 -1 0 0 0 -1 0 -2 0 1 0 0 2 0 0 0 1 -2 1 0 2 -2 -2 0 -2 2 0 2 0 -1 0 0 2 0 -1 -1 0 0 0 1 0 2 0 0 0 -2 0 0 0 0 0 -2 0 0 2 2 0 0 0 0 -1 -1 0 -2 -2 -1 -2 0 2 -2 1 2 0 0 -1 0 0 0 2 -2 0 -1 2 -2 2 -2 -2 2 2 0 -2 0 0 -2 -1 2 1 0 -2 -1 0 1 0 0 0 2 0 0 0 0 -1 0 0 0 -1 0 2 0 -1 0 2 2 -1 0 2 0 1 -2 0 -2 2 0 -2 1 
0 -1 0 0 0 0 1 0 0 0 2 0 0 -1 0 0 -1 1 0 0 0 0 0 0 2 0 2 -1 0 0 0 0 0 -1 -1 0 -1 0 -1 0 -2 -2 1 0 0 0 0 0 -2 2 2 0 0 0 0 2 0 2 1 0 0 1 0 -2 -1 -1 0 -2 0 0 0 0 1 0 0 -1 1 0 0 -2 0 0 -1 0 0 -1 0 0 0 0 2 1 0 2 0 2 -1 0 0 -2 0 0 0 0 -2 2 -1 0 0 -1 0 -1 0 0 0 -1 -1 0 0 -1 0 0 -2 1 0 0 -2 0 0 -1 0 0 0 1 -1 0 0 2 0 0 0 0 2 0 0 2 1 1 0 0 0 1 1 2 -1 0 0 -1 1 0 0 -1 1 -2 0 0 2 -1 0 2 1 2 -1 -1 2 0 2 -2 0 -2 1 -1 -2 -1 0 0 -2 2 0 2 0 0 2 -1 1 -2 0 1 -1 0 
0 -2 2 0 0 0 0 1 0 -2 0 1 -2 0 0 0 -2 -2 -2 -2 0 0 0 -2 0 1 0 -2 0 2 0 -2 -1 2 0 0 0 0 0 2 0 0 0 0 0 0 0 0 0 -1 0 1 -2 0 1 0 -1 2 0 0 -2 0 0 0 -2 2 -2 0 1 0 0 2 1 0 1 0 0 -2 1 0 0 2 -1 -1 0 -1 0 -2 -1 -2 1 0 0 2 2 0 0 1 -1 0 0 -2 0 1 2 0 -2 0 1 0 -2 -1 -2 0 -2 0 1 -1 0 -2 0 0 0 0 0 -2 2 -1 2 2 2 0 2 1 1 0 0 -1 2 0 0 -1 -1 -1 0 1 -2 0 0 0 0 1 -2 2 0 1 0 0 0 -2 1 0 -2 0 -2 -2 0 0 1 -1 -2 0 0 -2 0 -2 -1 2 0 2 0 -2 -1 0 0 0 1 -2 1 2 -1 0 -2 0 -1 1 1 0 0 -1 
0 2 0 0 -1 1 0 1 0 1 0 0 1 0 -1 1 1 -2 0 0 2 -2 1 0 0 0 1 0 -2 0 -2 1 1 0 0 0 2 -1 0 -2 -1 2 -2 0 0 0 0 0 0 -2 1 0 0 0 0 0 0 0 0 -2 -1 0 2 -1 0 -1 0 1 1 -1 -1 0 -1 2 -2 -2 2 0 -2 -2 0 2 0 0 0 0 0 0 0 1 0 0 1 -1 -1 1 -2 -2 0 0 0 2 0 0 -1 2 0 0 1 -2 0 0 0 1 -2 0 1 0 1 -1 1 0 0 0 0 -2 0 0 -1 0 0 2 -2 -2 0 0 0 1 0 0 -2 2 0 2 -1 0 -1 0 -2 0 -2 1 0 0 0 -1 0 0 2 1 1 0 -2 -2 0 2 0 0 -2 0 2 2 2 1 -2 -2 1 -2 -2 0 0 0 1 -2 0 0 0 2 0 0 0 0 0 0 1 0 0 0 0 0 
0 0 -2 0 1 -2 -1 0 0 -2 -1 0 -2 -2 0 0 2 0 0 1 0 -1 0 0 0 -1 0 0 -2 0 2 -1 2 0 0 0 0 0 1 -2 0 0 2 1 0 -2 -2 1 -2 0 -2 0 -2 0 -2 0 0 0 -1 2 0 -1 -2 2 2 2 1 -2 0 0 0 -1 2 0 -1 0 0 1 2 0 -2 0 0 0 0 1 0 -1 0 2 2 0 2 0 0 0 1 0 0 0 1 0 -1 0 0 1 -2 -2 0 0 -1 -2 0 0 0 0 2 -2 2 0 0 0 0 -2 0 -1 2 0 -2 0 0 0 1 -2 -1 1 1 -1 0 -2 -2 1 -1 0 -1 0 -2 1 2 2 2 0 -1 0 2 0 1 -1 0 -2 0 -2 0 0 0 0 2 2 -1 0 -2 -1 -1 -2 1 0 0 -1 0 -2 1 -2 -2 -2 -1 1 0 0 -2 -2 1 0 0 2 0 0 1 -1 0 -2 
2 0 0 2 0 2 0 0 0 0 0 0 0 -1 2 -2 0 -2 0 0 0 -1 1 0 2 0 -1 1 0 -1 -2 -2 -2 0 1 0 0 0 0 -1 -1 0 -1 1 -2 1 2 -1 0 0 0 -1 0 1 0 0 0 0 0 0 -2 -1 0 1 0 0 0 0 0 -1 0 0 0 0 0 -1 2 2 -2 -1 -2 -1 -2 -2 -1 0 2 0 2 -2 0 -1 1 -2 -1 0 0 -2 0 -1 2 0 -2 0 -2 0 -2 0 1 0 0 -2 -2 0 0 0 2 1 2 0 2 1 0 -2 0 0 1 1 -1 0 0 1 1 2 2 -1 2 0 0 0 0 0 2 0 2 -2 0 -1 0 2 0 0 0 2 0 0 1 0 1 0 -2 0 0 -2 0 0 1 0 0 1 2 0 2 -2 2 0 1 0 0 1 2 2 0 1 -1 0 -2 2 0 2 0 0 0 0 0 0 0 0 0 0 
0 2 0 -1 0 -2 0 2 2 -2 0 0 -1 0 -2 -2 0 -1 2 0 0 0 -1 0 0 -2 2 0 -2 0 0 1 0 -1 0 -2 0 -1 0 0 -1 0 1 -2 1 1 0 0 2 0 0 0 -1 0 0 0 0 0 0 0 -1 1 0 0 1 0 0 -2 -2 0 0 -1 0 0 -1 -2 2 0 1 1 0 1 0 -2 0 0 -1 -1 0 1 0 -2 0 -2 0 -2 -2 0 0 1 0 0 0 2 -1 0 0 0 -2 0 -2 2 -2 -1 0 0 0 2 1 0 0 0 0 0 0 0 0 -1 0 -1 0 2 -2 0 -1 -1 1 0 -1 0 0 0 0 -1 0 -1 -1 0 0 1 -1 2 2 1 0 2 0 0 -2 0 1 0 0 1 0 0 -1 -2 2 2 -1 2 2 0 0 0 0 -1 2 0 -1 0 0 0 -1 0 -2 0 -1 0 1 0 2 0 0 0 0 0 -2 -1 
1 -1 -2 -1 0 -1 -1 2 2 0 -1 0 -1 -1 -2 0 2 0 0 2 -1 2 0 0 1 -1 -1 0 -1 1 0 0 -2 -1 -1 0 2 -1 -1 1 0 -1 0 0 0 0 0 -2 0 -2 0 -1 0 -2 1 -1 -2 0 0 1 2 0 0 1 1 2 -2 0 1 -1 2 -2 0 0 0 -2 1 0 -1 -1 0 0 -2 -1 0 0 2 0 0 0 0 -2 0 0 2 -2 -2 0 2 0 0 -1 -1 0 0 0 0 2 0 0 0 0 0 0 0 0 2 0 0 0 2 0 0 -1 0 0 0 1 0 -1 2 1 0 0 0 0 0 2 0 0 0 0 0 2 0 0 0 0 -1 1 -1 0 0 0 0 -2 0 0 -1 0 0 0 0 0 0 0 0 0 1 -1 2 0 1 -1 0 -1 -2 0 -1 0 0 0 0 -1 0 0 0 -1 0 2 0 2 2 2 0 0 2 0 0 0 
-1 2 2 -2 0 2 2 1 0 0 0 -2 0 0 2 -1 2 0 -2 -1 1 0 0 -2 -1 1 0 1 0 -1 -2 0 1 0 0 1 0 0 0 -1 0 -2 2 -2 -2 0 0 0 0 -2 -1 0 -2 -2 1 0 0 0 -2 0 0 0 0 0 -2 0 0 0 0 -2 1 0 1 0 0 1 0 -2 -1 0 1 1 -2 0 2 0 2 0 1 0 -1 0 0 0 -2 0 1 0 1 1 0 0 0 0 1 0 0 0 0 2 0 0 0 0 -1 0 2 0 2 -1 1 2 0 0 0 0 0 0 1 0 0 2 0 0 2 0 0 0 -2 0 0 0 -1 1 0 0 0 -2 1 2 -1 0 2 0 0 -1 0 0 2 0 0 2 0 0 2 -2 -1 0 0 -1 0 0 -1 2 -2 0 1 0 0 1 1 -1 2 0 0 0 -1 -2 0 0 0 0 2 0 0 -1 0 -2 -2 0 
2 -1 -1 2 2 0 1 2 0 2 0 0 0 0 -2 1 0 2 0 0 0 0 0 0 0 0 -1 -1 -1 -1 -1 0 -1 0 0 0 -2 -1 0 -2 0 0 -1 0 1 -2 -1 -2 -1 0 2 0 0 0 0 -1 1 -1 -2 0 1 0 2 0 0 0 2 0 0 0 -2 2 0 0 -1 0 2 -1 0 0 -2 2 0 -2 -2 0 -2 0 0 2 0 0 0 1 -1 2 -1 2 -2 0 0 2 2 0 0 0 0 2 0 1 1 -2 1 0 -1 -1 -2 -2 -1 -2 -2 -1 0 0 1 0 0 -2 -2 -2 1 -2 0 0 0 -2 0 0 -1 2 0 -2 0 0 0 0 0 0 0 -1 0 2 0 -2 0 -1 2 0 0 0 0 0 0 0 1 0 2 0 0 2 2 -2 0 2 1 -2 1 -2 0 0 0 0 -2 -1 0 0 0 0 0 2 -1 2 0 0 -2 2 0 0 2 0 
2 -2 -1 2 0 0 -2 0 1 0 -1 0 1 0 0 -1 2 2 -2 0 -2 1 1 1 2 0 0 0 0 0 0 1 -1 0 -1 0 -1 0 1 0 0 2 0 1 -2 0 -1 0 2 0 0 -1 -2 0 2 1 0 0 0 -1 -1 0 2 -1 0 -2 2 -1 1 -2 0 1 2 0 0 1 0 2 0 0 0 0 0 0 0 1 2 -1 -1 0 0 0 -2 0 -2 0 0 -1 -1 -1 -2 -2 2 0 0 0 -1 1 1 0 1 -1 1 0 2 -2 0 -1 0 -1 -1 1 2 0 0 0 2 1 2 0 1 -1 -2 0 0 0 0 2 1 -1 -2 -1 0 -1 2 -1 -1 0 -1 -1 0 0 0 1 1 0 0 -2 -1 0 1 -1 0 1 1 1 0 -1 0 0 0 1 1 2 0 -2 0 0 -1 1 -2 -1 -1 0 0 0 -1 0 0 -1 -1 1 0 0 -1 2 1 1 0 2 
1 0 -1 0 0 -2 -1 1 1 2 0 -1 0 -2 0 0 -2 -1 0 -2 1 0 0 -2 0 -1 2 0 1 -2 1 -2 1 0 0 -1 0 0 0 1 -2 0 0 0 0 0 0 -1 -1 0 2 -2 -2 0 -1 1 -1 1 0 0 0 -2 -1 -1 0 0 0 0 2 0 1 0 0 0 -2 0 0 0 0 -1 -1 0 -2 1 0 1 2 1 1 0 0 0 2 -2 2 -1 -1 1 0 0 0 0 0 -2 2 0 1 1 2 -1 -2 2 -2 0 1 2 -1 0 -2 0 1 0 0 1 -2 0 0 2 2 0 0 2 1 1 2 1 0 -2 -1 0 0 0 0 0 0 0 0 0 0 1 2 1 2 1 0 0 -1 0 0 0 0 1 1 -2 2 -1 -1 0 0 0 0 0 -1 0 0 2 1 0 -1 0 0 -2 0 2 2 -2 0 0 -1 0 0 0 0 -1 -2 -2 0 1 1 -1 
0 0 0 -1 0 0 0 0 2 0 2 2 0 0 2 0 -1 0 -2 0 0 0 0 -2 0 2 0 0 -2 -1 0 0 0 0 0 0 -2 0 -1 -1 0 -1 1 2 0 -2 1 0 2 -2 0 0 0 0 0 2 0 -2 1 0 0 0 -1 -2 1 0 -2 2 0 0 0 -2 -1 1 1 -2 0 2 0 0 0 -2 1 0 -1 -1 0 1 -1 0 -1 0 2 1 0 -1 -2 2 2 0 0 0 0 0 0 2 0 2 2 1 -2 0 2 0 -2 -1 1 0 1 0 0 -2 -2 0 2 1 0 0 2 1 2 -2 1 2 -1 0 0 -2 1 -2 1 0 -1 -1 -2 0 2 0 -1 2 0 2 0 -2 -1 -2 -1 2 0 0 1 0 0 -1 0 0 -1 0 0 -2 2 0 -1 1 1 0 2 0 0 0 -2 0 1 2 2 0 2 2 0 0 -2 -2 -1 0 -1 0 1 2 0 0 
2 1 -2 1 0 0 -1 -2 0 2 1 -1 1 0 0 -2 1 2 0 0 -1 0 0 -2 0 0 1 0 0 0 -2 2 0 1 0 0 0 0 0 -1 0 1 0 0 -1 0 -2 0 0 -1 0 1 0 -1 -2 -2 -2 2 0 0 -2 -1 0 -1 2 0 2 0 -1 0 0 2 0 -1 -1 -1 0 2 2 0 0 0 0 0 0 0 2 1 -2 0 0 2 0 0 1 0 0 0 0 0 0 0 1 0 -2 2 2 0 2 2 -2 1 -1 0 0 0 1 0 -1 -1 0 0 -2 0 0 -1 0 0 1 0 0 0 -2 1 0 0 -1 -2 -2 1 -2 -1 2 0 0 2 0 -1 0 -2 -1 0 0 2 0 -1 1 0 0 0 0 0 0 0 0 1 -2 0 0 -1 0 0 2 2 0 0 0 0 0 1 0 -1 -2 1 -1 0 0 -2 0 -2 -1 0 -2 0 0 0 0 0 0 0 
0 1 0 2 0 0 1 0 0 -2 -2 1 -1 -1 -2 0 0 2 2 -1 2 0 0 0 -2 -1 -2 -1 1 0 0 0 0 -1 0 2 1 -2 2 2 1 0 1 0 -1 2 0 0 0 0 -1 -2 0 0 1 0 -2 0 0 0 0 -2 2 0 0 0 0 -1 0 -1 0 0 0 -1 -1 2 -2 0 1 0 1 0 -1 0 0 0 0 0 0 0 0 0 0 1 1 1 0 2 0 0 0 -1 0 0 2 -2 0 1 -1 -1 0 -2 0 2 2 1 2 0 -2 0 0 -1 1 0 2 0 1 0 0 0 2 0 0 0 -2 0 0 0 0 1 0 0 2 0 -2 2 1 0 2 0 0 -2 0 0 -2 1 2 -2 0 0 0 0 0 0 0 0 -2 0 0 0 1 -1 0 -1 0 2 -2 0 1 -2 -2 2 0 0 0 0 0 -1 -2 -1 2 -2 -1 0 0 0 0 1 0 1 
1 -2 -2 -2 0 2 0 2 0 1 -2 -2 0 0 0 2 -1 0 1 0 0 0 0 0 -2 0 -2 0 0 2 1 1 0 0 0 -1 1 -1 -1 1 -2 0 0 0 -2 0 0 -2 0 -1 -1 -2 2 -2 -2 1 -1 -2 -1 2 0 2 1 1 -2 -2 0 2 1 0 0 0 2 -2 -1 -1 -2 0 0 0 0 0 0 0 0 0 2 2 0 1 0 -1 -1 0 0 0 0 0 1 0 2 1 0 0 -2 2 -2 0 0 2 -1 2 1 0 0 0 2 2 0 -1 -1 0 0 0 1 1 0 -2 0 0 -2 2 0 -2 0 1 2 0 0 2 -1 -2 0 -1 -2 1 2 1 2 -2 -2 0 1 -1 0 2 -1 1 0 0 2 1 0 -2 -2 1 0 0 0 2 0 2 0 -2 0 -1 -1 0 0 2 0 2 0 -1 0 0 -1 2 -1 -2 -2 0 -1 0 1 -1 1 -1 -1 2 
0 0 2 2 1 0 0 0 0 1 1 0 0 -1 -1 0 0 0 -1 -1 0 0 0 -2 0 2 -1 -2 1 -2 0 0 0 -1 1 0 -2 -1 -1 -1 -2 0 -2 0 -2 -2 1 -2 -2 0 1 0 0 2 2 2 -2 1 2 2 0 1 1 2 1 0 0 -1 1 1 0 0 0 0 -1 0 0 0 0 0 0 -2 2 -1 -2 -1 0 -1 0 -1 2 -1 0 1 -1 0 -1 2 -2 -1 -2 -2 0 -2 -2 1 0 2 0 0 0 0 -2 0 0 0 1 0 1 -2 -2 0 0 -2 -1 0 0 -2 0 1 2 -1 2 0 0 0 -2 0 1 -2 0 0 -1 0 0 0 1 1 2 0 -2 0 0 0 -2 -1 0 -2 0 0 0 0 0 -1 -2 0 0 2 0 0 0 0 0 0 2 0 -2 0 -2 0 0 0 0 0 2 2 -2 0 -1 0 2 1 0 0 -1 -1 -2 0 -2 0 
-1 0 -1 0 0 0 0 -1 0 -2 0 -2 2 -2 0 0 0 -2 1 0 0 0 0 0 0 1 -2 1 0 -2 0 0 1 2 0 1 1 0 1 0 0 -1 0 0 1 2 0 -1 1 0 0 0 2 -1 0 0 -1 -2 -2 -1 -2 -1 0 0 -1 0 -2 2 0 0 0 0 -1 2 0 2 0 2 0 -2 1 1 0 0 0 -2 -1 0 0 0 1 -1 0 2 0 0 0 0 -2 -2 1 0 0 1 1 0 -2 0 0 0 0 -2 0 0 -1 0 2 1 -1 -1 -2 0 0 -2 -1 0 0 0 -1 -1 2 0 -1 1 0 2 0 -1 -1 1 0 1 2 0 -2 2 -2 -1 1 1 0 0 0 0 0 0 0 -2 2 0 0 0 0 -1 1 1 1 0 0 -2 0 0 -2 -1 -2 -1 0 1 2 -2 -1 0 1 2 -2 0 -2 0 0 0 -2 -2 0 -2 1 0 0 2 -1 1 
-1 1 1 1 0 0 0 0 0 0 0 -1 1 0 -1 1 0 -2 0 -1 -1 -2 0 1 0 0 0 1 0 0 0 0 1 0 2 -1 1 0 0 0 0 0 2 0 0 2 0 0 0 -1 0 0 -1 0 0 -1 0 0 0 0 2 1 -2 -2 0 2 1 0 0 0 0 0 0 2 0 -1 0 -1 0 -2 0 0 -1 0 -1 -2 2 -2 0 0 0 -1 0 0 1 -1 0 2 0 1 0 2 0 -1 0 0 0 2 -2 2 0 0 -2 0 -2 -2 1 -1 1 -1 -1 0 0 2 -1 -2 0 0 0 0 0 0 2 0 0 0 2 0 0 -2 1 1 0 0 -2 0 0 -1 0 0 1 0 -1 1 -2 2 0 1 -1 0 0 0 0 0 0 0 0 0 2 0 0 1 0 2 1 2 1 0 -2 0 -2 0 0 1 -2 2 0 -1 0 0 1 -2 2 1 1 -2 -2 0 0 -1 
0 -1 2 0 -1 -2 -1 0 0 -2 0 0 1 1 -2 0 0 0 -1 -1 0 1 0 -2 -2 -1 0 0 0 -2 0 1 0 2 -2 2 0 -2 1 0 0 0 -1 0 -1 0 -1 2 0 0 0 0 0 2 0 -1 2 0 -2 1 0 0 0 -1 0 0 2 0 0 0 2 0 0 0 1 0 0 2 2 0 0 -2 -2 0 0 -1 1 1 0 2 -1 -1 0 2 0 0 2 0 1 -1 0 0 0 0 1 2 -2 0 0 0 0 1 0 0 0 -2 0 -2 -2 2 0 1 -1 0 1 0 1 0 1 0 2 1 0 1 -2 0 2 2 1 -1 0 1 0 -2 2 -2 0 0 -2 1 -1 0 2 0 -1 2 0 2 0 0 0 -2 -1 0 2 0 2 0 -1 -1 0 -1 -2 0 -2 2 -2 2 -1 0 1 0 0 -2 -1 1 0 0 0 0 0 0 1 -1 1 -2 1 0 0 -2 
-1 0 -1 -1 0 0 1 0 -2 2 -1 2 2 -1 0 -1 0 -1 0 -2 0 0 0 0 2 0 2 0 -1 1 -2 0 -2 0 2 0 1 1 1 -1 -1 2 -2 1 2 0 0 1 1 1 -1 -2 0 0 2 -1 1 0 2 0 1 0 -1 -2 0 -1 2 2 1 2 0 0 0 1 0 2 -1 -2 -2 -2 1 2 -2 0 0 -2 -2 0 0 1 0 0 2 0 -1 0 0 0 1 -1 0 1 1 2 0 -1 0 1 0 0 -2 2 -2 0 0 1 0 1 0 1 -1 0 0 2 0 1 0 2 0 2 0 0 0 1 1 0 1 0 0 1 0 0 1 -2 0 -2 0 -2 0 0 0 1 -2 1 1 0 2 -2 0 0 0 0 -1 0 0 1 1 0 0 -1 -1 0 1 0 0 0 -1 -1 2 0 1 1 0 0 0 1 1 2 0 1 0 1 0 0 -2 2 2 1 0 2 
0 0 2 0 0 2 0 -1 -2 0 -2 1 0 0 0 -1 1 1 0 -1 0 -1 0 1 0 -1 0 1 0 0 1 0 2 2 0 0 0 -2 -1 -2 0 0 2 0 1 -1 2 0 1 2 2 -2 1 0 -2 -1 0 0 2 0 0 2 -2 0 2 0 1 0 -1 0 -1 -2 -1 1 2 2 0 1 -2 0 -1 1 0 2 -2 0 2 0 0 -1 0 -2 0 -2 0 -2 2 0 -1 0 -2 2 -2 2 1 -1 -1 0 1 -1 -1 0 0 0 0 2 0 -2 0 0 0 2 1 0 2 -2 1 2 -1 0 1 0 0 0 0 -2 -2 1 2 0 0 2 2 0 0 0 0 -2 0 0 1 2 0 0 0 0 1 -1 2 -1 0 0 1 2 -2 0 0 0 0 -2 0 0 0 0 0 2 0 0 0 0 0 2 0 -1 1 -2 -2 -1 1 0 2 0 0 0 0 0 0 1 0 2 
0 -1 0 0 2 2 2 0 -1 0 2 0 -1 0 2 0 0 0 2 1 2 2 0 0 0 2 -1 -2 -2 -2 0 1 0 0 0 0 0 0 0 -2 -2 0 0 0 -1 0 2 2 0 0 -2 0 -2 0 0 -1 0 0 0 1 0 0 -1 -2 0 0 -1 -1 0 0 -2 0 -1 1 -2 2 -2 2 -2 -2 1 0 -1 2 2 -1 0 0 2 -1 0 0 -1 0 0 0 1 -2 0 0 -1 -2 0 0 2 -2 0 0 -1 0 0 0 -2 -1 -2 0 0 0 0 0 0 0 1 0 0 0 0 0 1 0 0 2 0 0 0 0 -2 0 0 -2 0 0 2 0 -1 0 0 0 0 1 2 2 1 -1 1 0 0 1 0 1 1 0 -1 -2 -2 0 -2 0 0 1 0 1 0 0 -2 1 1 1 -2 -1 -2 0 -1 -1 0 0 0 0 0 -2 1 2 0 2 0 0 -1 0 1 0 
2 0 0 0 0 0 1 2 1 0 0 -2 1 -2 -2 2 -1 -2 -2 1 1 0 0 -1 2 2 2 0 0 0 -2 2 0 0 2 1 -1 1 0 -1 0 0 2 0 2 0 0 -1 2 0 0 0 0 0 0 -1 0 0 2 -2 2 0 0 0 0 -1 0 1 0 2 0 0 0 0 1 -1 0 2 0 0 -2 0 1 0 0 2 -1 2 -2 0 -1 1 0 0 -2 0 -1 0 -2 1 0 0 -2 1 1 0 0 -1 0 0 0 0 -1 -2 1 -1 2 1 1 0 0 2 1 1 1 -2 0 -2 0 0 2 1 1 0 1 -1 0 0 1 2 0 2 -1 0 2 0 0 0 0 0 1 0 0 0 0 1 0 0 0 -2 2 0 0 0 -2 -1 -2 -2 1 -2 -1 -1 2 0 0 -2 0 0 -1 2 0 2 -1 -1 -1 0 2 2 0 0 0 0 -1 1 0 0 -2 1 0 -1 
0 1 0 2 1 0 0 2 2 -2 1 0 0 -1 -1 2 0 2 0 -2 2 -2 0 0 1 0 0 1 -2 -2 -1 2 1 1 0 0 1 0 -2 0 -2 -1 0 0 1 0 2 0 -1 -2 -1 2 1 1 -2 1 0 0 1 0 0 0 0 0 0 1 0 1 0 0 0 2 0 0 0 -1 0 -2 0 -2 2 -1 0 0 2 2 2 0 0 -1 0 2 -1 0 0 -2 0 -2 -2 0 -2 0 1 0 1 0 0 0 0 0 -2 0 -1 2 -2 0 -1 0 0 -2 -2 0 -2 2 -1 0 2 1 1 0 0 1 0 1 0 0 -2 2 1 0 0 0 -1 0 1 -2 2 -1 0 0 2 0 0 -1 0 2 1 -2 2 -2 1 2 1 -1 0 2 2 0 -2 -2 -2 2 -1 -1 0 0 0 1 0 0 1 2 0 2 0 2 0 -2 0 1 -1 -1 -1 0 0 0 0 -2 -2 1 
0 2 0 2 0 0 0 -1 2 -2 0 0 0 0 -1 1 0 1 2 -1 0 0 1 2 -1 0 -1 1 0 2 0 1 0 2 0 0 0 0 0 -2 0 -1 1 0 1 2 -1 -1 2 0 -2 -1 1 0 0 -2 1 0 0 0 -1 -1 0 0 2 1 2 -2 -1 -2 -1 1 -1 1 0 0 -2 -2 1 2 -1 -1 0 0 0 -1 2 0 0 0 -1 0 -2 -1 2 -1 2 0 -1 0 -2 0 2 2 -2 0 -2 -1 0 0 1 0 0 -1 0 0 -1 0 0 -1 1 0 0 0 -2 0 0 2 -1 -1 2 0 1 1 0 0 0 0 -2 0 2 0 0 -1 1 0 0 0 0 0 -2 0 0 1 2 -2 2 0 -2 -1 0 1 0 -1 -1 1 -2 2 -2 -2 2 0 0 0 -1 -2 0 -2 0 1 0 1 -2 -1 0 -1 1 0 0 0 -1 -1 2 0 2 0 0 0 0 -1 
-2 0 -2 0 0 0 0 -1 0 0 0 -1 1 0 -1 0 0 0 2 2 1 -2 1 -2 0 -1 0 2 1 -2 1 2 1 0 0 -1 1 0 -2 1 0 -1 0 0 0 -2 2 -1 0 -1 -2 0 0 0 0 1 1 0 0 0 0 0 -2 0 2 0 1 -1 0 -2 2 2 2 0 0 1 0 -2 0 -1 0 0 -1 -1 2 1 -2 2 0 0 0 -2 0 0 1 -2 0 0 -2 0 -2 0 0 0 1 0 0 0 2 -1 -1 2 0 1 0 -1 0 -2 1 -2 -1 2 0 0 0 0 0 1 1 1 0 -1 0 1 -1 0 -2 0 -2 0 2 -2 -1 1 0 -1 0 0 0 0 0 0 -1 2 -1 0 0 0 0 1 2 0 -1 1 -2 -1 0 -2 0 0 2 -1 0 0 0 0 2 2 -1 0 0 2 -2 0 0 0 -2 -2 -1 -2 -2 -1 0 -1 2 -1 0 2 2 0 
1 0 -2 -2 -2 -2 2 1 2 1 0 1 2 1 0 1 1 0 0 1 2 0 0 2 0 0 2 -2 0 0 -2 -2 2 -1 -2 0 -1 0 2 1 1 0 0 -1 0 0 2 2 -2 0 -2 0 0 0 0 0 0 1 0 0 0 -2 0 0 0 1 2 0 0 -2 0 0 1 1 0 1 -1 0 0 2 0 0 -2 0 2 -1 0 -1 -2 0 1 0 2 0 1 1 0 2 1 -2 -1 1 -2 0 -1 -2 -2 0 1 1 0 0 2 0 -2 1 0 -1 0 -1 -2 -2 0 -2 -2 -2 0 -2 2 1 2 2 -1 1 0 0 -1 -2 2 0 1 0 0 1 1 -2 0 0 2 -2 1 1 2 0 0 2 -2 1 1 0 0 0 0 1 0 -1 -2 2 2 -2 0 0 0 0 0 0 2 0 -1 0 0 0 -2 1 0 0 1 0 -1 -1 0 0 1 -1 0 0 0 0 2 0 
2 1 0 0 1 -2 -2 0 2 0 2 0 0 1 0 0 0 0 2 -1 -1 0 0 2 0 -2 0 0 2 0 -1 0 1 0 0 -1 1 0 -2 0 -1 -1 0 0 1 0 0 0 1 -2 2 0 -1 -1 1 0 0 -1 0 0 2 1 1 2 0 1 2 0 0 0 1 0 0 0 -1 0 -1 0 0 -1 0 0 -1 0 2 2 2 0 -2 0 0 -1 -2 0 -2 -1 1 0 1 0 2 0 0 0 0 1 -1 2 -1 1 0 0 0 0 0 0 -1 1 -2 0 -1 2 0 -1 -2 0 0 0 0 2 0 2 0 0 0 0 0 0 0 0 0 0 -2 0 0 0 0 0 0 2 2 -2 -2 0 -2 1 0 0 0 0 -1 0 0 0 -2 0 -1 0 0 0 0 0 0 -2 -2 0 -1 -1 0 0 -2 1 -1 -2 2 0 0 1 0 -2 0 -2 0 -1 0 -1 -2 -2 -1 0 
-2 -1 -1 0 0 0 -1 2 1 1 0 1 0 1 0 -2 -2 1 0 0 -1 2 0 2 -1 0 1 0 -1 -1 0 1 -2 1 0 0 0 0 -2 -2 0 -2 2 1 0 0 0 0 -2 0 -2 0 2 0 0 1 0 2 0 2 0 -1 1 -1 0 0 -1 2 0 1 0 -1 -2 0 2 1 0 0 0 -2 -2 -2 1 2 -2 2 -1 2 0 0 -2 -1 0 1 0 -1 0 1 -1 0 -2 2 0 0 0 2 0 0 1 2 0 0 -1 0 0 0 -1 0 -1 0 0 2 2 0 0 -2 0 0 2 0 -2 0 0 -1 2 0 2 -2 2 1 -1 2 0 0 1 0 2 -1 0 0 0 1 1 0 1 1 1 1 1 2 0 0 1 0 0 0 0 1 0 0 0 -2 0 0 0 0 2 0 0 0 0 2 1 0 -1 0 2 0 -1 0 1 -2 0 1 0 -2 -1 2 0 -1 
-2 0 0 0 -1 0 -2 0 -2 0 -2 0 0 -1 1 1 -2 2 0 0 0 0 0 0 0 -2 0 1 2 0 2 0 -2 -1 0 0 0 1 0 -1 0 -1 -2 1 -2 0 1 -2 2 0 1 0 0 0 2 0 -1 1 2 1 -1 0 0 0 0 0 -2 0 0 -2 0 0 0 1 0 1 0 0 0 0 0 0 0 -1 2 2 0 0 0 0 0 1 0 -2 1 0 0 1 0 -1 1 0 1 0 0 1 2 2 -1 1 0 0 1 0 2 0 0 -2 -1 -1 -1 1 -2 1 0 0 0 2 0 0 -1 0 1 0 2 0 0 -1 1 1 0 0 -1 -2 0 0 0 -2 1 0 0 0 0 -2 0 2 -1 0 1 0 2 0 0 0 0 -2 0 0 -1 0 -1 2 -2 0 0 0 0 -1 2 0 0 1 0 -2 -2 0 0 2 2 1 2 -1 0 -1 -2 2 0 1 -2 -2 

4 7 8 5 6 10 9 10 3 8 3 9 1 2 1 4 1 1 9 4 3 4 1 10 1 8 2 6 9 3 2 10 1 5 3 10 5 2 3 4 5 6 10 6 2 10 2 7 9 7 4 7 1 6 10 7 1 3 1 3 4 6 5 8 6 3 10 2 10 6 5 7 4 3 9 10 6 9 1 7 7 7 7 5 7 9 10 2 7 5 9 6 6 9 6 9 8 4 1 3 