10 20
0 -2 -1 -2 0 0 0 -2 -2 0 -2 2 0 -2 0 0 2 0 2 0 
-2 0 -1 0 1 0 0 -2 -1 0 1 0 2 0 2 0 0 2 0 0 
0 2 -2 0 2 -1 -1 0 -1 0 -2 -2 0 0 0 2 0 0 1 0 
0 0 -1 -1 0 -2 -1 -2 -1 0 1 1 -1 0 0 1 0 2 2 -1 
0 0 2 0 0 0 2 0 1 0 2 0 2 0 1 0 0 0 0 -1 
-1 0 1 0 -1 1 0 -2 0 0 0 0 2 -2 0 0 0 1 0 -2 
1 1 -2 0 -2 0 -1 -2 0 0 -2 0 0 0 0 1 0 1 -2 2 
0 2 0 0 -2 0 0 -2 -1 0 1 0 -2 0 0 0 2 0 -1 2 
-2 0 -1 -2 -2 0 0 0 -1 -1 -2 -2 0 0 1 2 1 -2 1 0 
-2 -1 2 0 0 -1 0 0 0 1 0 -1 0 -1 0 0 0 0 0 2 

10 3 10 8 10 4 10 2 8 2 