100 200
-2 1 -1 0 0 0 0 -2 -1 1 2 -2 -2 0 0 0 1 0 2 -2 -1 0 0 0 0 1 1 1 2 0 0 0 1 0 1 -1 -1 0 -2 0 -1 0 1 2 -2 0 0 1 1 1 1 0 -1 2 1 1 1 0 0 2 -1 1 -2 -2 0 0 1 0 0 2 0 0 0 0 0 -1 -2 0 -1 -2 0 0 0 0 0 1 2 1 1 0 0 -2 -1 0 0 0 2 0 1 -1 0 2 -2 0 1 1 0 0 0 0 1 -1 1 -1 0 -2 2 0 2 0 1 2 -2 2 -1 1 0 0 0 2 0 0 -2 1 0 0 1 2 -2 1 0 2 1 0 0 1 0 -1 1 0 2 0 -1 0 1 1 -2 1 0 1 2 1 0 -1 0 0 -1 1 1 2 0 0 2 0 0 0 1 -2 0 2 0 0 0 0 0 -1 1 2 0 0 1 0 0 0 0 0 2 -1 0 2 
0 0 0 -2 -2 0 -2 1 -2 0 0 0 -2 1 1 0 2 0 0 0 0 0 0 -1 0 -2 0 0 2 0 0 0 -2 0 0 1 0 0 -1 -1 0 1 0 -1 0 0 0 0 2 0 0 -1 1 -2 1 0 -1 2 0 1 -1 2 0 -1 -2 0 -1 2 0 0 0 0 0 0 0 2 0 0 0 0 0 2 1 -2 0 1 2 0 2 0 -2 1 -1 0 0 -1 0 -1 1 0 0 0 0 0 1 1 2 -2 1 1 0 1 0 -2 0 -2 0 -1 1 -2 0 0 1 0 -1 0 0 1 0 0 0 2 1 0 0 1 -2 -2 0 0 -2 -1 1 1 1 1 2 0 0 1 0 0 1 1 0 0 0 -2 -1 -1 2 -2 0 0 -2 -2 1 0 2 -1 0 2 2 -2 1 0 1 0 0 0 0 -1 0 2 -1 0 1 0 2 0 0 0 2 0 0 -2 2 2 0 1 
0 2 2 0 1 -1 -1 0 -2 1 -1 0 0 0 2 -1 1 -2 0 1 0 0 0 -1 1 2 0 0 0 0 1 -1 2 -2 1 -1 -2 0 0 0 0 -2 0 0 1 1 0 0 0 0 0 0 -2 0 -1 0 -1 -1 0 0 0 0 -2 0 -2 0 0 -2 0 1 0 2 1 -1 0 0 0 -2 0 -2 -2 -1 -2 -1 1 0 -1 0 0 1 0 2 0 0 0 -1 -2 0 -2 0 0 0 0 0 2 -1 1 -1 0 0 -2 0 0 0 -2 -2 0 2 2 1 0 0 0 -2 1 -2 1 0 0 2 0 0 -2 -1 -2 0 0 0 0 0 -2 1 0 2 -1 0 0 0 -1 1 0 0 0 2 0 1 0 0 0 2 -2 2 0 2 -2 0 -1 1 2 1 0 0 -2 1 0 -2 -2 2 0 0 0 -2 1 1 1 1 0 0 2 0 0 0 -2 0 -1 0 -2 0 -2 0 
0 0 0 0 1 0 1 0 2 0 1 1 0 -1 0 2 0 -1 -1 0 1 2 1 -2 1 1 -1 2 -2 0 0 0 2 2 -1 0 -1 0 0 1 0 2 0 0 0 2 0 -2 1 -2 -1 0 0 -1 0 0 0 1 0 0 0 2 0 1 0 2 0 0 1 2 0 -2 -1 0 0 0 -2 -2 0 0 -2 2 0 0 -1 -1 0 0 2 2 -1 1 1 -2 0 -1 0 0 -1 -1 0 0 0 1 2 1 0 -2 0 2 2 0 0 1 0 0 0 0 2 0 -2 0 -2 -2 1 0 0 0 0 1 0 2 2 2 -2 -1 0 0 1 -1 0 0 0 0 0 2 -1 1 0 2 0 0 0 -2 0 -1 2 -2 2 -2 0 2 0 0 -1 -2 1 0 0 1 0 -1 0 -2 0 0 -1 0 2 0 0 2 -2 1 1 0 -2 -2 1 2 0 0 -2 -1 0 0 0 -1 -1 -1 
1 0 0 0 0 1 0 1 -2 0 2 2 0 0 -1 2 0 1 0 -1 0 0 0 0 2 -2 0 0 1 -1 0 0 1 0 -2 -1 -1 0 2 0 0 -2 0 0 1 0 0 0 -1 0 2 0 0 0 0 0 -1 0 0 -2 0 -1 -1 -1 0 0 0 0 0 0 1 0 -1 -1 0 0 2 0 1 0 0 -1 0 -2 2 0 0 0 0 0 0 0 0 -2 0 -2 0 0 0 -2 2 1 0 0 1 0 -1 -2 -1 -1 0 -2 2 0 0 2 1 2 0 0 0 0 0 0 2 0 0 0 -2 0 0 0 0 -2 2 0 0 -2 -2 -1 2 0 0 0 0 0 -2 2 2 1 -1 -2 0 1 -1 0 0 1 1 2 -1 0 0 0 0 0 0 -2 2 0 0 1 0 1 2 0 0 -1 0 1 0 0 -1 0 0 2 0 -2 0 0 -1 -1 2 0 0 0 -1 0 0 0 
1 0 -2 -1 -1 0 0 0 0 0 0 2 -1 0 0 0 1 1 0 -1 0 0 0 -1 0 -1 0 -2 2 0 0 0 0 2 0 2 0 -2 1 0 -2 0 1 2 0 0 1 -1 0 0 -2 -2 -1 -2 0 -2 -1 0 0 0 0 0 -1 -2 2 2 -1 -1 2 -1 0 0 1 0 0 0 -1 0 -2 0 -2 2 2 0 -2 -1 0 0 0 0 -2 0 1 2 0 1 0 0 0 0 1 2 1 0 -1 1 -2 0 -1 -1 0 0 -2 1 -2 0 0 2 -1 2 0 0 1 0 0 2 -1 -1 -2 1 1 0 -2 -1 2 2 0 0 2 0 -1 0 0 -1 0 -2 0 2 1 0 0 1 0 2 2 1 -2 2 0 0 2 0 0 0 0 0 2 2 2 -1 0 0 0 0 0 0 0 0 -1 1 0 -1 -2 0 0 1 0 0 2 1 2 -2 -2 2 0 0 2 0 -2 -2 
0 0 2 -1 -2 -1 -2 -2 0 0 0 0 0 0 -2 0 0 0 1 0 0 0 0 -1 0 2 -2 2 -1 2 0 0 -1 -1 0 0 1 -1 0 2 1 0 0 0 -2 0 0 0 0 -2 0 1 0 0 2 2 0 0 1 -1 -1 0 0 0 -2 2 -2 -1 0 1 0 1 0 0 0 1 1 2 -2 0 2 0 -2 0 0 0 2 0 2 1 0 -2 1 2 -1 0 0 0 0 -1 -2 0 2 0 -2 0 0 1 -2 0 0 0 0 0 0 -1 -1 -1 0 0 0 0 0 0 -2 0 -1 0 1 2 0 0 -1 0 2 2 -1 0 0 1 0 1 2 0 -1 0 0 0 1 1 0 0 0 -1 0 -2 -2 0 0 -1 0 0 0 -1 1 -1 0 -1 2 0 -1 0 0 0 1 0 1 1 2 1 -2 0 0 0 -2 0 -1 0 2 0 0 0 0 1 0 -1 0 0 1 0 
0 -1 0 0 0 2 0 -1 1 0 0 -1 0 0 -2 0 0 2 2 -2 0 1 0 1 0 1 0 0 2 0 0 -2 2 -1 0 1 0 2 -2 -1 2 -2 0 -1 1 -1 0 1 0 0 -2 0 2 0 2 2 0 0 0 -1 0 0 0 0 2 -1 -1 -2 0 0 -2 2 0 -1 0 0 0 0 0 0 -1 0 -2 0 0 0 -2 0 0 0 -1 -2 0 0 0 1 0 1 2 -2 0 0 0 0 -1 0 0 -1 -1 0 0 -1 -1 0 -2 0 0 0 -2 0 -1 2 0 0 0 0 0 -2 0 0 1 0 0 0 -1 -2 -2 0 0 2 1 1 -1 0 -1 0 0 2 2 2 -2 0 0 0 2 2 -1 0 0 1 0 0 1 2 -2 -1 0 0 0 -1 -1 -1 0 0 0 0 0 0 0 1 0 0 -2 0 0 2 0 0 0 0 0 2 1 0 0 -1 0 0 0 -1 
-1 2 0 0 -1 0 0 -2 2 0 0 2 0 1 2 -2 0 0 0 0 1 0 0 0 0 0 0 0 1 0 1 0 0 1 -1 -2 2 0 -1 0 1 2 0 0 0 0 0 -2 0 1 1 0 -1 1 0 1 0 2 0 0 -1 0 0 0 0 1 2 0 2 0 1 0 0 1 0 0 1 2 0 1 0 0 0 -1 0 0 0 0 1 0 -1 1 0 0 0 1 2 -2 2 0 0 0 0 -2 0 2 0 -1 2 1 0 -1 0 1 2 -2 -1 0 -2 2 0 2 -1 0 0 0 -1 0 0 -2 -2 -2 2 0 -2 0 0 0 1 0 2 -2 0 0 -2 -1 0 2 0 0 0 0 -1 0 0 1 0 -2 0 0 0 2 0 -2 0 0 2 0 0 1 -1 0 1 1 0 0 1 2 0 2 0 0 1 0 0 -2 2 0 -1 0 0 1 1 0 0 2 -2 0 -2 0 
0 -2 0 -2 2 1 0 2 -1 0 0 0 2 0 0 1 0 0 -2 2 -1 1 -1 1 0 -2 2 -2 -2 -2 0 1 -1 2 -2 0 1 0 0 2 0 2 0 0 -2 2 0 -2 1 -1 2 2 0 0 0 0 0 0 -2 0 -2 0 -1 0 -2 0 0 1 2 0 0 0 0 0 -1 1 0 -1 -2 0 0 2 0 0 1 0 0 0 0 0 0 0 0 0 1 1 1 2 0 0 1 0 0 1 0 -1 0 -1 2 0 0 0 0 0 2 0 0 -1 0 2 2 0 2 2 0 -2 -2 0 1 0 1 -2 2 -2 2 2 -2 -1 -1 0 1 2 -2 -1 2 2 -2 1 0 1 -1 0 -2 0 0 0 -1 2 0 1 0 0 0 1 0 -1 0 0 0 2 0 0 -1 2 0 0 -2 0 0 0 0 1 0 0 0 -2 1 1 1 0 2 2 0 -2 1 0 2 1 0 0 
-2 0 0 0 2 -1 -2 0 2 2 1 0 -1 0 0 0 1 2 0 1 0 0 1 0 2 1 1 0 1 0 -1 0 0 -1 0 -1 -1 0 -2 -1 -2 2 0 0 0 0 -2 -1 -1 0 1 -1 0 -2 -2 0 2 2 1 0 0 0 -2 0 0 2 1 2 0 2 -2 0 -1 0 -2 -1 0 0 0 -2 0 0 -2 1 1 2 0 0 1 0 0 -2 0 0 0 2 0 -1 -2 1 0 2 0 0 0 0 0 1 -1 0 0 0 2 2 -1 0 0 1 -2 -1 0 2 -2 0 0 0 0 -1 0 -1 0 -1 0 2 1 2 0 0 -2 -1 0 0 1 1 0 2 1 -2 0 0 2 0 -1 -1 2 -2 0 0 0 2 -1 0 0 0 0 -2 1 1 2 -2 0 2 0 -2 0 -1 2 2 0 2 2 2 0 0 -1 2 0 0 0 0 0 -2 -2 0 -1 1 0 1 0 0 
-2 0 1 0 0 2 0 0 -2 -2 2 0 0 -1 1 -1 2 -1 0 2 -2 0 1 0 0 0 -1 -1 -1 0 2 0 -2 0 -1 0 0 1 0 -2 0 0 -1 0 0 0 -2 1 0 1 1 0 0 0 -2 1 -2 0 0 0 2 1 0 -1 0 0 2 0 -1 1 1 -2 1 0 0 0 0 0 2 1 0 -2 2 1 -2 1 0 2 0 1 1 2 0 0 2 0 0 1 0 0 -1 -1 2 1 2 -2 1 0 -1 0 0 1 2 -2 0 1 -2 -2 -2 0 0 1 0 1 0 0 1 0 -1 0 0 -1 1 0 0 -1 -2 1 0 0 0 2 0 0 1 2 0 0 0 2 0 -2 -1 1 2 -2 0 0 2 1 0 2 0 -1 -2 -1 0 1 0 0 0 1 0 0 -2 0 0 0 -2 0 0 0 2 0 0 0 0 2 2 0 0 -2 0 0 2 -1 -1 0 -2 1 
0 2 0 0 1 2 0 0 -1 0 -2 2 0 -1 0 1 0 -2 -1 2 0 0 1 0 -2 0 0 0 0 0 -1 0 -1 -2 1 -2 1 -2 -1 -2 2 0 0 1 0 0 -1 0 -1 -1 1 0 0 0 1 2 0 0 1 2 0 0 0 -2 1 0 2 0 0 0 0 1 1 1 0 2 0 0 1 0 0 0 0 2 0 1 0 0 0 0 0 0 0 2 0 0 0 -1 2 2 0 -2 1 2 0 0 0 0 -1 2 1 1 0 1 0 0 2 0 -2 2 -1 -1 0 2 -1 2 0 2 0 2 0 0 0 0 1 -1 -2 -2 0 1 0 -1 0 0 2 -1 0 0 -2 2 0 0 0 0 2 -2 0 -1 2 2 -1 0 2 0 2 -1 0 0 0 0 2 0 0 -1 0 0 0 0 0 0 0 -1 0 2 2 -1 0 0 1 0 0 2 0 0 0 0 0 0 0 0 
-1 0 -1 -2 0 -1 -2 2 1 0 -1 0 0 0 0 2 0 0 2 2 0 2 1 0 0 0 0 2 0 0 1 -2 2 1 0 0 0 0 2 -1 0 0 2 0 1 2 0 0 0 0 -2 0 -1 -1 2 0 0 0 -2 1 2 0 -2 0 0 -1 0 0 0 1 -2 1 0 0 0 -1 0 0 0 -2 0 0 -2 0 -1 0 2 -1 0 -2 1 0 2 -2 1 -1 0 2 1 2 0 -1 -1 0 -2 -2 -1 2 0 -1 -2 0 2 1 -1 1 0 -1 -1 1 1 0 0 1 0 0 0 0 0 -1 1 1 -2 0 -1 -1 1 0 0 1 -2 -2 0 0 -1 0 1 2 1 0 2 -2 2 0 1 0 0 0 2 0 0 2 1 0 2 -1 -2 1 0 0 0 -1 2 0 1 0 1 -1 0 -2 -2 0 2 2 -2 -1 0 -1 0 0 0 2 0 0 1 0 0 2 -2 0 
0 0 2 -1 0 0 0 0 0 0 0 -2 0 0 0 0 0 -2 0 0 0 0 -1 0 -1 0 -2 0 2 -1 0 2 -2 -1 0 -2 0 0 0 -2 0 0 0 0 0 1 1 -1 2 1 0 -1 -2 -1 1 1 0 0 -1 0 2 0 0 0 0 0 0 0 -1 0 1 0 -1 1 0 0 1 0 1 1 0 -2 2 0 -2 -1 0 -1 0 0 -1 1 -2 0 1 0 -2 0 -1 0 -1 2 1 0 -1 0 0 1 -2 0 1 0 -1 0 0 -1 0 0 -2 -2 0 -1 0 0 0 0 0 0 0 0 0 -2 -2 0 0 0 -1 -2 1 0 0 1 0 0 -2 -1 0 0 -1 1 1 1 0 0 0 0 2 0 0 2 0 2 -2 0 0 2 0 -2 0 2 1 -2 0 2 2 0 0 -1 0 0 1 0 -1 1 1 0 0 0 0 2 -1 0 0 0 -1 -1 0 1 1 0 
2 0 0 0 0 0 -1 -2 0 0 1 -1 2 -2 -2 2 0 0 -2 -1 0 1 0 -2 2 0 -2 -1 -1 0 0 0 1 1 -2 0 0 -2 2 1 -1 0 2 -1 0 -1 -2 0 -1 0 -2 0 0 -1 2 -2 0 2 0 -2 1 -1 1 -1 1 -2 0 0 0 0 0 0 0 2 0 0 -2 0 0 0 0 2 0 2 -2 0 -2 0 0 2 2 -1 0 2 0 -1 1 0 0 0 2 2 0 0 -1 0 0 2 0 1 1 -1 0 -2 0 2 0 -1 -1 1 -1 0 0 -1 1 1 0 -2 0 0 -1 0 0 0 0 0 0 2 1 0 0 1 -1 2 1 0 1 1 2 -2 0 0 -2 1 0 0 -1 0 0 0 2 0 2 0 -1 0 0 0 -2 1 1 0 1 2 1 -1 0 0 -2 0 1 0 0 0 0 0 0 0 0 0 0 0 0 0 0 -1 0 -2 2 2 
0 -1 2 2 0 0 0 0 0 -1 -1 0 1 0 1 0 0 1 1 0 2 1 2 -2 0 0 0 0 0 0 -2 2 0 0 0 0 1 0 0 0 2 2 0 -2 0 2 0 0 0 2 0 0 0 0 0 -1 0 2 0 2 -1 0 2 0 0 1 0 0 1 -2 2 -2 0 0 -2 0 -1 -2 0 1 0 0 -2 0 0 0 0 2 -2 -1 -2 2 0 0 1 0 2 2 1 0 2 0 0 -1 0 -1 0 -1 0 0 1 0 1 0 0 1 0 -2 1 -2 0 2 1 0 1 0 1 0 1 0 2 0 1 -2 -1 1 0 0 0 -2 -2 2 -2 0 0 0 0 1 1 0 0 0 1 -2 1 -1 0 0 0 0 0 0 0 0 0 0 0 -1 2 1 0 0 2 0 0 0 0 2 0 0 0 -2 -2 0 2 0 -1 0 0 0 0 0 2 -1 0 0 0 -1 0 0 
2 -1 0 0 0 0 0 0 -2 1 0 0 0 1 1 0 0 1 -1 0 -1 1 1 0 2 -1 -2 0 -2 2 1 0 2 -1 0 -1 0 -1 1 0 0 1 -1 0 0 0 0 0 -1 0 0 2 1 -2 -2 0 0 1 1 0 1 0 1 -1 2 0 2 -1 0 0 0 1 -1 0 -2 0 0 0 -1 -1 -2 -2 2 2 -1 0 0 0 0 1 0 0 2 0 -1 0 0 0 -2 0 0 0 0 0 2 -1 0 0 0 -1 -2 2 -1 -2 0 2 0 0 -1 0 0 0 -2 2 1 -2 0 0 2 0 0 -2 2 0 0 0 0 0 0 0 1 0 2 0 -2 1 -1 0 -1 2 1 1 2 1 0 0 2 -1 0 -1 0 -1 0 2 -2 2 -1 0 -2 1 2 0 -1 0 2 0 1 -1 2 -1 -2 -1 2 0 0 2 1 0 1 -2 -1 0 -2 1 1 0 -2 -1 -2 2 
2 0 2 0 0 2 0 0 0 0 0 0 -2 0 0 -2 0 0 0 0 -1 1 -1 2 0 -2 0 0 0 0 -2 2 0 -1 -2 -2 1 0 -2 -2 2 -2 0 0 0 0 0 -2 -1 0 0 -1 0 0 -2 -2 0 0 0 -1 0 0 2 0 2 -2 0 -1 1 0 0 0 0 0 0 0 -1 -2 2 -2 0 0 2 -1 2 0 0 0 0 0 0 2 1 2 0 0 2 2 -2 -1 -1 1 0 1 1 0 -2 1 2 0 -2 -1 1 0 0 -1 0 -2 1 -2 1 -2 2 0 1 2 0 -1 0 0 1 0 0 2 1 -2 0 0 0 -1 0 0 0 2 0 -2 2 -1 0 0 -2 -2 1 -1 2 -1 0 2 0 0 0 -1 0 0 0 0 2 0 -1 0 1 -1 0 1 0 2 -2 -1 2 2 0 -2 2 0 0 -1 -2 2 0 0 -2 2 -2 -1 0 0 0 0 0 0 
1 -2 1 0 0 2 1 0 -2 -2 -1 0 0 0 -2 -1 1 -2 1 0 1 0 0 0 -1 0 0 2 0 1 0 0 0 0 1 0 1 1 0 0 1 -1 0 0 -1 0 0 -1 0 0 -1 -2 2 0 2 0 2 -1 0 0 0 0 0 -2 0 -2 2 0 -2 0 0 0 0 0 0 2 0 0 1 -2 0 -1 0 -1 0 0 0 -2 0 2 0 0 0 0 1 -1 -2 0 1 -1 0 -2 0 0 0 0 1 0 2 1 0 -1 0 0 2 1 0 -1 1 0 2 2 -2 -2 0 -1 0 2 -1 0 -2 -2 0 0 0 0 -1 1 -2 0 0 2 2 -2 1 0 0 -2 0 0 1 0 1 1 0 0 0 0 2 -1 -2 0 0 0 2 -1 2 -1 1 -2 2 0 -1 -1 -1 0 0 1 0 1 0 0 1 1 0 0 0 0 -2 0 2 0 0 0 -2 -1 2 0 0 -1 
0 0 0 0 0 0 -1 2 -1 0 2 0 1 0 2 1 -2 0 -2 1 0 2 0 -2 0 0 2 -1 0 0 0 0 -1 0 0 -1 0 0 0 -2 0 0 1 0 -1 0 2 -2 2 0 1 0 -2 0 0 1 0 -2 0 1 -2 -2 0 2 -2 0 0 2 0 -1 2 2 0 0 0 0 0 -2 0 0 0 2 0 0 0 -1 0 2 1 2 2 0 0 0 0 -1 1 0 0 -1 0 2 0 2 -2 0 -1 0 0 0 0 1 -1 0 0 0 0 0 0 1 1 -1 -2 2 0 -2 0 -1 -1 0 -2 0 0 -1 -2 2 1 0 0 2 0 0 0 -2 2 2 -1 0 0 0 -1 0 2 0 0 0 -2 -2 0 0 0 -2 -2 0 0 -1 0 -2 0 0 1 0 0 0 0 0 0 -2 0 -2 -1 0 -2 -2 -2 0 1 0 0 0 -1 2 0 0 1 0 0 0 1 0 
1 1 1 0 -2 0 -1 0 -1 -1 0 -2 0 0 0 2 -1 -1 2 -2 2 0 -2 1 1 2 1 0 -1 -2 0 0 0 0 0 1 2 -2 -2 0 -2 1 -2 -1 0 1 1 0 0 2 0 0 0 2 2 -1 -2 0 2 0 0 0 0 2 1 2 2 0 -1 2 -2 2 0 0 0 1 1 -2 -1 -2 0 0 2 -2 1 -2 -2 0 0 0 0 0 -1 1 0 -1 -2 0 0 2 1 0 0 0 0 0 0 0 -2 0 2 0 0 -1 0 0 2 0 0 0 0 0 2 2 1 -2 -1 0 0 2 0 -2 -1 -2 0 -1 1 2 1 1 0 1 0 1 1 -1 0 2 0 2 0 1 2 0 0 1 -2 2 0 0 0 2 0 1 2 0 0 0 -2 0 -1 0 -2 -2 -1 0 -1 0 -2 0 -2 0 1 0 0 0 2 -1 0 2 2 0 0 0 0 0 -2 1 0 -1 
1 2 -1 2 0 -2 0 -2 -2 2 -2 0 -1 0 0 -1 0 -2 -2 2 2 0 0 0 -1 0 2 -1 1 1 2 0 -1 0 -2 0 -2 0 0 0 0 1 0 -2 1 2 0 0 0 0 0 0 -1 -1 2 -1 -1 -2 -1 2 -1 0 0 2 2 1 -1 1 2 0 -2 0 0 0 2 0 0 0 -2 -2 2 1 0 -1 2 0 1 1 0 2 2 0 -1 -2 2 -1 -1 0 0 2 0 -1 0 0 -2 0 0 -1 1 0 2 1 0 0 1 0 0 0 0 2 0 0 -2 -2 1 2 0 0 -2 0 -2 0 2 -1 1 0 2 0 1 0 0 0 2 -2 0 1 -1 0 0 0 0 -2 0 0 1 0 0 0 0 -1 0 1 -1 0 -2 0 2 0 -1 1 0 1 -1 0 0 0 0 -1 1 1 2 0 2 0 0 -1 -2 0 0 0 -2 -1 0 0 1 -1 1 1 0 1 
2 2 0 0 0 2 0 1 -2 2 -1 -2 0 -2 1 1 2 0 -2 0 0 0 0 -2 -2 2 1 0 2 2 0 0 0 0 1 0 0 0 1 0 1 0 0 0 -1 -2 1 0 -2 0 0 -2 -2 -2 0 0 0 -1 -1 0 0 0 0 -2 0 1 0 -1 -1 2 1 0 -2 2 -2 0 0 1 0 0 0 0 0 -2 0 0 -2 2 0 0 0 -2 -2 2 0 -2 -2 0 0 -2 2 2 -2 2 -2 1 0 0 2 1 0 0 0 0 -2 -2 2 0 0 0 0 1 -2 -2 0 0 -2 0 -2 0 0 0 0 -2 -1 0 -1 0 0 2 0 -1 0 0 0 0 -2 2 0 -1 -1 0 0 0 -2 0 -1 -2 -2 2 0 0 0 2 2 1 0 1 1 2 -1 0 -1 1 1 0 1 2 0 1 0 0 0 1 0 -1 0 -2 0 1 0 0 0 -2 0 1 -2 2 -2 0 
-2 0 1 1 -2 0 0 2 0 0 -1 0 0 0 -1 0 0 0 2 0 -2 0 0 0 1 -2 0 0 1 -2 -2 1 0 -2 1 -2 0 -1 -2 -1 0 0 0 2 2 0 1 0 2 0 1 0 0 0 0 1 1 -1 -2 0 2 0 -1 1 0 0 -2 0 1 -1 1 1 -1 0 0 -1 0 -2 0 0 0 -1 0 0 1 -2 0 -2 -2 2 0 2 0 2 2 0 1 0 0 1 1 0 1 2 -2 2 1 -2 0 0 -2 0 0 1 2 0 0 -1 2 2 -1 1 0 -1 0 0 -2 0 1 0 -1 1 0 -2 0 0 -1 -1 2 2 0 0 1 0 2 0 0 0 0 1 0 0 2 -1 0 0 -2 0 -1 0 0 2 0 0 0 1 1 0 0 0 0 0 0 0 -2 1 2 0 0 2 -2 1 0 2 2 0 -1 0 2 2 0 0 -2 1 2 0 0 -1 -1 -2 
-2 0 0 -2 0 1 0 2 -1 0 -1 2 0 0 -2 0 1 0 0 0 0 0 0 1 -1 -1 1 1 0 0 -2 -2 0 2 1 0 -1 1 0 1 -1 -2 0 -1 0 -1 0 0 -1 0 -2 -1 0 0 -1 0 0 0 0 0 0 0 0 0 0 1 -2 -1 2 0 1 0 0 -2 1 -1 -2 -1 -2 0 0 2 0 -1 0 0 0 0 1 0 1 0 0 -1 -1 -1 0 0 0 0 1 2 0 0 0 -2 -2 1 0 0 0 -2 0 0 0 -1 0 2 -2 -1 1 1 0 0 -2 0 0 -2 1 1 -2 -2 0 -2 -1 1 -1 -1 2 0 0 -1 1 0 0 -1 0 0 1 1 1 2 0 -1 1 2 0 -1 0 -1 2 1 0 -1 0 -1 0 0 0 -2 0 0 -2 1 1 -1 0 -1 0 -1 0 0 1 0 0 -1 0 -2 -2 0 1 -2 0 0 0 1 0 0 0 -1 
0 0 2 0 -2 -1 0 0 2 -1 0 -1 0 0 0 0 0 2 0 0 1 0 0 -1 0 0 -1 2 0 -2 -2 0 2 0 2 0 1 2 -2 0 -2 -2 -2 1 1 0 0 1 0 0 2 0 -2 -1 0 -2 -1 -2 0 0 -2 -2 0 1 -2 0 0 1 0 1 2 -1 -1 2 -1 0 0 1 0 -1 0 0 -1 0 1 0 0 0 -2 -2 0 -2 0 0 0 0 0 0 0 0 -2 1 2 0 -2 0 -2 2 1 -2 -2 2 -2 1 0 0 2 0 -1 2 1 0 0 0 0 0 0 0 0 1 0 1 0 2 0 0 -1 -2 -1 0 0 2 2 -2 -2 0 -2 0 1 -2 0 0 0 0 0 1 2 0 0 -2 0 -2 -1 0 0 0 2 0 2 -1 0 0 -2 -2 0 0 0 -1 0 -1 0 2 0 0 0 1 0 1 2 1 1 1 0 2 1 0 -2 -2 0 0 
2 0 0 0 -1 2 -2 2 0 0 0 0 2 2 0 0 -2 0 2 2 0 0 -2 2 0 0 2 0 0 0 -2 2 0 -2 0 2 0 -2 -1 -2 0 0 2 0 1 0 0 0 -1 0 -1 0 0 0 1 1 0 -2 -1 -2 0 0 -2 -1 0 -1 -2 0 0 0 2 0 -1 0 2 0 0 1 0 -2 1 1 -1 2 0 0 -1 1 -1 2 -2 -1 1 0 1 0 0 0 0 0 2 -1 0 0 1 0 1 0 2 0 1 0 0 -2 2 1 1 -2 0 0 -2 0 -2 -1 0 0 -1 -1 -1 1 -2 0 0 2 -1 0 1 2 0 -2 0 0 0 1 1 0 -2 0 -1 0 0 0 2 0 2 0 0 -1 0 0 -2 2 1 2 1 -1 0 2 0 1 2 1 1 2 1 1 0 2 0 0 0 1 0 0 0 2 0 0 0 -2 2 1 0 1 2 2 -1 0 0 0 
0 0 1 -1 0 0 -1 0 1 2 0 0 0 2 0 0 0 0 1 0 0 -2 -1 0 -1 2 -1 2 0 0 0 0 2 2 -2 -2 2 0 -1 0 2 0 -2 0 0 -2 0 0 -1 0 -1 0 1 2 0 2 -2 0 0 -2 0 -1 -2 0 0 2 1 1 0 0 1 0 2 0 0 1 0 -2 2 2 0 0 0 -1 0 -2 0 0 0 -1 2 1 0 1 0 -1 0 -2 0 0 1 0 0 0 -2 -1 0 0 0 0 0 -1 1 0 0 -1 -1 0 0 0 0 0 2 0 0 0 0 -2 0 1 -2 -2 0 0 2 0 1 0 0 -1 2 2 -2 -2 -2 1 -2 2 2 -2 -1 -1 0 0 -1 0 -2 0 0 -2 0 0 -1 0 2 0 0 -1 0 0 0 1 1 0 0 0 -1 2 0 1 2 -2 -2 0 0 -1 -2 2 1 2 -1 1 -2 1 2 -1 0 0 0 1 
0 -1 0 0 2 1 0 1 -1 0 -1 0 0 -1 0 0 0 2 0 0 0 0 0 0 -2 1 2 0 0 0 0 -2 0 -1 2 1 0 0 -2 -1 0 0 2 1 1 0 0 0 2 2 0 0 -1 -2 2 1 0 -2 -2 -1 0 0 0 0 0 2 -2 1 1 1 0 0 1 -1 0 2 2 0 -2 0 0 0 0 0 -2 0 1 0 0 1 0 -1 0 2 0 1 1 0 -1 0 0 0 0 0 0 -2 0 0 2 0 1 2 2 -1 0 1 0 -1 -1 -2 0 0 0 -1 0 0 1 0 -1 -1 2 -1 -2 -2 0 1 -1 2 0 2 0 1 -2 -1 2 0 0 0 -1 0 1 -2 0 -2 0 0 2 1 1 0 0 0 0 2 0 0 0 0 0 0 2 2 0 0 -2 -2 0 -2 0 -1 0 1 0 -1 0 0 0 0 -1 1 2 -1 -2 0 1 -2 1 0 -1 0 
1 -1 0 -2 0 -1 0 0 1 0 2 0 0 0 0 0 0 1 0 2 2 -1 0 -1 1 1 2 2 -1 0 1 0 2 -1 1 0 -2 -2 0 2 2 0 0 2 1 -2 1 0 -2 0 -1 0 1 -2 2 2 2 -2 -1 1 1 0 0 2 0 2 0 2 2 1 0 0 -1 0 0 0 0 1 0 0 0 -2 -1 0 2 0 0 0 -2 0 2 2 0 1 -2 -1 -1 -2 0 0 -2 -2 2 -2 2 0 1 0 0 0 0 -1 0 1 0 0 -1 0 -1 1 -2 1 0 0 0 1 -1 1 0 2 0 -1 -1 0 -1 0 0 -2 1 2 0 0 0 0 0 1 -1 1 -2 -1 0 -1 0 1 0 0 -1 0 0 -1 0 2 1 0 1 0 0 2 0 0 0 0 0 -1 0 1 0 -2 0 2 -1 0 0 -2 0 -1 -1 1 -1 0 0 0 2 2 -1 -1 -1 0 1 0 
-2 0 -1 2 2 0 0 -1 -1 0 0 0 0 0 -1 0 0 1 -2 1 2 2 0 -2 0 -1 2 -2 0 0 0 0 0 0 0 0 -1 2 1 -2 -2 0 0 1 0 0 -1 2 0 0 0 2 0 0 1 0 -2 0 1 0 -1 -1 2 -1 -2 0 2 -2 0 -2 2 0 2 0 1 -1 -1 2 1 0 0 0 -2 0 0 0 -2 0 0 0 2 1 0 0 -1 0 -2 0 0 0 -1 0 2 -1 -1 1 -1 0 0 1 0 0 -1 0 0 0 0 0 0 0 0 0 1 0 0 -1 0 0 0 -2 -2 -1 -1 0 -2 -2 0 -2 1 0 -2 -1 -1 0 0 0 0 2 0 1 0 0 1 0 0 0 1 2 1 -1 0 0 1 0 -2 0 -2 1 0 2 -1 0 -2 0 0 0 0 0 0 -2 2 0 -2 2 0 2 1 0 0 -2 -1 0 2 0 0 -1 -2 0 -2 0 
-2 0 0 0 0 0 0 0 0 1 0 1 -2 2 -1 -2 2 1 -1 -1 0 2 -1 0 0 -1 -2 0 2 2 0 -1 -1 -2 -1 0 0 0 1 0 0 0 -1 0 0 0 0 0 0 2 -1 -1 0 2 0 0 0 0 0 0 0 2 -1 1 0 0 0 0 0 0 0 1 0 0 0 0 0 1 0 1 1 0 2 0 -1 -2 0 0 -1 1 0 0 0 0 0 0 0 -2 0 1 0 0 2 1 2 2 0 0 0 0 0 0 2 -2 1 -2 -2 0 0 0 0 0 1 0 2 0 -2 1 0 0 0 0 0 -2 -1 -2 -1 0 0 0 -2 -2 1 2 0 0 0 0 1 -2 0 2 2 1 0 0 -2 -1 0 -2 -1 0 2 -1 2 0 -2 0 2 1 -2 1 -2 0 -1 0 0 -1 0 0 0 -2 0 0 1 0 1 2 0 0 0 2 2 0 0 0 2 0 -1 1 
0 1 -1 1 0 0 0 1 -2 2 0 0 -1 0 0 0 2 -2 -2 0 -2 2 0 0 1 0 1 -2 0 1 -1 -2 0 0 0 2 2 0 0 1 -1 0 1 1 2 -1 1 2 0 1 0 -1 -1 0 0 0 -2 1 0 0 2 2 2 -2 -2 -2 0 0 0 0 -2 0 2 2 -1 0 2 1 0 0 -1 0 2 1 0 0 1 0 0 0 0 1 0 0 0 2 0 -2 0 0 2 -2 1 -1 0 0 -1 2 0 -1 1 0 0 1 0 -2 -1 0 1 -2 -1 -1 1 2 -2 -2 -1 2 0 0 0 0 0 0 -1 -1 -2 1 2 1 0 0 -2 0 0 -1 0 -2 0 1 2 -1 -2 -2 1 2 2 1 -2 0 -1 -2 -2 0 1 0 0 0 2 0 0 2 0 0 0 0 2 -1 0 0 2 0 -1 -1 0 -1 0 0 -1 0 0 0 0 0 0 -2 -2 0 2 0 
2 0 0 -2 0 0 1 0 1 0 1 1 -2 1 0 -2 -2 0 1 0 1 0 1 1 0 -2 1 0 0 -2 2 0 0 0 2 0 -1 0 0 -2 -2 0 0 0 2 0 0 1 -1 0 0 -2 0 -2 0 0 2 0 2 0 2 2 0 1 -1 0 -2 0 0 -1 -1 0 1 0 0 1 -2 0 -2 0 0 0 -2 0 1 -2 -2 0 1 -2 1 0 0 2 0 0 -1 -1 0 0 -2 0 -1 1 1 1 0 -1 -2 0 0 0 0 -1 1 1 2 0 0 0 0 2 2 0 -1 0 -1 0 -1 0 -1 1 0 0 0 0 0 1 0 2 0 -1 1 0 0 0 0 0 0 0 -2 0 -1 -1 -1 -1 2 1 1 0 0 -2 0 -1 0 -1 -1 0 -2 0 -1 0 2 0 0 0 1 0 0 0 0 0 0 -2 1 0 2 2 -1 0 0 0 -1 0 0 0 2 2 0 0 
0 0 0 0 2 0 0 1 0 -2 0 2 -1 -2 0 2 0 0 0 2 2 0 -2 -1 0 0 0 2 0 0 0 0 0 2 1 0 0 -2 0 0 0 1 1 -1 0 1 2 1 0 -2 -1 0 -1 0 0 1 -1 1 1 0 2 0 0 -1 -1 0 -1 0 -2 1 2 -1 0 0 -2 0 2 2 2 -2 0 0 0 0 1 0 0 -2 -2 0 0 -1 0 0 2 0 0 1 -2 0 2 0 1 0 2 1 0 2 0 0 1 0 2 -2 1 0 0 0 -1 -2 0 0 0 0 -2 1 2 0 0 -1 -1 0 0 0 1 0 -2 1 0 2 -2 1 0 -2 0 2 2 0 1 1 -1 0 0 0 -2 1 0 2 2 0 0 1 0 0 0 1 0 -2 -2 -2 0 0 0 1 2 -2 0 1 -1 0 -1 1 1 1 1 1 1 -1 -2 -1 0 1 0 0 -2 0 1 0 1 -1 
-2 0 0 0 0 -2 0 -1 -1 0 0 0 0 0 0 1 2 0 0 -1 0 0 -2 -2 -2 0 1 0 0 0 -1 0 1 0 -1 0 1 0 -1 0 0 -2 -1 2 0 -2 0 2 1 -1 1 -2 0 0 0 2 2 1 1 0 0 0 0 0 -2 -2 -1 0 1 0 -1 1 -2 0 0 -2 1 0 0 2 1 -1 0 0 -1 -1 0 0 1 2 0 0 1 -1 0 2 0 0 2 0 -2 0 -1 1 0 0 0 0 2 2 -1 2 -2 0 0 0 2 1 0 2 1 0 1 0 0 0 -2 0 -2 -1 2 0 1 0 -1 2 -2 2 0 0 -1 0 1 -1 0 1 0 1 -2 0 0 -1 0 1 -2 2 0 0 0 0 -2 -1 1 0 -2 1 0 0 2 0 0 0 0 0 0 0 0 0 -2 -2 -1 -2 0 0 -2 0 0 2 0 -1 -1 -1 0 0 -1 0 -1 1 -1 0 
0 -1 -1 -2 0 2 2 2 -2 -1 2 0 0 1 2 1 0 0 0 0 0 -1 0 1 2 1 0 0 0 0 -1 1 0 0 -1 1 0 0 2 0 -2 2 2 0 -1 1 0 2 0 2 1 0 0 2 -1 2 -1 0 0 2 0 0 0 0 -2 -1 0 0 0 0 2 0 0 0 0 2 0 0 -1 0 -2 2 -1 1 0 0 -1 -1 1 -1 0 -1 0 1 2 0 0 -2 0 0 0 1 0 -1 0 2 1 2 0 -2 2 -2 2 0 1 1 -2 2 0 0 1 0 1 0 -2 0 -2 2 1 0 2 -1 0 0 0 0 0 2 1 0 -1 -1 -2 2 -2 0 0 0 1 0 2 -1 1 2 2 -2 0 1 -1 -1 1 -2 -1 0 -2 0 2 0 0 0 0 0 0 2 -2 -2 0 0 0 0 0 0 2 -1 0 1 1 1 0 0 0 1 0 0 0 2 0 -1 0 2 
-1 -2 0 0 0 -2 0 0 -1 0 -2 0 -1 -1 0 2 1 0 -1 2 0 -1 0 0 0 0 0 -2 0 0 0 -1 2 -2 2 1 -2 -2 2 0 -1 -1 -1 -1 2 2 1 0 2 0 2 -1 1 0 1 2 -1 0 -1 0 0 1 -1 0 -2 -2 -2 0 0 -2 0 -1 0 2 0 2 -1 0 0 0 -2 -2 2 0 0 0 2 2 0 2 2 0 1 0 -2 -2 0 0 1 2 -2 0 0 1 -1 0 0 0 0 0 2 0 -2 2 -2 -2 1 -2 1 1 0 1 0 -2 -1 0 0 -2 0 2 0 0 -1 -1 0 -1 0 2 0 0 -1 0 2 0 -2 -1 -1 -2 -2 2 1 2 0 2 -2 -2 0 0 0 0 0 -2 1 1 1 2 1 0 0 0 -2 0 1 0 1 0 -2 0 0 1 -1 1 -1 -2 0 -2 2 0 -2 1 0 0 0 0 -1 0 -2 -2 1 0 
2 -1 0 1 0 -2 1 0 0 -2 0 -1 2 -1 0 0 -1 -1 0 -1 0 0 0 1 0 1 1 2 2 0 -2 1 2 -2 2 0 0 0 -1 -1 2 -2 -2 2 -1 0 0 0 0 -1 2 1 0 0 0 0 2 0 0 0 1 0 -1 0 -1 -2 2 0 -2 1 1 2 0 2 0 -2 1 1 0 -1 0 0 1 -1 0 0 0 0 0 0 0 1 0 0 -1 0 0 2 -2 2 2 0 0 -1 0 0 1 2 2 0 -1 -1 -1 0 0 0 0 0 2 2 0 -1 1 -1 1 -1 -2 2 2 1 2 -1 1 0 -2 0 0 0 1 -2 -1 0 0 2 -2 -2 0 1 -2 0 -1 1 0 1 -1 0 -1 0 -2 -2 0 0 2 0 1 0 -1 0 0 0 -2 0 2 0 -2 0 0 0 0 2 1 2 1 1 -1 0 1 0 0 2 0 0 -2 2 0 0 0 -2 0 0 
0 0 2 1 0 0 0 0 1 0 1 -1 0 0 2 0 0 -2 -1 -2 0 0 0 -2 0 2 2 -2 -2 0 -1 1 0 0 2 0 0 0 -1 0 0 -1 0 0 -1 0 0 -2 0 0 1 -2 0 0 -2 0 0 2 2 2 1 1 0 -1 0 0 -2 0 2 0 -2 0 0 1 0 0 -2 1 0 2 0 -2 2 0 0 0 0 0 0 0 0 0 0 0 0 -2 -1 2 1 0 -1 -2 -2 0 0 0 0 0 0 0 1 -1 2 -2 0 2 2 -1 -2 0 0 0 0 1 -1 1 2 -2 -1 0 -1 0 1 2 0 0 0 -1 0 0 0 -1 0 0 0 0 -2 0 2 0 2 0 1 0 0 1 1 1 0 0 2 2 -1 2 -2 2 0 0 1 2 -1 -2 -1 -2 1 0 0 0 -2 0 0 1 2 0 0 0 0 0 0 -2 0 0 0 -2 0 0 0 1 -1 -1 
0 -2 2 1 0 -1 -2 1 -2 1 2 0 2 0 -1 0 0 0 2 -2 0 0 -1 0 2 0 0 2 -1 0 0 2 0 0 -1 0 -2 1 1 2 1 -1 -2 0 2 0 -2 -1 0 -2 -2 1 -1 0 0 0 -1 0 0 0 -1 0 0 1 -2 2 -2 -2 0 0 -1 0 1 0 2 0 0 2 0 2 -2 -2 0 0 -2 0 1 0 0 -2 1 1 0 -2 0 0 -2 0 -2 1 -1 2 -2 -2 -2 0 0 0 0 -2 -1 0 -1 0 -2 -2 0 0 -1 -1 -1 0 -1 -2 0 2 0 -1 0 2 0 0 0 -1 0 0 2 2 1 0 1 0 0 -1 -1 0 2 1 0 0 -2 1 -1 0 0 0 0 0 0 0 -2 0 -2 0 2 0 2 2 0 0 0 -1 1 0 2 0 -2 0 -1 -2 -2 0 -1 -1 -2 0 0 -2 2 0 1 0 1 0 0 0 0 1 0 0 
0 0 0 0 2 1 2 0 1 0 0 -2 -1 0 0 -1 -1 2 2 -2 -2 -1 0 0 0 0 0 0 0 0 -1 0 2 0 -2 0 0 -2 0 0 1 0 2 0 0 2 0 1 0 -2 0 -2 0 0 0 2 -2 -1 0 0 -2 2 0 0 -1 2 0 0 -2 0 1 0 0 -2 1 0 2 0 2 0 -2 0 -1 0 -1 -2 2 0 1 2 0 -2 0 -1 2 1 0 0 2 0 1 0 2 0 0 2 -1 0 1 0 -1 -2 -1 0 2 -2 -2 -1 -1 0 2 0 1 2 -1 2 2 0 -1 0 -2 -2 2 -2 2 -1 1 1 0 -2 2 0 2 0 1 0 0 0 -1 0 -2 -2 -1 1 -1 -2 1 0 0 1 -1 -1 0 2 0 -1 0 0 0 -1 0 0 0 0 0 0 0 1 0 -2 0 2 0 2 0 2 2 2 -2 0 0 0 0 0 -1 -1 0 1 2 -2 
-2 -1 -1 0 -1 2 0 0 0 0 0 0 -1 0 0 0 0 0 0 0 1 0 -2 1 0 -1 0 0 0 0 -2 -1 0 0 2 0 0 2 0 2 0 0 1 -1 2 -1 2 -1 0 0 1 0 0 2 1 0 -1 0 -1 0 2 0 -1 0 0 -1 1 -2 0 -2 1 2 0 2 0 0 -1 1 0 0 0 1 1 2 0 2 0 0 0 -1 0 0 2 0 0 -1 0 0 -1 0 0 0 -1 -2 -2 0 -2 -1 0 0 0 1 -2 0 2 1 -2 0 -1 0 1 0 -2 -1 -1 0 0 1 0 -1 2 -2 1 1 0 0 0 0 -2 1 0 2 0 0 0 0 0 -1 0 0 -2 -1 1 -2 0 0 -2 0 0 -2 0 0 -1 -1 0 0 1 0 2 -1 0 0 -2 1 -2 0 1 -1 -2 -1 -1 0 1 2 1 0 0 0 0 2 0 2 0 0 1 0 0 0 0 -2 
1 0 -1 -2 -1 -1 -2 0 2 2 0 -1 0 2 1 0 0 -1 -1 0 0 0 0 -2 1 0 0 -1 0 0 -1 0 2 2 -1 0 -2 0 0 0 0 0 0 1 0 -2 0 2 -2 0 -2 -2 0 2 0 2 1 2 0 2 2 -1 -2 2 0 2 -1 1 1 2 0 -2 1 0 0 -1 0 1 0 0 0 1 0 1 0 0 -1 0 0 -1 0 0 0 0 -2 0 -2 0 -1 0 0 0 0 0 0 0 2 1 0 0 1 -2 0 2 -1 -1 1 -2 0 -1 -1 0 2 1 0 -2 0 0 -2 2 2 0 0 0 -1 0 -1 0 0 0 0 -1 -1 -2 0 2 0 0 0 2 -1 -1 0 -2 0 2 -2 0 1 0 1 -2 -1 1 -2 0 1 0 0 0 0 -2 0 0 -2 0 0 0 0 0 -1 2 1 -2 0 2 2 -1 0 0 0 0 0 2 0 0 2 -2 0 2 
0 2 2 0 2 1 -1 0 0 0 -1 0 1 0 1 0 1 0 0 0 0 0 0 0 -2 -2 -2 0 1 2 0 0 0 0 0 -1 -2 2 1 0 1 1 0 2 2 0 0 0 0 0 2 -2 -1 0 2 1 -1 -1 0 0 0 1 0 0 -1 1 -1 2 0 1 1 0 -2 0 0 -2 0 0 -2 -1 0 2 0 0 0 0 0 -1 2 0 0 0 2 0 0 2 1 1 0 2 0 -1 -2 0 -2 0 0 2 2 0 0 -1 -1 -2 -2 0 1 0 0 1 2 0 1 0 0 -1 -1 0 2 0 0 -2 0 0 0 0 -1 0 -1 0 -1 1 0 0 0 -1 0 2 0 0 -1 0 0 -2 0 0 0 0 0 0 1 -1 0 1 0 -2 -2 0 -1 0 0 -2 0 -2 0 1 0 0 -2 0 0 1 2 -1 -1 0 0 0 -2 2 0 -1 0 -1 0 0 0 -2 0 -2 
0 0 0 -1 0 -2 0 0 0 -2 1 -2 0 0 0 2 0 2 -1 -1 -2 0 2 0 -1 0 1 0 0 0 -1 -2 1 -1 -2 -1 -2 0 0 -1 0 -1 1 0 -2 2 1 2 0 0 -2 0 0 0 0 0 -1 -1 -1 2 0 0 0 -2 -1 -2 -2 -2 2 0 2 1 -2 -2 0 -1 -1 0 0 0 0 -2 0 2 -2 2 -2 2 0 0 0 0 2 1 -1 0 0 -2 0 0 -1 2 1 -2 -1 1 0 0 -1 0 -1 0 0 0 0 0 0 -2 2 -1 2 0 -2 2 0 0 0 0 -2 -2 0 0 1 -1 0 0 0 1 1 -2 1 0 -2 0 -1 0 -2 0 0 2 -2 0 0 0 0 0 0 0 0 0 1 0 1 -2 0 2 -2 -1 2 -2 0 2 2 0 -2 0 -1 -2 0 -2 -1 2 -2 0 0 1 -1 2 0 0 1 2 0 0 0 0 0 2 0 -2 
0 0 -1 -1 -1 2 0 0 0 1 0 2 0 0 -2 0 0 0 0 0 0 -1 0 0 2 -1 0 -2 2 1 0 0 -2 0 1 0 2 0 0 0 0 -1 0 -2 0 -2 0 0 0 0 0 0 0 0 0 0 0 0 0 0 0 -2 1 2 0 0 0 0 -2 1 1 -2 0 0 0 -1 0 1 0 0 0 0 0 1 0 0 1 0 2 0 1 0 2 0 0 0 0 0 0 0 -2 0 0 1 -1 0 -1 0 0 0 2 0 0 1 0 0 0 -1 2 2 0 0 0 1 -2 0 2 2 0 0 0 -1 0 0 -1 0 0 0 2 1 0 0 0 0 0 -1 0 -1 -1 -1 0 0 -1 2 0 0 0 1 1 2 1 0 2 0 1 -1 0 0 0 0 0 0 0 -1 0 2 0 0 0 0 0 0 0 1 0 -2 0 -2 2 0 0 -1 0 -1 -2 2 0 1 -2 0 
0 0 -2 -1 -2 2 0 0 2 0 -1 0 -2 0 -1 1 1 0 1 -2 0 0 -2 0 -2 -1 0 0 0 0 0 0 0 0 0 0 1 0 0 -2 0 0 0 -2 2 0 1 0 1 0 0 0 2 0 2 0 0 0 0 -1 -1 -2 0 0 2 -2 2 1 -2 0 -2 0 1 0 0 0 0 0 -2 0 0 0 0 0 0 2 2 0 -2 0 0 -2 0 1 0 0 0 2 0 -1 2 2 2 0 -2 -1 -2 0 0 0 0 1 1 2 1 0 0 -2 0 1 0 0 -2 0 0 1 1 0 0 2 0 0 1 -1 -1 1 0 2 1 0 0 1 2 -2 0 -1 0 2 0 -2 0 2 -1 0 -2 -1 1 0 0 0 1 1 0 0 0 0 0 0 -1 0 1 1 -2 -1 0 0 0 0 0 1 1 2 -1 0 0 0 -2 1 0 0 2 2 2 0 -2 1 -1 2 0 -1 
2 -1 0 -1 -1 -1 -2 0 0 0 0 -1 0 -1 -2 -2 -1 2 0 0 -1 0 1 0 -2 -1 0 1 0 1 0 2 0 0 0 0 0 0 -1 -1 0 1 0 1 0 1 1 2 0 0 -2 0 1 -2 -1 0 2 0 1 -1 0 0 0 0 -2 0 0 -1 2 -1 -2 -1 0 0 1 0 0 1 0 2 1 1 -1 -1 1 0 -1 0 0 2 -2 1 0 0 1 -1 -2 0 -1 2 0 -2 -2 0 2 0 0 1 -1 0 -1 0 -1 2 0 0 0 -1 0 0 1 1 1 0 -1 -2 0 -1 0 -2 0 2 1 0 0 2 0 1 0 -2 0 2 0 -1 1 -1 -1 2 2 0 2 -2 0 0 -1 0 0 -1 0 0 0 1 0 0 0 -2 1 2 0 0 0 2 0 -1 -1 0 -1 -2 1 0 2 0 0 2 -1 1 0 -1 -2 -2 0 0 2 -2 0 0 -1 0 -1 0 
1 0 0 2 -1 0 1 0 0 -1 0 0 -1 0 0 0 1 0 0 0 0 0 -2 0 0 1 0 -2 0 0 0 0 -1 2 0 2 2 0 1 2 2 0 0 -2 0 0 1 2 -1 -1 0 0 0 0 -1 0 0 2 -2 0 0 0 0 0 0 0 -1 0 0 -1 -2 0 0 -1 -2 2 0 2 1 0 1 0 0 0 1 0 -1 0 1 0 1 1 0 0 0 0 -2 -2 0 1 1 -1 0 -1 1 0 0 1 0 -1 0 0 0 0 0 2 0 1 1 1 1 0 2 0 0 0 0 0 0 0 -2 -1 0 -2 0 -2 -2 0 0 0 0 0 0 -1 0 0 0 0 0 0 2 -2 0 0 0 0 0 0 0 -1 2 0 1 1 0 2 0 0 0 0 0 0 0 2 -2 0 -2 0 0 -2 0 -2 1 0 0 1 -1 0 0 0 0 -1 0 0 0 0 1 0 -2 2 
0 -2 0 0 0 -1 -2 2 0 -2 1 0 0 0 0 0 0 0 0 1 1 0 2 -2 0 0 -1 0 0 1 0 2 0 0 0 1 1 -1 0 -1 0 1 0 0 0 -1 0 2 2 0 -1 -1 1 1 0 0 -1 0 0 0 1 0 2 0 1 1 0 0 -2 1 0 0 0 -1 0 -2 0 0 1 2 -1 1 0 2 0 1 2 1 0 -2 0 0 -1 0 0 1 -2 2 0 1 -2 1 1 1 0 0 1 0 2 -2 0 -2 1 0 -2 1 1 0 1 0 1 1 0 -1 -1 -2 0 -2 0 0 -2 0 0 0 0 0 0 0 -1 0 0 0 0 0 0 1 0 2 1 0 0 0 0 2 0 -2 2 2 0 1 0 1 -1 0 -2 0 -1 0 0 1 0 -2 1 0 1 0 0 0 0 2 0 0 0 0 -1 -1 -1 2 0 -2 -2 0 0 0 -2 0 1 0 0 0 
-1 -1 0 -2 1 0 0 1 2 1 -1 0 -1 2 0 2 0 2 0 0 0 1 0 -1 -2 -1 0 -1 2 0 0 0 -1 -2 -2 0 -1 -1 1 0 0 0 0 2 -1 -2 0 0 0 -2 -2 2 -2 0 1 -2 -1 0 2 1 0 2 0 -1 -1 1 -2 0 0 0 1 -1 -2 0 0 2 1 -1 -1 -2 0 -1 2 0 2 -1 -2 -2 0 -2 0 2 0 1 0 0 0 -1 2 -2 -1 1 0 2 0 1 1 0 -2 0 0 0 0 2 0 0 -2 0 0 -2 0 0 1 -1 0 0 0 1 0 1 -1 1 -2 2 2 -1 0 -1 1 0 0 0 1 -2 1 0 0 0 2 -1 0 2 -2 0 -2 0 -2 0 2 0 0 -2 2 0 2 0 0 -2 0 0 2 0 0 -2 2 -1 0 0 -1 -1 -2 -2 -2 -2 0 0 -2 0 0 -1 1 2 0 -2 1 2 0 0 1 0 
0 0 0 -1 0 -1 -1 0 1 0 1 1 -1 0 0 0 -2 0 0 0 0 -1 2 0 -2 1 0 0 -2 0 0 2 -1 0 2 1 0 0 -2 0 -2 0 1 0 0 0 2 0 0 -2 1 -1 0 1 -2 0 -1 -2 -1 2 0 -1 2 0 0 2 -1 -1 -2 0 0 0 0 1 2 0 0 -1 0 1 0 0 -1 -1 0 2 2 0 0 0 -2 0 0 0 0 -1 -2 1 0 0 2 1 0 -1 -2 -2 0 2 0 0 0 -2 -1 -2 2 -2 0 -1 0 -1 0 -1 0 0 1 0 0 1 0 1 0 -1 1 1 0 0 0 0 -1 -1 2 -2 0 0 0 0 0 0 0 -2 -1 1 0 1 0 0 2 -2 0 -2 1 -1 0 -2 -1 1 0 0 0 -1 0 -1 0 1 0 2 -1 0 1 2 2 -1 2 0 -1 0 0 0 0 1 0 -1 0 0 1 0 2 -2 1 2 
-2 0 0 0 -1 0 1 -2 0 -1 1 0 0 1 -2 0 -1 -2 0 -2 1 1 1 2 0 1 -1 -2 -2 0 0 2 -2 2 0 -1 -2 -2 0 2 -1 0 0 0 0 0 0 2 2 0 0 -2 0 0 1 0 1 -2 0 0 0 2 0 -2 0 0 0 0 1 0 0 0 -2 -1 0 -2 -1 -1 -2 0 0 2 -2 0 -1 -1 1 0 0 0 0 2 -1 2 0 1 0 0 1 1 -2 2 -2 2 0 2 0 0 -1 -2 1 2 -2 2 -2 0 0 0 -2 0 2 0 -1 2 2 2 0 -2 2 0 0 0 -1 -2 0 -1 0 2 2 -1 0 0 -2 0 1 0 -2 0 0 1 0 0 1 0 0 2 0 1 0 -1 0 -1 -2 0 -1 0 0 -1 0 0 1 1 0 0 0 0 0 0 0 0 -2 0 2 0 1 0 1 0 2 0 0 -1 -2 1 1 0 0 -2 0 -2 
2 0 2 0 -2 -2 0 1 0 1 -2 0 0 1 0 0 0 -1 -2 2 2 1 2 0 1 1 2 -1 1 1 0 0 -1 2 1 0 0 -1 -2 -1 0 -1 0 0 0 0 2 0 0 0 0 0 2 0 0 2 2 0 -1 1 0 0 -2 0 0 -2 2 2 2 -2 0 0 1 0 0 0 -1 1 2 1 -2 0 1 -2 2 2 0 -1 0 0 0 0 -2 0 -1 2 -1 0 0 -2 1 0 0 0 0 0 1 -1 -2 -1 -1 -2 1 -2 0 0 0 0 0 0 0 0 1 0 -1 2 0 -2 0 0 0 0 0 0 0 -1 0 2 0 0 0 0 1 -1 0 0 -2 -2 -2 0 0 0 0 0 0 2 0 0 0 2 -1 -1 -1 -1 0 2 -1 1 1 0 2 1 0 1 0 1 -2 0 0 -1 -1 -1 2 0 0 1 -1 0 0 2 1 -2 0 0 2 0 -1 1 -2 0 
0 1 0 -2 0 0 2 1 0 0 2 0 1 -2 0 0 1 2 0 0 1 0 2 -2 -1 -1 -2 0 0 0 0 1 0 0 1 0 0 0 0 0 0 1 0 0 0 0 1 2 2 1 1 2 -2 2 0 0 0 -1 -1 -1 0 -2 0 2 -1 0 -2 0 0 0 0 1 -2 1 -2 -1 1 -2 1 -2 0 1 0 2 1 1 -1 0 -1 2 0 -2 -2 0 0 2 0 2 0 -2 0 0 0 1 0 2 -2 0 1 2 -1 0 0 1 0 0 2 0 0 0 1 -1 0 0 0 1 2 2 0 -1 -2 1 0 0 -2 -2 1 0 -2 0 -1 0 0 0 1 -2 0 0 2 2 1 0 0 1 -2 0 0 0 2 1 0 0 2 0 0 2 -1 2 1 2 1 0 0 2 -1 0 -2 2 0 0 0 -2 2 1 0 -1 -1 0 -2 0 1 -2 0 0 0 0 -1 0 -2 0 
0 1 0 0 2 0 0 2 2 2 2 2 0 0 0 0 0 0 -2 0 2 0 0 0 -1 0 2 -1 0 2 0 0 0 0 0 0 1 1 -2 0 1 0 0 1 1 0 -1 0 0 0 0 1 0 -1 -1 0 0 -2 0 2 1 0 2 0 -1 0 -2 1 -1 0 0 1 -1 2 -1 0 -2 0 -2 0 1 -1 -2 0 -2 0 1 0 0 -1 -1 -2 0 1 0 0 2 0 2 1 -1 1 0 -2 2 0 0 2 -2 0 0 -1 0 0 -1 -1 0 1 0 1 -2 -2 0 -2 0 0 0 0 -1 -1 0 -2 2 -1 0 0 0 2 0 -2 1 -2 2 0 2 -2 -1 1 2 0 -1 2 0 -2 -1 0 0 -2 0 -1 0 0 1 -1 0 -1 1 0 0 2 1 -1 -1 0 -2 -1 0 1 0 1 -2 1 1 0 0 0 1 -2 0 -2 -1 0 0 0 0 1 0 0 -1 0 
1 0 1 -2 1 0 2 -2 -1 0 1 0 0 0 1 0 -2 1 -1 -1 -2 1 0 0 -2 -1 0 0 2 -1 -2 0 0 0 0 2 1 0 -1 0 2 1 2 -2 0 1 1 0 0 0 -2 0 0 0 -2 0 0 1 2 0 0 0 -1 -1 0 -2 -2 0 0 0 0 0 0 -2 2 2 0 0 0 0 2 -2 2 0 0 -1 0 1 2 2 0 -2 1 0 0 0 -1 0 0 2 0 0 0 0 1 0 1 0 -1 1 2 1 1 -2 0 -1 0 2 2 0 -1 0 -2 0 0 0 1 -2 0 0 2 0 1 -2 0 0 2 0 0 0 -2 0 -2 0 -1 -2 0 0 0 -2 0 -1 -1 0 -1 0 2 -1 1 0 -2 0 2 2 0 0 0 2 0 0 0 2 0 2 0 0 -2 -1 0 2 0 0 0 1 1 0 0 2 0 0 0 -2 -2 0 0 0 -2 0 0 1 
2 0 0 2 0 1 0 -2 0 0 0 0 0 0 -2 1 0 0 -1 -1 0 -1 0 0 0 0 1 0 0 0 -2 0 -1 -1 0 1 0 0 -2 0 0 0 2 0 0 0 0 0 0 1 0 -2 0 0 -1 -2 1 0 -1 2 0 1 -2 -1 1 -2 0 2 2 1 0 0 0 0 0 0 0 0 1 0 -1 0 0 -1 -2 0 0 1 0 -2 0 0 0 0 0 -2 2 0 2 0 0 0 0 0 0 0 0 -2 0 0 1 0 1 0 2 0 0 2 0 -2 -1 1 0 0 0 0 0 0 2 0 0 -2 0 -2 -2 1 0 -1 -2 2 1 1 0 -2 1 -1 1 0 -1 2 0 -1 0 0 -1 0 -2 0 -1 -1 0 0 -1 -1 -2 0 0 0 -2 1 -2 0 0 0 2 1 2 0 0 2 0 -2 0 0 2 0 0 0 0 0 -2 2 0 0 -1 -2 -2 0 1 1 
0 -2 2 -1 -2 0 0 -2 0 2 0 -2 -2 2 1 0 1 0 0 0 1 0 1 0 0 0 0 0 0 2 2 1 1 2 -2 -2 2 0 0 1 0 0 0 0 -1 2 -1 0 0 1 0 0 0 0 -1 1 0 -1 0 0 -2 -1 0 -1 0 -1 0 0 0 2 1 0 0 -1 2 0 -1 -2 0 -2 0 1 -1 0 0 -2 -1 -2 -2 0 0 -2 2 2 2 0 -2 1 2 -2 -2 -1 0 1 0 0 -2 0 1 0 -1 -1 2 0 0 0 -2 -1 0 0 -1 0 0 1 2 0 0 0 0 -1 0 -2 0 1 -1 0 -2 2 0 2 -1 2 2 1 0 0 2 -2 0 -2 0 0 -2 -1 0 0 2 0 1 2 0 -2 2 0 -1 0 -1 -1 0 -2 0 0 1 -1 0 -1 0 2 -2 1 2 0 2 0 2 -2 0 0 0 -1 2 0 2 2 0 -2 0 0 -1 2 
0 0 -1 0 2 0 0 0 2 0 0 2 1 -2 0 0 0 0 0 -2 0 0 2 0 0 0 0 0 0 2 1 -1 0 2 1 1 -1 0 -1 0 0 2 1 0 1 -1 0 2 0 0 0 0 0 1 0 0 2 0 0 -1 1 0 2 0 2 0 1 1 -2 0 0 0 1 0 -1 0 1 0 1 0 1 1 0 -1 -1 0 2 2 0 -1 0 0 0 0 0 0 0 0 -1 0 0 0 0 0 0 2 2 0 1 0 2 0 -1 -1 0 0 2 1 -2 0 2 2 0 -1 -2 1 0 -2 0 -1 0 -1 0 0 -1 0 0 -2 1 2 0 -2 0 0 0 0 0 0 -1 -1 -2 0 -1 0 -1 1 0 1 2 2 0 0 0 2 0 -2 0 0 0 -2 0 0 0 2 -1 -2 1 0 0 -2 -2 -1 -2 2 0 -2 0 0 -1 0 0 0 2 1 0 2 1 0 0 2 
0 0 0 0 1 0 2 -1 -2 0 -1 0 2 0 0 -1 -1 2 0 2 0 0 0 0 1 0 0 -2 -1 2 0 0 -1 0 -2 0 0 0 2 -1 -2 -2 2 -2 0 0 0 1 1 0 0 0 0 0 -1 0 -2 -1 0 2 2 0 -2 -2 0 0 0 1 -1 2 0 -1 -1 1 0 -1 0 0 0 0 0 1 2 0 0 2 -1 -2 0 -2 -2 0 -1 0 0 -2 -2 1 -1 0 0 -2 0 0 2 -2 0 2 0 -1 0 -1 0 1 -1 0 -1 -1 0 0 0 0 2 0 0 0 1 1 0 1 0 0 1 1 0 0 -2 0 0 0 0 0 -2 -2 0 0 0 -2 0 0 0 2 1 -1 0 0 -2 2 0 0 0 0 0 0 -1 0 -1 1 1 0 -1 -1 -1 0 1 2 -1 2 -2 -1 0 1 0 -1 1 0 0 -2 2 0 0 0 0 2 0 2 1 -2 -1 0 
0 0 0 -2 0 -1 0 0 0 1 0 2 0 -2 -1 0 0 0 -1 0 1 0 1 1 1 0 0 -2 -1 -2 1 -1 1 1 0 0 0 0 0 0 2 0 0 -1 1 0 0 0 -2 -1 0 1 0 0 -2 -1 0 0 0 0 1 2 0 -2 -1 0 0 2 -2 0 2 -1 0 2 2 0 0 0 2 0 -1 0 0 0 -1 0 2 1 0 0 -2 -2 0 0 -1 0 -1 2 -1 0 0 0 0 1 -1 -1 1 0 -1 0 0 -2 0 -1 0 2 1 1 1 1 2 0 0 1 -2 1 0 0 0 0 -1 0 1 0 -1 0 0 -2 0 0 -1 0 0 -1 0 0 1 0 0 0 -1 0 0 -2 2 0 2 0 -1 1 2 -2 0 0 -1 0 -1 -1 2 0 0 1 0 1 -1 0 0 0 2 -2 2 0 0 1 1 -2 2 0 0 2 0 -1 -2 1 0 2 2 -2 0 0 
1 0 0 -2 2 0 -2 0 -2 -2 0 1 2 1 0 0 -1 1 0 -1 0 0 -1 2 -1 2 -2 2 0 2 -2 -2 0 -2 -1 -2 0 0 -2 0 -2 -1 0 1 -2 0 -2 0 -1 0 1 -1 0 0 1 0 1 2 0 0 -2 0 0 0 2 0 0 -2 0 -1 0 0 -1 -2 0 0 0 -2 0 0 1 0 0 2 -1 0 0 0 2 2 0 2 0 0 2 0 -1 0 1 0 1 2 0 0 1 -1 -2 -1 1 2 0 0 -1 0 -2 0 -1 2 -1 0 0 2 0 0 0 0 -2 0 2 -2 0 0 0 0 2 0 0 -2 -1 2 0 -2 0 -1 -1 0 0 0 0 1 1 0 0 0 1 -1 -2 0 0 0 0 0 0 0 0 1 0 0 2 0 0 0 0 0 0 1 2 0 0 0 0 0 -1 0 0 0 -2 -1 1 1 1 1 0 0 1 0 -2 -1 -2 -2 
-2 0 1 1 0 0 2 0 0 0 0 1 2 -2 -2 -1 -2 -2 -1 -1 0 -1 0 -2 2 -2 -2 -1 1 -1 0 -1 1 0 1 0 1 0 -1 0 -1 2 -2 0 1 -2 0 0 0 -2 1 0 2 0 0 0 2 0 1 0 0 0 -1 0 0 0 0 0 -2 0 -2 -2 -2 0 0 2 0 0 -1 0 -2 2 -2 -1 0 0 2 -1 0 -1 -2 2 2 -1 2 -1 0 0 0 0 0 -1 -1 0 1 0 0 2 0 2 0 0 0 0 0 -2 2 -2 0 0 0 0 0 -2 1 0 0 -1 2 0 -1 0 0 0 2 0 -1 0 0 2 -2 -2 2 -2 2 0 0 -1 0 2 0 0 0 0 0 1 0 0 0 2 2 -2 0 -1 0 0 1 0 -2 0 0 0 0 0 0 -1 0 2 -2 0 -2 1 0 0 2 0 0 0 -2 -1 2 0 1 2 -2 0 0 -2 1 2 
0 0 0 -1 -2 0 0 0 -2 0 0 0 0 0 0 0 0 -2 0 0 0 0 0 -1 2 0 0 -2 0 0 1 -2 0 0 0 2 1 -1 0 -2 0 0 0 0 1 2 2 2 0 -2 -2 0 2 -1 2 0 -1 1 0 0 0 1 1 1 -1 0 2 0 0 -1 0 0 1 1 2 0 0 0 0 2 -1 2 0 1 1 0 -1 -2 2 0 1 0 2 0 1 2 -2 0 0 0 0 -1 -2 0 0 -2 -2 0 0 -2 1 1 0 0 0 0 0 -2 0 1 0 -1 0 -2 1 -2 2 -1 0 -1 0 -2 0 0 2 -1 0 0 -2 -2 0 1 0 -1 -2 2 -1 2 1 2 1 0 0 0 0 -2 2 0 0 0 0 0 -2 0 0 -1 0 -1 2 1 1 2 0 1 0 -2 -2 0 0 -1 -1 -2 0 0 0 1 2 0 0 1 0 2 -1 0 0 -2 0 0 0 -1 
-2 0 -1 2 -2 0 0 0 2 -1 0 -1 -2 1 0 -2 -1 0 0 0 -2 0 2 1 0 0 -2 0 0 -1 -1 1 0 1 0 0 0 1 2 0 0 1 2 1 0 -2 0 0 0 0 1 0 0 -2 2 1 0 0 -2 0 -2 -2 0 -1 0 1 -2 0 0 0 -1 1 0 2 0 0 -2 0 0 -1 0 -2 1 1 0 1 0 -2 0 0 0 0 0 1 0 1 -1 0 0 0 2 0 0 0 1 2 0 -2 -2 -1 0 1 0 0 0 0 0 0 2 0 0 1 0 0 1 -2 0 0 0 0 0 -1 -1 0 -1 2 0 0 2 -1 -2 0 0 -1 -2 0 0 1 2 -1 2 0 0 2 0 -1 0 0 -2 0 2 0 0 0 0 0 0 0 -1 0 2 2 0 0 0 -2 2 0 2 0 1 1 0 -2 0 0 1 0 0 1 0 0 0 0 2 -1 0 1 0 0 
0 -1 -2 1 0 -2 0 0 2 0 0 -1 -1 0 0 -2 0 0 1 0 0 1 -1 -2 0 -1 1 0 0 0 2 2 1 -1 0 0 -1 -1 -2 0 0 2 -1 0 -1 -1 -2 -2 -1 0 0 1 -1 0 0 0 -2 2 2 0 0 2 0 -1 0 0 0 0 -2 -2 0 -2 0 0 2 -1 0 0 0 0 -1 0 0 1 0 0 -2 1 0 -1 2 0 0 1 -1 -1 2 1 2 0 0 0 0 0 0 1 0 0 0 1 0 2 -1 0 0 -1 2 -2 0 2 0 0 0 2 0 2 0 -1 2 0 2 0 0 0 0 2 0 0 -1 1 1 0 0 -2 2 1 0 1 -1 0 -1 1 1 -2 -1 2 1 0 0 0 0 0 0 0 -1 1 -2 1 0 -2 0 0 -1 0 0 0 -2 -2 -2 1 0 0 0 -2 2 0 -2 1 0 2 0 1 1 2 0 0 0 1 -1 0 
0 -1 1 -2 -1 0 0 0 2 2 0 2 0 0 2 2 -1 0 -1 0 2 -1 0 0 -1 0 1 1 2 -2 2 0 0 2 0 0 -1 2 1 -2 -1 2 -1 1 -1 2 0 -2 -2 1 -2 0 1 0 0 -1 0 2 0 0 0 2 1 2 0 -1 0 -1 0 0 0 -1 -2 2 2 -1 -2 0 2 0 1 0 0 -2 0 0 0 -1 0 1 0 0 0 -2 0 -1 0 1 0 0 1 2 0 -2 0 0 0 0 1 0 0 0 2 0 0 0 0 0 0 0 0 -1 -1 2 -2 -2 -1 2 0 0 -2 0 -2 2 0 0 0 0 0 0 0 2 2 -2 1 -2 0 0 0 1 0 2 0 2 0 2 1 -2 -1 0 0 0 1 0 0 0 0 0 -1 -1 0 0 -1 0 0 1 0 -1 2 0 1 -2 -1 1 0 2 0 2 -2 0 1 0 0 2 0 -2 -2 0 1 0 
1 0 2 2 -2 -2 0 0 0 1 0 -1 -1 0 -2 0 1 0 0 2 0 0 0 0 -2 2 2 0 0 -1 0 0 1 0 2 2 -1 0 2 -2 1 0 0 -2 0 -1 1 -2 0 -2 -2 0 -2 0 1 1 -1 -1 0 2 0 -1 -1 -2 -2 1 -2 -1 -1 0 0 0 0 0 0 -2 0 1 -2 0 -1 0 -2 0 0 0 0 0 -2 1 0 0 2 0 2 2 0 0 0 2 0 0 0 0 2 -2 -2 0 -2 0 0 2 0 2 0 0 0 0 0 -2 -2 2 0 0 0 0 0 -1 -2 0 -2 0 0 -1 0 0 1 2 0 0 -1 2 0 0 0 -2 0 0 0 0 0 0 0 2 -1 0 1 0 0 1 -1 0 -1 1 0 2 2 1 0 -1 0 1 0 1 1 -1 0 0 -1 2 0 0 2 0 0 0 -2 1 0 2 -2 2 0 0 -2 2 -2 -1 0 0 
0 0 2 2 1 2 -2 0 0 -2 2 -2 2 0 2 0 0 0 0 0 0 -2 1 0 0 -2 2 2 0 -1 0 0 0 -2 0 0 0 1 -1 0 -2 -1 -1 0 0 -2 -1 -2 1 -2 0 0 -1 -2 -1 1 -2 2 0 0 0 0 0 0 -2 0 0 0 -2 2 0 2 -2 -1 1 0 1 0 0 2 1 0 2 -1 0 1 -1 2 0 0 0 0 1 2 0 -1 1 0 0 2 0 0 0 -2 2 2 0 -2 0 2 0 1 1 -2 0 1 0 0 0 1 1 -1 0 -1 0 0 0 -1 0 0 0 0 -2 0 -2 0 0 0 0 1 0 -1 0 0 0 1 0 0 0 0 0 0 0 -1 -2 0 0 0 2 -1 1 0 0 0 2 0 -2 -1 -2 -1 2 0 0 -1 -1 0 0 -1 0 1 0 1 2 2 0 1 0 2 0 2 0 -1 2 2 0 -2 0 0 -2 0 
-1 0 -1 0 0 2 -2 -1 0 0 0 0 0 2 2 0 0 0 -1 -1 0 0 0 -2 0 -2 1 1 0 0 0 -2 0 0 0 2 0 0 -2 0 -1 0 -2 0 -1 0 2 -2 1 0 2 0 1 0 -1 -2 0 2 0 0 2 -1 2 0 -1 -2 1 0 0 0 -2 0 0 0 -2 0 0 0 0 0 2 1 -2 0 -1 2 0 0 0 -2 2 2 1 1 -2 0 0 -1 0 0 1 0 1 0 -2 0 0 0 -2 0 0 0 -1 -2 0 -2 0 -1 0 2 0 0 0 0 0 1 0 0 1 0 -1 0 1 0 0 -2 -2 -1 1 1 0 0 0 -1 1 0 1 0 0 0 -1 0 0 0 0 2 -1 -2 0 0 1 1 0 0 0 0 0 2 2 0 0 0 0 1 0 -2 0 0 -1 2 -1 0 -2 0 -2 -1 0 -2 -1 0 0 0 1 0 0 1 0 0 -1 0 
0 -2 1 0 -2 0 0 0 0 0 0 2 -2 0 -2 0 -1 2 1 -1 0 2 -2 2 0 1 -1 0 0 0 0 -1 -2 1 1 -1 1 2 0 -2 0 2 0 -2 0 -1 -2 0 0 -2 0 0 1 0 0 -2 0 0 1 0 -2 -1 -2 0 0 1 -1 -2 0 1 -2 2 2 -1 1 0 0 0 0 0 0 0 0 0 0 2 0 2 0 0 2 0 0 0 0 -2 0 0 0 0 0 -1 1 2 0 2 1 2 -2 -2 0 -1 0 1 0 -2 0 -2 0 0 1 0 2 -1 0 0 -2 0 0 2 1 -2 0 1 -2 -2 2 2 2 -2 -2 -2 0 0 0 2 0 0 2 -2 2 0 2 0 0 0 -1 0 -2 1 0 0 0 0 0 0 0 -2 0 0 0 0 0 2 0 1 -1 0 -1 2 0 1 0 0 -1 0 -2 0 0 0 0 0 -1 0 -2 0 0 0 -2 -2 
2 1 -2 0 0 0 -2 -2 0 0 0 -2 0 -2 0 0 0 0 -1 -1 -2 0 -1 1 0 -1 1 0 0 -1 0 -1 -2 1 2 -1 0 2 1 0 0 0 -2 -1 1 0 -1 -2 0 -1 0 0 0 -2 -1 1 0 0 1 1 1 0 0 0 0 0 -2 1 0 0 -2 0 0 1 0 2 -1 -1 -2 -2 0 0 1 2 0 0 0 -1 0 1 2 0 1 0 -1 -1 2 -2 0 0 0 1 0 0 0 1 -1 -2 -2 1 0 0 0 0 1 0 0 0 0 0 1 1 0 0 -1 0 2 0 2 1 0 -2 0 0 -1 -2 0 0 2 0 -2 1 1 -1 -1 0 -1 0 -2 2 0 -1 0 -1 2 0 0 2 0 -1 0 2 0 0 1 -1 0 -1 0 -2 -1 -1 0 -2 0 1 0 -1 0 1 1 2 0 1 -2 0 -1 -1 0 0 0 -2 0 2 0 2 -1 0 0 -1 
0 -1 -1 0 0 0 0 0 -2 0 0 0 2 0 0 -1 1 -1 0 1 -2 0 2 0 1 2 0 -2 0 -2 0 -1 0 2 2 0 2 0 0 2 0 -2 2 0 0 1 -2 -2 -2 0 2 0 0 0 1 0 2 0 0 0 1 -2 0 0 0 2 -1 -1 0 -2 0 -1 0 0 0 -1 0 1 0 -1 0 0 2 0 -1 2 0 1 0 -2 2 0 0 0 0 0 1 0 -2 0 0 -1 1 0 0 0 0 0 2 0 0 2 -2 1 2 0 0 -1 0 0 0 1 -1 0 0 0 2 1 -1 -1 0 0 -1 0 0 2 0 0 0 0 2 -2 0 2 -2 1 1 1 2 0 2 0 -2 0 -2 0 0 -2 0 0 1 0 2 0 0 0 0 0 0 0 0 2 2 0 1 0 -1 0 1 1 1 2 1 -1 2 -1 0 1 2 1 0 2 -1 0 -2 0 0 0 -2 1 
0 0 0 0 0 0 0 0 1 1 2 0 1 0 2 2 0 0 2 -2 0 1 -2 0 1 0 0 0 0 0 0 0 -1 -2 -1 0 0 0 -2 -1 0 0 -2 2 0 1 0 -1 2 -1 0 0 2 0 0 1 -2 0 0 0 0 -1 0 -1 2 0 0 0 0 1 0 0 -2 2 1 2 2 2 0 1 0 0 2 0 1 -1 0 1 -1 0 0 2 1 2 0 2 -2 0 0 2 -1 0 1 -2 0 2 0 0 1 0 0 0 0 0 -2 0 0 0 0 0 0 0 0 2 1 2 2 0 -1 0 0 1 0 1 0 -2 2 0 0 0 2 0 -1 0 0 2 1 0 -2 -2 0 0 0 0 0 -1 1 -1 -2 -1 0 2 0 -2 0 0 -2 0 0 0 0 0 0 -1 0 -2 1 -1 -2 0 0 0 0 -1 2 0 0 1 0 2 2 -2 -2 0 0 -1 0 2 2 1 
2 0 2 0 0 -2 1 0 2 1 -1 0 2 0 0 -2 0 0 0 0 -2 0 2 0 0 2 2 0 2 -1 0 0 0 -2 0 2 2 0 1 0 -1 0 0 0 2 0 0 1 0 0 -2 -1 0 0 0 0 -1 2 -2 2 0 0 0 2 -1 0 0 2 0 0 -1 -2 2 -2 0 -1 -2 2 2 -2 -1 -2 0 0 0 -1 1 0 0 2 0 0 -2 1 0 -1 -1 -1 0 2 0 -2 -1 1 -2 0 0 0 -1 0 0 -2 0 -2 -1 0 2 2 2 -2 2 0 -2 1 -1 2 0 -1 2 -1 0 1 1 0 2 2 2 -2 2 -2 0 1 -1 0 0 2 0 0 -1 -2 0 0 2 2 0 0 -1 -1 0 0 0 -1 0 1 -1 0 2 2 0 0 0 1 -1 -2 0 0 -1 0 0 0 0 0 -1 0 2 0 -2 0 0 0 0 1 -1 0 -1 -2 -2 0 0 -2 
-1 1 0 2 -2 -2 0 0 2 -1 -2 0 0 1 -2 0 0 0 0 -2 -2 -1 0 0 -1 -2 0 -2 0 -1 2 -1 0 1 -2 -2 -2 0 0 0 0 -2 2 0 0 -1 0 0 0 2 0 -2 0 0 1 0 -2 -1 0 -1 0 0 0 -1 -2 2 -1 2 -2 -2 0 0 -2 0 -2 0 -1 2 -2 -2 0 -2 -1 -1 0 -2 0 -1 1 0 0 0 -2 0 -2 0 -1 -2 -2 1 0 -2 0 2 0 -1 -1 -2 0 0 0 0 0 -1 -1 -1 -1 -2 -1 -1 1 0 2 1 0 1 0 0 0 -1 2 1 2 0 0 1 2 0 1 0 0 0 0 0 0 -2 0 0 0 0 0 2 2 -1 2 0 0 2 1 0 0 -2 -2 -1 0 2 0 0 0 0 -1 0 0 2 0 -1 1 2 0 -1 0 0 0 0 0 1 0 0 -1 -1 -2 0 -2 1 2 -1 -1 0 0 -1 
0 0 0 0 -1 0 0 -1 0 -1 0 0 1 -2 0 0 1 -1 -1 0 0 0 -1 2 0 0 -2 0 1 0 -2 0 -2 1 0 0 -2 -1 0 0 0 2 2 0 2 0 -1 0 0 0 0 1 -1 0 1 2 0 2 0 0 -1 -1 0 -2 1 0 -2 0 0 -1 0 -2 0 0 0 2 -1 0 0 -1 0 0 0 0 0 -1 0 0 1 -1 0 1 -1 1 0 0 0 0 0 0 0 -2 0 0 0 0 -2 2 -1 0 2 0 0 2 0 1 0 0 -2 -1 2 -2 0 0 1 0 0 2 -1 1 0 0 0 2 0 1 -1 0 0 0 2 0 0 1 -2 0 0 0 0 0 0 0 0 -2 -2 0 1 1 0 0 1 2 -2 0 1 -1 1 -2 0 2 0 0 0 0 -2 -2 0 0 -2 -2 -2 -2 -1 2 0 0 2 -1 -2 0 0 2 0 0 1 1 1 -2 0 0 
2 2 0 2 -2 0 0 1 1 0 0 -1 0 1 -1 -1 -2 1 0 2 0 2 0 0 -1 0 -1 1 -1 2 0 1 2 1 2 0 -2 1 0 0 0 -2 0 -2 -2 0 1 -2 -2 0 0 1 -2 0 0 0 0 1 0 0 0 0 0 -1 1 0 0 -1 0 2 -1 0 0 -2 0 0 0 0 0 -1 0 0 -1 0 0 0 -1 -1 0 0 0 -2 1 0 -1 2 0 1 -2 0 2 -2 0 0 -2 1 0 -1 0 0 0 0 0 0 -2 1 2 -1 0 0 1 0 0 -2 0 -1 0 0 -1 1 2 2 0 0 2 1 0 0 0 1 0 -1 0 2 -1 -2 0 1 0 1 0 0 1 0 0 -2 0 1 2 -1 -1 -1 2 2 0 0 -2 0 -1 0 1 0 2 0 0 2 -2 -2 0 0 0 -2 -2 -1 0 0 2 0 0 0 -1 1 -2 0 0 0 0 0 -1 0 
1 0 -1 -2 2 2 0 0 1 -1 1 0 0 0 1 0 0 0 -2 -1 -2 2 -2 -2 0 1 0 -1 0 -2 0 0 2 1 -2 -2 1 1 1 1 -2 0 1 -2 0 -2 0 2 0 2 0 0 0 -1 -2 -2 1 -2 0 0 2 0 0 0 0 0 0 2 0 0 0 -1 0 1 0 0 1 0 -1 -2 0 -2 1 -2 2 0 1 -2 0 0 0 0 1 0 -1 0 2 0 0 0 2 -1 1 0 0 0 0 0 1 0 1 0 0 1 -1 0 0 0 0 0 -2 0 -1 0 -2 0 0 0 0 0 -2 0 0 -1 0 1 2 0 -2 -1 0 2 1 0 -2 -1 -1 -1 0 0 -1 1 1 0 0 -1 0 -2 -1 0 2 0 0 0 2 -1 1 0 0 0 -2 1 0 0 0 0 1 2 0 0 1 0 0 0 1 2 0 2 1 -2 1 0 0 1 1 1 2 0 0 0 
-1 2 2 1 2 0 0 -1 2 0 -1 0 0 0 -1 2 -1 0 -1 0 2 0 0 -1 0 0 0 -1 0 -1 -1 1 -2 0 -1 0 1 1 1 0 0 0 0 1 1 -1 0 0 -1 -1 -1 0 -1 0 1 0 1 1 -1 0 2 0 2 -1 -1 1 0 0 2 0 2 0 0 0 -1 1 0 1 0 1 0 -2 0 0 0 0 0 0 0 -2 -1 0 0 1 2 0 0 -2 0 0 2 0 0 0 1 2 1 0 0 1 -1 0 1 1 0 -1 0 0 0 0 1 -2 0 0 -1 -2 0 0 0 0 -1 0 -1 0 -1 1 -1 0 -2 0 -2 0 0 0 -2 0 1 1 -1 0 1 0 -1 0 0 0 0 0 -2 -2 0 2 0 1 0 2 0 0 0 0 0 2 0 0 0 -1 -1 0 0 0 2 -2 0 -2 1 -2 0 2 0 -2 0 2 1 0 -1 0 -1 -1 -2 -1 
1 1 -2 -1 0 0 0 0 0 2 0 0 0 0 -1 0 0 0 2 2 0 -1 1 0 1 0 -2 0 -1 0 0 0 2 0 -1 0 -2 2 0 0 -2 0 0 0 0 2 -2 -2 -2 0 2 1 1 -1 -1 -2 0 -2 2 0 1 -2 -1 0 -1 0 0 1 0 0 -2 2 0 0 0 1 0 1 2 2 0 -2 0 0 1 0 0 0 1 1 0 0 -2 -2 0 0 0 -1 2 0 -2 0 -1 1 0 1 -1 0 -2 0 1 2 0 -2 0 0 0 2 -2 0 0 0 -1 -1 0 0 0 0 0 -2 1 -1 2 0 -1 0 -2 0 -1 -2 -2 0 -2 0 0 -2 -2 -1 -2 0 0 0 -1 0 0 0 -2 -2 2 2 0 -2 0 0 0 2 0 1 0 -1 0 0 -1 0 -2 1 0 0 1 0 0 -1 -1 0 0 0 0 0 0 0 -2 0 -2 -1 -2 0 0 0 0 0 
2 0 0 0 0 0 1 2 -1 2 -1 0 -2 1 2 0 2 -2 2 0 0 -1 1 1 -2 1 0 -1 0 1 2 0 1 -1 -2 0 -1 0 0 1 -1 2 -2 0 1 -1 2 -2 -1 0 0 0 -1 0 0 0 0 -2 1 -2 -2 -2 0 0 -2 0 -2 0 0 -1 0 0 2 -2 0 0 0 0 0 0 0 -2 -1 0 0 0 2 0 0 -1 -1 -2 0 0 -2 0 1 0 0 0 1 0 2 0 -2 1 0 0 2 1 0 1 0 -1 0 -2 0 -1 -2 -1 0 0 -2 0 0 2 0 0 -2 0 2 -1 -2 0 2 0 0 0 2 0 0 0 0 -1 0 -1 0 2 2 2 -1 -2 1 0 0 1 0 0 0 1 0 1 -2 0 2 1 0 0 -1 0 0 2 -1 -2 2 2 0 1 0 2 0 1 0 2 0 2 0 0 0 0 -2 -1 1 1 0 -2 -2 0 0 2 
0 0 0 0 0 -2 2 -2 2 -2 -2 2 0 0 2 -1 0 -1 0 0 0 -2 -2 0 0 0 2 2 0 -1 -1 0 1 0 0 0 0 0 -1 0 0 0 -2 0 1 0 2 -2 2 -2 0 0 0 -2 -2 0 2 -2 2 2 0 0 -1 -2 0 0 1 -1 0 -2 1 2 -1 0 0 -1 -1 -1 2 0 0 2 -1 0 1 0 -2 0 -2 -1 -2 0 2 -2 0 0 -1 1 0 2 -2 1 2 0 0 -2 0 -2 -1 0 0 2 0 0 -2 -1 -2 -1 0 -1 2 0 0 0 0 -1 0 0 -2 0 0 -1 1 0 0 -2 0 2 0 0 2 0 1 -2 -1 0 0 -2 2 0 -2 0 2 0 0 1 -2 0 -2 1 0 0 2 -2 -1 2 -1 2 0 0 -1 0 0 -2 1 1 0 0 0 0 0 2 -1 2 0 0 -2 2 0 0 -2 1 -1 0 0 0 -2 0 0 1 
0 -1 -1 0 1 -2 0 0 0 2 0 -2 0 -2 1 -1 0 1 -1 0 0 1 1 0 0 -1 0 -1 1 2 -2 0 2 1 -1 0 1 -2 -1 -2 0 0 0 1 2 1 0 -2 2 0 0 0 2 -2 0 -2 2 2 0 0 0 0 0 0 -1 0 0 0 -1 2 -2 2 0 0 1 -2 0 0 1 -1 0 0 0 -1 -1 -2 0 0 1 0 -1 0 -2 -2 0 0 1 0 0 2 0 2 2 0 0 0 -2 -1 0 0 0 2 1 -1 2 -2 0 0 0 0 2 0 0 2 -2 0 0 0 2 0 0 -2 0 0 0 0 1 0 -2 0 -1 0 0 -2 0 0 0 0 0 0 0 0 0 0 -1 -2 0 0 -1 0 -2 2 2 -1 0 0 0 0 0 -2 1 2 0 0 -1 -1 0 1 0 2 0 1 -1 0 0 -1 1 1 0 0 0 0 -1 0 0 0 0 2 0 0 
0 0 0 0 0 0 0 1 0 1 0 0 0 2 0 -1 1 0 2 2 0 -2 0 2 0 1 1 2 0 0 0 0 0 -2 -1 0 0 1 0 0 -1 0 1 2 0 0 -2 0 -2 0 0 2 1 -1 0 0 -1 2 0 -2 0 1 0 0 0 0 -1 2 1 0 1 -2 0 -2 0 -2 0 2 2 0 1 1 0 0 1 0 0 2 -1 1 1 0 2 0 0 0 -2 0 -2 2 -1 1 -1 0 0 0 -1 0 0 0 1 0 -2 0 0 0 0 1 2 0 0 0 2 0 -2 2 0 0 2 0 -2 2 0 -1 -1 2 0 0 1 0 0 0 0 0 -1 -1 0 0 2 0 -1 -1 0 0 2 -1 -1 0 -1 0 0 1 2 -1 2 0 1 2 1 2 0 -2 0 0 2 2 0 1 0 0 -2 1 0 1 1 -2 2 2 2 2 0 0 -2 0 0 0 0 0 -2 0 
0 0 2 -1 0 0 0 0 0 0 0 0 0 -1 0 0 -2 1 -2 -2 -1 -1 -2 -1 0 -2 2 -1 -2 0 -1 0 2 -1 1 -2 1 0 1 0 -2 0 2 0 -1 -1 2 -1 -2 0 0 -1 2 0 -2 2 0 2 -2 1 0 0 0 0 1 0 -2 1 0 -2 0 0 1 0 2 0 1 0 0 0 -1 2 0 0 -2 2 0 -1 0 2 0 -2 -2 0 0 0 2 -1 0 0 2 0 -2 2 0 2 0 -1 0 1 0 1 -2 0 2 2 0 0 0 0 -2 0 0 -1 0 1 -1 0 0 0 0 0 0 0 0 0 0 -2 2 1 0 1 -1 0 0 -2 2 0 0 -2 0 0 -1 2 0 1 1 1 0 0 0 -2 2 0 -1 0 1 -1 2 0 1 0 -1 0 0 -1 0 0 1 0 2 1 -2 0 0 0 0 -1 0 0 -2 0 0 0 0 2 0 1 2 1 
-2 0 2 -1 0 -1 0 -1 1 0 0 -1 2 -2 1 0 0 0 0 -2 -2 -2 1 -1 -1 -1 1 1 1 -1 0 0 2 0 0 0 0 0 -1 1 -2 0 1 -2 0 -1 -2 1 0 0 -2 0 0 -1 0 0 2 2 -1 0 0 1 0 -2 -1 1 0 0 -2 0 1 -1 0 1 0 0 0 0 0 -1 -2 -1 -2 0 0 0 0 2 0 0 -2 0 1 -2 -1 0 0 0 0 0 0 1 0 0 -2 0 1 0 0 -2 0 -1 -1 1 -1 0 -2 -2 1 0 1 -1 -2 0 0 -2 0 -2 -1 0 0 0 -1 -1 0 1 1 0 0 -2 0 0 0 1 2 1 1 0 -1 2 1 0 2 1 0 2 -2 0 0 1 -1 0 0 0 1 0 -1 0 -2 1 0 1 0 2 1 0 0 0 -2 -2 -1 0 2 1 0 0 0 -1 0 -1 0 -2 0 2 0 -1 0 1 0 0 
-2 0 0 0 1 1 -1 0 0 -2 1 2 1 0 0 -2 0 0 -1 0 -1 0 -1 -2 0 -1 0 0 0 2 0 -2 0 0 1 0 0 0 0 0 2 1 0 0 -2 0 1 0 -1 0 0 0 2 0 -2 0 0 1 0 0 -1 0 0 0 0 -1 0 2 0 0 -2 0 1 -2 2 0 0 1 2 -2 0 1 0 0 0 0 0 0 1 1 0 -1 0 0 0 -1 -1 0 1 -1 2 0 0 2 2 -2 0 2 2 2 1 2 1 1 -2 0 0 -1 2 0 0 -1 0 2 -2 -2 0 0 0 0 0 -1 0 0 0 0 1 0 0 0 0 2 1 1 0 0 0 -1 1 -2 -1 0 0 0 -1 0 0 0 2 1 1 -2 0 -1 -1 0 -1 2 0 0 0 2 2 0 -1 -2 0 -2 1 2 0 0 1 -2 -2 0 0 1 2 0 0 0 0 0 2 0 -1 2 -2 -2 
0 0 0 0 0 0 2 2 -1 0 0 2 0 1 2 2 2 2 0 0 0 2 0 0 0 -2 -1 2 0 -2 -2 0 0 0 0 0 0 -1 0 0 0 -1 0 -2 0 0 2 -1 1 0 0 1 0 -1 0 -1 -1 2 0 2 -2 2 -1 0 2 0 0 -1 0 -2 0 2 0 1 -1 0 0 -1 1 -2 0 -2 1 -1 -1 1 -1 2 0 0 1 0 2 0 -1 1 0 0 0 0 0 1 0 0 0 0 1 -2 0 2 2 0 2 -1 2 1 0 0 0 -2 0 -1 0 0 2 0 -2 -1 0 0 0 0 0 -1 -1 0 1 1 1 0 0 0 2 0 1 2 2 -2 2 2 -1 2 0 -1 2 0 0 0 1 2 0 1 0 1 1 1 2 2 1 2 0 -2 -2 -2 -1 0 1 -1 1 0 -2 -2 0 1 0 1 0 0 0 -2 1 0 -2 0 0 0 0 1 -1 0 
0 0 0 0 0 0 -1 0 0 0 0 0 2 0 0 0 -2 0 0 0 0 0 0 0 -1 0 2 0 0 -2 0 0 1 1 2 1 0 -1 -2 -1 0 2 0 -2 2 1 -1 0 0 0 -1 1 0 0 -1 2 -2 1 0 1 0 0 0 -2 -2 -2 -2 0 0 -2 2 2 0 -2 0 1 1 0 0 2 0 0 2 -2 0 0 0 0 -1 0 0 1 0 0 0 0 -1 0 1 0 0 -2 0 1 1 1 1 0 2 0 0 1 0 1 0 0 0 0 0 0 -2 0 0 -2 1 0 2 0 0 0 0 2 0 0 0 2 2 0 0 0 0 0 0 0 1 0 0 2 0 -1 -2 0 2 0 -2 1 0 0 0 0 1 0 2 2 0 1 -2 0 0 0 0 -2 0 0 1 0 2 0 0 0 -2 0 1 2 0 1 0 0 2 0 0 2 -2 0 -1 0 0 0 -2 0 
-1 0 0 2 1 0 0 0 -2 1 1 0 0 -1 1 0 2 -1 1 -1 0 -1 0 -1 1 0 0 -1 0 0 -1 0 0 2 -2 0 -1 -1 0 -1 0 -1 -1 0 2 0 1 0 2 1 0 -1 0 0 -1 1 0 0 0 1 0 0 -2 0 -2 1 0 0 0 0 0 -2 1 -2 0 0 0 2 0 2 0 0 0 2 0 0 -1 -1 2 0 -1 0 1 2 1 2 2 0 1 0 0 0 -2 0 -2 0 0 0 1 -1 -1 0 1 0 2 -1 1 0 0 0 0 0 0 0 -1 0 0 0 1 0 0 0 0 1 0 0 0 0 0 -1 1 -2 1 2 2 2 2 1 -1 -1 0 0 0 0 2 2 0 1 0 0 1 1 0 -1 0 0 -2 2 0 -1 -1 0 0 0 0 -1 -1 0 0 -1 0 -1 1 -1 0 0 1 -2 1 0 2 2 0 0 0 0 -1 -2 -2 0 
0 0 -2 -2 -2 -1 0 -1 0 -2 0 -1 -2 -1 -2 2 -1 -2 0 0 -2 0 0 0 -2 2 1 0 -2 1 0 2 0 0 -1 0 0 0 0 0 0 0 0 0 0 0 2 0 0 2 0 -1 2 0 -1 1 0 1 0 0 0 0 0 0 0 0 0 2 0 2 2 0 -1 2 2 -1 0 2 -2 0 -2 0 0 0 -2 1 2 0 0 -2 0 -2 2 1 1 0 -2 2 -2 -2 -1 0 0 0 2 0 0 0 -1 0 1 0 0 2 0 0 0 2 0 -1 0 -2 -2 0 -1 0 0 -1 0 0 0 -2 1 0 -2 1 2 0 1 0 0 -1 -2 -2 1 0 -1 0 2 -1 1 0 0 2 0 2 -2 2 0 0 2 0 0 1 -2 2 2 -2 -1 -2 0 -2 1 -1 -1 0 0 1 0 2 -1 0 -2 0 0 0 0 -1 2 0 -2 0 0 1 0 0 0 -2 2 -2 
0 2 1 2 -2 1 2 -1 0 0 -1 0 -2 -2 1 0 -2 0 -1 -1 0 2 -2 0 0 2 0 0 0 2 1 1 2 1 0 -2 -2 0 0 -1 -1 0 0 -1 0 0 1 0 1 -1 0 0 0 2 2 1 -1 0 0 1 -1 0 0 2 -1 -2 -1 -1 1 -1 -1 -1 -2 1 -1 2 -1 0 -1 0 -2 0 0 -2 1 -2 -2 -2 0 0 2 1 2 -1 0 1 0 0 0 1 -1 1 0 0 -2 0 0 1 0 0 1 0 0 0 0 1 0 1 -2 0 -2 0 -1 0 0 2 1 -1 -2 0 0 0 0 2 0 -2 0 0 0 0 0 -2 0 1 0 0 0 2 0 0 -1 2 1 0 -2 -2 1 0 0 0 -1 0 0 -2 0 -1 1 -1 1 0 0 0 0 -2 0 0 2 -2 0 2 2 0 0 1 -1 0 0 0 2 0 0 0 1 0 0 0 0 0 0 1 
-1 -2 -2 1 0 0 2 -2 0 -2 0 -2 0 0 -1 2 -2 0 0 0 0 0 0 0 -2 2 0 1 0 -1 0 2 -2 -2 1 0 0 0 0 -1 0 -2 0 -1 0 -1 0 0 -2 0 0 0 -1 -1 0 0 1 0 0 1 -2 0 0 0 1 0 -1 2 1 -1 0 -1 0 1 -1 0 0 -2 0 0 2 0 0 -1 0 0 -2 2 0 0 0 1 1 0 -2 0 0 0 1 0 0 0 0 0 -1 2 -1 0 0 0 1 1 2 -2 -1 -2 0 2 1 -2 2 0 -2 0 -1 0 0 1 -2 0 0 1 1 0 1 -2 0 0 -1 0 0 0 2 -2 0 0 -2 -1 0 0 -2 -2 -1 -2 -2 -1 0 2 -1 -2 1 0 1 0 2 2 -2 1 -2 2 0 0 0 -2 1 2 -1 0 1 -1 2 -2 2 0 0 -1 2 2 0 0 2 0 2 2 0 1 -1 -1 -2 1 
0 0 0 0 0 -1 0 2 0 0 0 1 -1 0 0 1 -2 0 1 0 2 0 0 0 0 0 1 1 1 -2 0 -1 -2 1 0 0 -1 0 1 1 0 0 0 -1 0 2 2 0 -1 2 2 0 1 2 0 -1 -2 0 0 0 2 0 1 0 2 -2 0 0 0 1 0 0 -1 -1 0 -2 0 2 0 2 -2 0 0 0 0 1 1 0 0 -1 -1 -2 0 0 0 1 0 0 -2 0 -2 0 1 0 -2 0 -2 -1 0 1 2 0 -2 0 -2 0 -1 -1 2 0 -1 1 2 0 0 0 0 0 2 2 -1 1 0 0 1 2 0 0 0 -2 1 2 -2 -1 2 -1 -1 2 0 0 0 2 0 1 -1 -1 -2 -1 -1 -2 0 0 -2 -2 1 0 0 -1 0 -2 0 0 2 0 0 -1 0 0 1 0 0 0 0 0 1 -2 -1 -2 0 2 -1 0 -1 0 0 -1 0 1 2 0 
0 0 1 2 -1 2 0 0 -2 -2 2 0 0 0 -1 1 0 -1 0 0 0 0 1 -2 1 1 0 2 0 0 -1 2 0 1 0 2 0 -1 0 1 1 0 -2 0 0 0 -2 0 0 2 2 1 -1 2 0 -1 0 0 0 0 2 -1 0 1 0 0 1 2 0 0 2 -1 0 -2 0 0 0 0 2 0 0 2 0 0 0 0 0 2 0 0 1 0 1 0 0 0 -2 -2 0 -2 0 1 2 0 2 -1 0 1 1 -2 -1 -2 0 0 -2 2 0 1 0 0 1 -1 -1 1 2 0 -2 0 0 0 0 0 -1 1 -1 -1 0 -1 0 0 0 -1 1 -2 0 1 -1 0 0 0 0 -1 0 0 0 -1 -1 0 -1 0 -1 2 0 -1 2 -2 1 0 0 0 0 -2 0 1 1 1 0 -2 0 0 1 2 2 2 0 0 -1 2 0 0 0 0 0 0 0 0 0 -1 1 0 
-2 1 0 2 2 0 0 2 0 -2 0 1 0 0 -1 0 -1 -2 1 -1 0 -1 0 0 2 1 1 0 0 0 2 1 -2 -1 0 -2 0 2 2 1 0 -2 2 0 0 0 0 2 0 0 -2 0 0 -1 0 -1 0 2 0 0 -1 0 2 2 -1 0 0 0 -1 0 -2 0 -1 0 1 1 1 -2 -1 2 0 0 1 -2 2 -1 0 2 0 0 -2 -1 0 0 0 0 2 0 0 0 0 0 -2 0 0 -1 0 0 2 1 0 0 0 -1 0 0 0 0 0 0 0 0 0 0 2 -2 0 0 0 1 0 -1 -2 1 0 2 0 0 0 0 0 0 -2 0 0 0 2 -2 0 0 -1 -2 0 1 0 -1 0 1 1 -2 0 -1 1 0 0 0 0 0 -2 1 2 0 -2 0 -2 0 1 1 0 -1 -1 0 1 0 -1 0 0 0 0 0 0 2 -2 -2 0 -2 1 0 0 0 

2 5 6 4 8 4 6 7 5 4 3 10 10 8 10 2 9 6 8 1 1 7 4 5 5 8 4 7 9 3 10 2 4 8 10 8 9 3 3 6 5 2 9 8 3 4 1 2 4 6 2 9 8 2 4 4 1 7 5 3 9 10 3 9 4 8 6 10 5 1 6 9 4 4 4 5 4 8 2 9 4 5 8 6 4 7 6 10 7 2 3 5 6 6 6 8 4 2 10 1 