50 100
0 2 -1 0 2 -1 1 0 0 0 0 0 -2 2 2 2 -1 0 0 0 0 1 1 1 2 2 -1 0 0 0 0 0 -1 2 -1 0 -2 2 2 -2 0 0 1 0 -1 2 1 0 0 0 1 0 -2 0 0 2 -1 0 2 0 2 2 0 1 -1 0 -1 -2 0 2 2 1 -1 0 0 2 -1 0 0 -1 0 0 0 1 0 0 1 -2 0 -2 0 2 1 1 0 0 1 -1 -1 -1 
-2 0 -2 2 -1 0 0 0 -2 -2 -2 1 0 1 1 0 0 0 -2 0 0 -1 2 0 1 1 -2 2 -2 -2 -2 0 0 1 1 2 0 2 0 1 -2 1 0 -2 2 2 -2 0 0 -2 0 0 0 1 0 0 1 2 2 1 0 0 2 -1 0 2 1 1 -2 1 2 -2 0 0 0 0 0 0 2 0 1 0 -1 0 0 2 -2 1 1 0 1 2 2 -2 -1 1 0 0 2 0 
0 -2 0 -2 0 0 0 0 0 1 0 0 0 0 0 -1 0 2 0 -2 0 0 1 0 0 0 0 1 0 0 0 1 0 -2 1 0 2 0 0 -1 -1 2 1 0 2 1 0 0 2 -1 0 2 0 0 1 2 0 -2 0 2 -2 2 0 1 0 1 0 0 2 0 0 0 0 0 2 -1 0 0 1 -1 0 2 0 -2 -2 -1 0 2 0 0 1 -2 0 2 1 0 1 0 0 1 
2 -1 0 0 2 -1 -2 -2 0 0 1 1 -2 -2 0 -1 -2 1 -2 -1 0 0 0 0 1 1 0 1 -1 0 -2 1 0 -1 0 0 0 0 0 0 0 0 0 -1 2 0 -2 -1 1 0 -2 -2 0 1 0 0 1 1 0 0 0 0 -1 -1 0 -2 1 0 2 0 -1 -1 0 0 0 0 0 2 0 1 0 0 2 2 0 0 0 0 -2 -1 0 2 0 0 0 0 -2 -1 2 0 
2 -1 0 1 0 -2 -1 0 0 1 -2 -2 0 -2 0 2 0 2 -2 1 0 -2 0 2 2 0 0 -1 0 -1 0 0 -2 -2 1 -1 1 0 0 0 0 1 -2 2 1 0 -2 0 0 1 0 2 0 -1 0 0 2 0 0 0 0 -2 -1 0 -2 2 -2 0 -2 0 0 0 -1 1 -2 -2 -1 -1 0 0 2 0 0 1 0 1 0 0 2 -1 0 0 0 -2 0 -2 2 2 0 -2 
-1 -1 0 -2 -2 -2 0 0 2 -2 1 0 0 2 -2 0 0 -1 0 0 -1 0 0 0 0 1 0 0 2 0 0 2 1 2 -1 -2 0 0 0 2 0 2 -2 0 2 2 2 2 -2 -2 0 0 -2 1 -1 -1 0 0 1 0 -2 0 0 1 -1 0 0 1 2 0 1 0 0 0 0 1 0 1 2 2 2 -1 2 0 -2 2 0 0 0 0 2 -1 -1 0 0 2 -1 -1 0 0 
-1 0 0 0 0 0 0 -1 1 0 1 0 1 -1 0 1 1 0 0 0 1 0 2 0 1 0 0 -1 0 2 1 0 0 0 -2 0 0 0 0 -2 0 1 0 -1 0 2 2 0 0 -1 1 -1 -2 -1 0 -2 -1 -1 -1 0 -2 0 0 1 -1 -1 -1 -1 0 0 0 -1 -1 -2 0 0 0 -2 -1 0 -2 1 -1 0 0 0 -1 -1 0 1 0 0 1 0 0 0 0 0 -2 1 
0 0 0 1 0 0 1 -2 1 2 2 0 0 -1 0 -2 1 1 -1 0 0 0 2 0 1 0 1 2 0 0 0 0 -1 0 0 -1 -2 2 0 1 0 0 -1 0 0 0 -1 -2 1 0 0 0 1 0 2 0 2 2 0 0 0 2 -1 0 0 -2 1 0 0 0 0 0 1 0 2 -2 0 0 0 -1 0 0 0 -2 1 0 -2 1 2 1 0 1 2 0 0 0 0 2 0 -2 
0 -1 2 1 1 0 -1 1 -2 -1 -2 -1 0 -1 1 1 0 0 0 2 0 2 0 0 2 2 2 0 0 2 -2 1 -2 0 0 0 0 1 -2 0 -2 2 -2 -2 0 2 1 -2 2 0 0 1 -2 0 0 0 1 -1 0 0 0 0 0 0 -2 2 0 0 0 0 1 0 1 2 -2 0 -1 0 -1 2 0 -2 0 -2 0 0 0 0 -1 2 0 0 0 0 1 -2 2 -2 1 2 
-1 0 0 0 1 0 -2 2 2 0 1 1 0 0 0 0 -1 0 0 2 0 1 -2 1 -2 0 0 0 -1 -2 -1 1 -1 1 0 0 2 0 0 2 0 1 1 0 0 -1 0 -1 1 -2 -1 0 -1 -2 0 0 0 0 0 2 -1 2 -2 1 -2 0 -1 -2 0 1 0 0 1 2 -1 0 0 -2 0 1 0 -2 0 0 -1 0 2 0 2 -1 0 -1 0 0 0 0 0 0 0 0 
-1 0 1 0 2 0 0 -2 0 -1 0 0 0 2 2 0 -2 0 -1 0 -2 0 0 2 0 0 0 0 0 -1 -1 0 2 0 0 0 0 0 -2 0 -1 -2 -1 0 2 -2 0 0 -1 0 0 -2 -1 0 0 -2 0 1 2 2 1 1 2 -2 0 0 1 1 0 2 0 0 1 0 1 2 -2 0 0 -1 -2 1 -2 0 -2 1 0 0 2 0 0 1 1 0 0 0 1 2 1 0 
0 0 0 0 -2 2 1 0 0 1 0 2 1 -1 0 -1 0 0 -2 0 -2 -1 1 -2 0 0 0 0 1 0 1 0 0 -2 0 -2 -1 1 0 0 0 0 0 -2 0 0 -1 -1 2 1 -1 0 -2 -1 1 1 -1 0 1 -1 0 -1 0 0 0 1 1 0 1 2 0 2 -2 2 0 0 -1 -2 0 -1 0 0 2 -1 0 2 2 -1 0 0 -2 2 -1 2 -1 0 0 0 1 2 
0 2 -2 -2 2 0 -2 0 2 0 -1 2 0 0 0 0 0 -2 0 0 1 0 0 1 1 -1 -2 1 0 -1 0 0 0 0 -1 0 2 0 0 0 0 1 0 0 0 2 0 -1 0 0 0 0 -1 0 0 -2 2 -2 1 2 2 -2 0 0 0 -1 -2 0 0 0 0 1 -2 0 0 0 2 0 0 2 -1 2 0 -2 1 0 0 0 0 0 0 1 0 -2 0 1 0 2 -2 0 
-1 1 -2 0 0 -1 0 2 1 0 0 -1 0 0 0 -2 0 0 1 2 2 2 0 -2 0 2 0 0 1 1 -2 1 -2 -2 0 0 0 0 0 1 2 0 -2 2 2 -1 -2 0 -1 -1 1 -2 0 0 -2 0 2 0 -2 1 1 -1 0 0 0 0 -1 2 0 1 0 2 0 0 0 -2 0 0 1 1 0 0 0 0 -2 0 0 -1 -2 2 2 -2 0 -2 0 1 -1 0 1 -1 
2 2 0 0 -1 -1 -2 0 -2 0 1 0 -1 2 -2 0 0 0 0 1 -1 0 0 1 -2 1 0 1 0 2 -2 0 0 -2 0 -1 2 -2 1 0 0 0 0 0 0 1 -1 -2 0 0 -2 0 0 1 2 0 0 0 0 0 0 -2 2 0 0 -1 2 -1 -1 -1 1 0 0 2 0 0 -2 0 0 0 -1 2 -2 -1 -2 -1 -1 -2 0 0 0 -1 0 0 2 2 0 0 -1 2 
0 0 0 1 0 1 0 2 -1 1 1 0 -2 -1 1 0 0 -2 1 1 -2 0 -1 0 -1 0 0 1 0 -1 2 2 -2 0 0 0 -2 1 0 1 0 0 0 2 2 0 2 0 -1 0 1 0 0 -1 -2 0 -1 -2 -2 1 0 0 -1 0 0 0 1 0 0 0 2 0 2 -1 0 0 1 0 0 -2 -2 0 0 -1 -2 2 1 0 -1 -1 0 -2 -1 1 1 1 1 0 0 0 
0 -2 1 0 0 2 0 -1 0 1 -1 -2 0 0 -1 0 1 1 -2 1 0 2 0 0 -2 2 0 2 1 1 1 -1 0 0 -2 -2 1 0 -2 1 0 0 -1 2 0 2 2 2 1 0 0 1 -1 1 2 -2 -1 2 -1 0 0 0 0 -2 2 0 -2 0 2 2 1 2 -2 0 0 0 -1 -2 0 1 0 0 2 1 -2 2 2 0 0 -1 0 2 0 0 0 -2 1 0 -1 -1 
-2 -2 0 1 1 -1 -1 0 0 -2 2 0 0 0 2 0 -1 -2 0 -1 2 0 1 1 0 -1 1 0 1 0 -2 1 2 -1 0 2 0 0 1 0 0 0 -2 2 1 0 0 2 2 -1 1 0 -1 -1 -2 0 2 0 0 1 0 0 0 -1 0 2 0 -2 0 0 1 -2 1 2 1 1 2 -2 0 1 0 0 0 0 2 0 2 0 0 2 0 0 -1 0 0 0 0 2 0 0 
-1 -1 -1 -1 1 1 0 0 0 -2 -1 0 1 -2 0 0 0 0 -1 2 -2 -1 -2 -2 0 2 1 0 0 2 0 0 0 -1 1 0 0 2 2 0 0 2 -2 -2 0 0 0 0 1 -1 -1 1 -2 0 0 2 0 0 -2 0 1 0 0 0 -2 2 -2 0 2 -2 0 -2 0 2 0 -1 0 2 0 2 -1 -1 0 -2 2 0 -1 0 2 -1 0 0 2 1 0 0 -2 0 -2 0 
0 -1 0 1 0 0 0 -2 2 0 0 0 -1 0 2 0 0 0 0 0 0 2 0 -2 -2 0 -2 0 2 0 0 0 0 0 0 -1 0 0 0 -1 -1 0 2 1 0 0 1 0 -1 2 0 0 0 -2 0 0 0 1 0 0 2 -2 0 0 2 2 1 0 1 0 2 -1 0 0 -2 2 2 1 2 0 -1 -2 1 0 -2 0 -2 -2 0 2 1 0 -1 -2 -2 -1 -2 -1 2 0 
-2 0 0 2 0 0 0 0 0 0 0 0 -2 0 2 -1 -2 0 1 0 0 0 -2 -1 -2 2 -1 -2 -2 0 0 -2 0 -1 0 -1 0 -1 0 0 0 2 0 0 0 -1 -1 2 2 2 0 1 2 0 2 0 -1 0 2 -1 0 1 0 1 -1 0 1 2 0 -2 -2 0 -1 0 0 2 -2 -1 0 2 0 0 -2 0 0 1 -2 -2 -1 1 -1 1 0 0 1 1 0 -1 0 0 
-1 0 -2 -1 1 0 -2 0 -2 2 0 2 1 0 0 0 2 0 -1 0 -1 -2 -2 0 2 0 0 0 -2 -1 1 0 -1 1 -2 0 0 -1 1 -1 0 -2 -1 -1 2 -1 0 0 -2 0 -2 2 0 -1 0 0 -2 2 -1 0 0 2 0 0 -1 0 -2 0 0 0 1 0 0 1 -2 -1 0 1 1 -2 0 0 -1 0 0 0 -2 2 -1 0 0 0 -1 -1 0 1 0 0 0 0 
1 0 0 0 0 0 1 0 0 0 0 1 1 0 1 0 1 0 -2 -2 2 0 2 0 0 2 0 0 2 -2 0 0 1 -1 0 0 0 -2 -1 0 1 2 -1 0 0 0 0 0 0 1 0 0 0 1 -2 2 -1 0 0 2 -2 1 1 1 -2 0 -1 0 0 -2 0 0 1 -2 1 -1 2 1 0 0 1 -2 0 -2 0 -1 0 2 2 -1 0 1 0 0 -2 -2 0 0 0 0 
0 -1 0 0 1 2 -1 0 0 0 2 -1 0 0 -2 -2 0 0 0 0 0 -2 0 -1 0 2 2 1 0 -2 -2 0 1 -2 0 -1 0 0 0 0 -2 -2 1 0 0 0 2 0 0 2 -1 0 0 0 0 2 -1 0 0 -2 0 1 2 0 0 0 0 2 -1 0 -2 0 -2 -1 0 0 -2 0 -2 0 0 -1 0 1 -1 -2 0 -2 -2 -1 1 -2 -1 0 0 0 1 -1 2 0 
0 -2 -2 0 1 2 -1 0 0 -2 0 0 -2 2 0 1 -1 0 0 2 0 1 0 2 2 0 1 0 -1 -2 0 0 1 0 -1 0 2 -2 0 0 0 0 0 0 0 0 -1 0 2 0 0 1 1 0 0 1 0 -2 2 0 0 1 -2 -1 0 -1 0 -2 2 -2 -2 1 2 0 0 1 0 1 -1 0 -1 2 -2 1 0 2 -2 -2 0 -1 0 1 0 2 0 2 0 1 1 2 
0 -1 1 -1 0 0 1 -1 1 -1 0 0 0 2 0 0 -1 1 -2 -2 0 0 0 -2 0 0 2 -1 -2 0 -2 0 0 1 0 1 0 -2 0 -1 0 0 -1 2 0 0 1 0 0 0 2 0 -2 0 -2 0 2 -2 0 0 0 0 0 2 0 0 0 1 0 2 2 0 -1 0 -1 0 -2 0 -1 2 0 0 0 0 0 1 -1 0 0 0 0 2 -2 0 0 -2 0 -1 -1 2 
-2 2 0 0 1 2 -1 0 1 0 0 1 -1 0 0 -2 -1 0 1 2 2 1 0 0 0 -1 0 0 2 0 1 -2 -2 1 0 0 0 -1 0 -2 0 0 0 -1 0 0 1 2 1 0 -1 0 0 0 0 2 0 -1 0 0 0 -1 0 0 0 0 0 -1 2 0 0 0 0 0 2 0 1 1 0 0 1 0 0 0 -1 -1 0 0 0 1 0 -2 0 2 1 0 0 -2 0 0 
0 0 -2 1 0 0 1 0 -1 -1 0 -1 -2 0 -1 0 0 -2 0 0 2 -1 0 0 0 -1 1 -2 0 2 1 2 -2 0 0 0 0 0 0 -1 0 0 2 0 -2 0 -1 1 0 -2 1 -2 -2 1 0 2 0 1 -1 0 1 0 2 2 0 0 0 0 -1 0 1 2 0 1 0 -2 0 1 0 0 -1 0 1 0 0 -2 1 2 -1 0 -1 0 0 1 0 1 2 0 0 0 
0 1 0 1 0 0 -1 0 0 0 0 -1 0 -2 0 -1 -1 0 0 -1 0 0 -2 0 -1 -1 0 1 0 2 -1 0 -2 0 0 -1 0 -2 1 -2 0 -1 0 0 1 0 0 0 0 0 0 0 1 0 1 1 0 0 -2 2 1 1 0 0 0 -2 0 1 -1 1 0 0 -1 0 2 0 -1 -2 0 0 0 1 2 0 0 -1 0 0 1 0 0 2 2 -1 1 1 0 1 -1 -1 
0 -1 1 2 0 2 1 0 1 2 -1 1 2 1 0 2 0 0 0 1 0 0 -1 0 0 -2 2 -2 -1 -2 1 0 0 2 0 0 -1 0 -1 2 0 0 -1 0 0 -2 1 -1 -2 0 0 0 1 -2 0 2 0 -2 -1 -2 0 -1 0 -1 0 -1 0 0 2 -2 -1 0 2 1 -1 2 2 -2 -2 -2 0 0 1 1 0 1 2 -2 -2 0 -2 0 0 0 0 0 0 0 2 1 
0 0 0 1 1 0 0 0 0 0 0 0 0 -1 0 0 1 0 -1 0 0 1 2 -2 -1 1 2 0 1 0 0 1 0 0 0 2 -1 0 0 -1 -2 -2 0 0 1 0 0 -2 0 0 0 0 2 -2 1 0 0 0 0 0 2 -2 0 2 -2 1 -2 -2 2 1 0 1 0 0 0 0 2 0 0 0 -2 0 0 1 0 0 0 1 -1 -2 -1 0 0 -1 2 -1 0 0 -1 -2 
2 0 -1 0 -2 0 0 0 -2 -2 -2 0 2 -1 0 2 -2 0 0 2 0 -1 0 0 0 0 0 -2 0 0 0 1 1 0 0 -1 0 0 0 2 2 1 0 2 1 0 0 -2 0 1 2 0 1 0 2 2 0 1 -1 0 0 1 2 1 0 2 0 2 0 -1 1 0 0 1 0 0 0 0 -1 -2 -1 0 -2 0 2 0 2 0 2 0 0 0 2 1 0 2 0 0 0 -1 
0 -1 0 2 0 2 0 1 2 2 -1 0 0 0 0 2 -2 0 0 1 0 1 0 0 0 1 0 1 2 1 0 0 0 0 1 2 0 1 0 0 -1 0 0 0 0 -2 0 -1 1 0 -1 -1 0 0 0 0 0 2 0 0 0 0 -2 0 -2 1 1 -2 -1 0 0 0 2 -1 -1 0 -2 -2 1 0 0 0 -2 -1 -1 0 1 0 2 -2 1 -2 0 0 0 0 2 1 0 0 
0 0 -2 2 0 2 0 -1 0 0 0 0 -2 0 0 0 0 0 0 0 0 -1 0 0 0 0 0 0 0 0 0 -2 2 0 0 0 0 0 2 1 -2 0 0 -2 1 2 -1 0 0 0 1 1 0 0 1 -1 -1 0 -2 0 0 0 0 1 2 -1 0 -1 0 0 -1 1 0 2 0 -1 1 0 -2 -2 0 0 0 0 0 0 0 -2 0 0 -1 -2 -1 0 0 0 0 0 0 2 
0 0 -1 -1 0 0 0 0 0 -1 0 2 0 1 0 0 0 0 0 -1 -2 0 0 1 0 0 -1 0 0 -2 -1 0 0 1 0 -2 -2 -1 2 0 0 0 -1 0 2 0 -2 -1 2 -2 0 1 0 -2 0 0 2 0 -2 0 0 -2 0 0 -2 -2 0 0 0 2 0 0 1 0 0 0 0 -1 2 0 1 0 0 0 0 1 0 2 0 2 2 0 -1 0 0 -1 0 0 2 1 
0 0 0 0 1 2 0 0 1 0 0 1 2 1 -1 -1 0 -1 -1 -1 0 0 2 0 -2 0 0 0 2 -2 0 -2 2 -2 2 0 1 0 0 0 0 0 0 -1 0 -1 -1 -1 0 0 0 2 2 -2 0 1 -2 1 1 1 -2 0 -2 -2 0 0 2 -1 0 0 -2 2 2 0 -2 -2 -2 0 2 -2 2 0 2 0 -1 0 -1 1 1 0 -2 2 0 0 0 -1 1 0 0 1 
-2 0 0 0 0 -1 -2 1 2 0 -2 0 2 1 0 0 0 -1 -1 -2 0 1 -2 -2 1 -1 2 -1 0 -2 0 -1 1 -2 0 0 0 -1 0 -1 0 0 0 -2 -2 0 -1 -1 -2 2 2 0 -2 2 0 1 -1 -1 -1 0 -1 -1 0 -1 0 2 2 1 2 1 -2 0 0 0 2 0 2 -1 0 1 -2 1 0 -2 2 2 -1 0 0 2 0 0 1 0 0 0 -1 0 -1 0 
0 0 -2 0 1 1 1 -2 0 0 0 0 -2 2 0 -1 0 2 1 0 -2 0 0 2 0 0 0 0 0 0 0 -2 0 0 0 0 2 0 1 2 2 2 0 0 0 0 0 -1 0 0 -1 0 0 1 1 -1 0 -2 1 0 0 2 1 0 0 -2 0 -1 2 0 -1 0 2 0 1 0 0 0 1 1 2 0 1 0 1 -2 -2 2 0 0 0 -1 0 0 -2 2 -2 0 0 0 
1 1 -2 0 -2 2 -1 0 -2 0 0 0 -2 -2 0 0 0 0 0 0 0 -2 -2 2 0 -1 2 0 2 0 -1 2 0 0 -1 -1 0 0 -2 0 1 0 2 0 0 2 0 0 2 2 0 2 0 -1 -2 0 1 0 0 0 2 2 0 0 0 0 0 1 1 0 0 2 0 -2 -2 2 0 0 -1 0 1 0 0 0 1 0 -2 0 -2 2 0 0 0 -1 1 -1 -2 -2 -1 0 
0 0 -1 0 2 0 -2 1 -1 1 0 2 0 0 1 0 0 -2 0 2 2 0 -1 -2 0 -2 2 0 0 -1 2 0 -2 0 0 0 0 0 0 0 -2 2 0 1 0 -1 1 2 0 -1 -1 0 -2 0 0 0 2 0 0 2 0 0 0 1 2 0 -2 0 -2 0 0 0 0 0 -2 0 0 1 0 0 2 -1 1 2 0 0 -2 0 0 0 -1 2 -2 2 2 -1 0 -1 0 2 
-2 -2 0 -2 0 0 2 1 0 0 -1 1 0 0 0 -1 0 1 0 0 1 0 0 0 0 -2 1 0 0 0 0 -2 -1 0 1 0 -2 0 -2 0 1 -2 0 -2 0 0 -1 -2 2 1 0 0 -2 -1 1 0 0 -1 0 2 1 0 -1 0 -2 0 0 1 2 0 0 1 -2 -1 0 0 0 -1 -2 -2 2 0 0 -2 2 0 0 1 -2 0 -2 -1 -2 0 2 0 0 -1 1 2 
1 0 0 0 -2 0 1 0 2 2 0 -1 2 -2 0 0 0 1 -2 0 1 0 0 2 -2 -2 0 1 -2 2 1 2 -2 0 -2 -2 -1 -1 2 -2 0 0 -2 1 0 0 0 0 0 2 -1 -2 1 0 0 -2 1 2 0 0 0 2 -1 0 0 -2 0 0 2 0 2 0 2 -2 -2 0 2 0 -2 1 0 0 -2 -1 0 0 0 -1 0 1 -1 0 0 -1 1 1 0 1 -1 0 
-2 0 0 0 0 0 1 -1 1 0 0 -1 2 -1 -1 0 0 2 0 0 2 0 -2 0 2 -2 -1 0 0 0 0 0 1 0 0 0 0 -2 0 -2 0 2 2 -1 0 0 -1 0 0 1 0 1 -2 2 0 -1 -2 1 1 0 0 0 0 -1 2 -1 0 1 0 1 0 0 2 0 1 1 2 -1 0 0 2 0 2 0 0 0 0 1 0 2 0 0 -2 1 1 2 0 0 -1 -2 
0 -2 1 0 0 0 1 2 -2 0 0 -1 0 -2 2 2 0 0 -2 1 0 -1 0 0 -1 0 2 0 -2 0 -1 -1 -2 0 2 0 0 0 0 0 0 0 -1 -2 -1 2 0 1 1 0 1 -2 1 -1 2 0 0 0 1 2 1 -2 0 0 1 0 2 -2 2 0 0 -2 -1 -1 0 0 0 0 0 -1 0 0 1 -2 2 0 0 0 -1 1 2 1 0 0 0 -1 0 0 1 1 
0 0 0 -2 -2 -2 0 -1 0 0 0 2 2 2 0 0 2 0 0 0 1 2 0 0 0 1 0 -2 1 0 2 -2 0 0 1 -1 0 0 -2 2 -2 0 1 2 0 -1 0 -1 0 0 0 0 0 0 2 2 0 0 2 0 0 0 1 -1 1 1 0 2 1 0 0 2 0 -2 0 0 2 0 -2 1 1 1 0 0 0 0 0 2 -2 0 0 0 0 0 0 -1 1 -1 0 0 
0 2 0 0 1 0 0 1 0 0 0 0 -2 1 -1 2 2 -1 0 0 0 0 0 0 -2 0 -1 0 0 0 0 0 -1 0 0 1 0 1 0 0 0 0 0 1 0 1 0 0 0 -2 0 0 0 1 0 0 0 -1 0 -1 -2 -1 0 0 2 0 0 -1 1 0 2 1 0 0 0 2 1 0 1 1 0 0 0 0 0 0 0 0 0 -1 0 0 1 0 -2 0 -1 0 -2 0 
-2 1 0 -1 2 0 0 2 0 0 0 1 2 1 -2 0 2 0 0 0 -1 0 0 0 -2 2 0 0 -1 0 -1 1 0 -2 -1 -1 0 0 0 -2 0 0 0 -2 -1 2 -2 0 -2 0 0 1 2 1 0 0 -1 0 0 1 0 -1 0 0 -1 0 1 0 -1 0 0 0 -1 1 1 0 0 -2 0 -1 1 -1 0 0 0 0 0 0 0 0 2 0 0 0 0 -1 -2 0 0 0 
1 0 0 -2 0 0 0 2 0 1 0 0 -1 0 2 -1 2 0 1 -2 0 0 0 0 2 2 -1 0 0 -2 -2 0 0 -1 2 0 0 1 1 1 -2 0 0 0 -1 2 2 1 -2 1 -1 2 -1 0 -1 2 1 0 2 -2 -1 -1 0 0 -1 0 0 -1 0 0 2 1 -1 0 0 1 2 2 0 0 2 -1 0 0 -2 0 0 0 0 2 0 0 0 -1 0 2 0 2 0 -2 
-2 0 -2 0 2 0 0 -2 0 0 2 -2 2 0 -2 0 0 0 1 -1 0 0 -1 0 0 -1 0 2 2 1 2 0 0 1 -1 1 0 0 0 0 0 -2 0 0 -1 -2 1 -1 0 -1 0 -1 0 -2 -1 0 0 1 2 -1 0 -1 -2 1 0 1 -2 0 0 0 -2 -1 0 2 1 0 -1 0 0 2 1 0 0 0 0 -1 -1 0 1 -1 -1 -2 1 -1 1 0 0 0 0 -2 
2 -1 0 -2 2 0 2 0 0 0 2 -2 2 1 -1 0 1 -1 0 0 -2 0 0 0 -1 2 1 0 1 0 0 0 0 -1 0 -1 2 -2 0 -2 1 -2 1 2 0 0 2 0 0 -2 0 1 1 2 2 0 2 1 -1 0 0 1 -2 -2 0 -2 2 -1 0 2 2 0 0 0 0 0 -1 0 0 1 2 0 1 2 2 1 -2 -2 -2 2 0 -2 1 0 0 -1 2 0 -2 0 

4 9 6 3 9 6 4 1 4 8 10 10 9 3 1 4 10 8 2 9 8 5 6 10 10 8 8 3 1 2 6 5 6 1 2 10 9 2 2 4 3 1 6 6 6 8 1 7 8 8 