100 200
0 2 -2 0 2 0 0 0 0 0 -1 0 1 -2 1 0 0 0 -1 -2 0 0 0 -1 0 0 0 0 1 -2 -2 0 2 0 -1 -1 -2 0 1 2 0 0 0 0 0 1 0 2 0 2 0 -2 2 1 0 1 0 -2 0 1 -2 0 -1 -2 0 0 -2 -1 0 0 -2 2 0 1 -2 2 0 0 0 0 1 -2 0 0 -1 0 2 1 0 -1 0 0 0 0 -1 0 0 0 0 0 2 0 1 2 -1 0 1 -2 0 0 0 -2 0 0 -1 0 -1 0 -1 0 0 0 1 0 1 1 0 -1 0 1 0 0 2 2 1 1 0 2 0 1 1 -2 0 0 -2 1 -1 0 0 -1 0 -1 1 0 0 -1 -1 -2 -1 1 -2 0 -2 -1 -2 1 0 1 0 -2 0 0 0 1 -2 2 0 0 2 0 -1 0 -2 2 0 -1 -2 1 0 0 0 -1 0 0 0 0 0 1 0 0 
2 1 0 2 2 0 0 0 2 0 0 2 0 0 0 1 -1 0 -2 -2 0 0 0 0 1 -1 1 0 0 -1 2 2 -2 2 0 -1 0 -1 0 -2 0 2 2 2 0 1 1 -2 0 0 -2 -1 -2 0 -2 2 0 0 0 0 -2 1 0 2 0 0 -2 -2 0 2 -2 0 2 0 1 -2 -2 0 0 0 1 -2 -2 0 -1 2 2 1 2 0 2 1 0 0 0 -2 2 0 0 -2 -2 0 0 0 0 0 2 0 0 0 1 0 2 -1 0 2 -2 1 0 2 0 -2 1 0 2 -1 -2 1 0 0 -2 2 0 -1 -2 0 0 -1 1 2 0 0 -1 0 -1 0 0 1 -2 2 2 0 -2 1 0 -1 0 0 0 -2 -1 2 -1 -1 -1 0 0 0 1 0 0 1 0 2 0 0 -1 1 0 -2 2 -2 -1 0 0 1 -1 0 1 -2 0 -2 0 -1 1 -2 2 -1 0 2 
0 -2 0 0 0 -2 1 0 0 0 -2 2 0 0 -2 0 -2 2 -1 2 0 1 1 1 1 2 -1 0 0 0 2 2 -2 1 1 2 1 1 2 0 2 1 0 1 -2 0 1 -1 1 -2 2 -2 -2 0 0 0 2 0 0 2 2 -2 2 0 1 0 -2 0 1 0 2 0 -2 1 1 0 0 2 1 0 0 2 1 0 -2 0 1 0 2 0 0 0 1 -2 0 -2 0 0 0 0 2 1 0 1 -1 -1 2 0 -1 1 0 -2 2 1 -1 -1 -1 0 0 2 0 -2 -2 2 -2 1 0 -2 -2 1 0 -1 0 0 0 1 -2 -2 0 -1 2 -1 0 1 0 -2 2 0 2 2 0 2 0 -2 -1 -2 1 0 1 -2 1 1 -1 0 -1 1 0 2 1 0 0 0 -2 0 0 0 0 2 0 1 0 -1 -2 0 0 -2 -2 0 0 0 -1 2 0 0 -1 0 -1 0 0 1 
1 -1 2 -2 0 -2 -1 0 -2 0 -2 -1 -2 0 1 -1 0 -1 -1 -2 -2 0 -1 0 0 0 1 2 0 0 0 0 0 0 -2 1 2 0 0 -1 0 2 2 2 -2 0 1 1 0 0 2 0 0 0 0 -1 0 0 1 1 1 0 1 -2 -1 0 -2 1 0 -2 0 -2 -2 -1 1 0 0 0 2 2 0 2 2 -1 -2 1 0 -2 0 0 -2 -1 2 0 0 0 0 1 1 0 0 1 -1 1 2 -2 -1 2 0 -2 0 -1 -2 -2 0 0 0 2 0 0 0 0 2 1 0 0 2 0 0 -2 1 -2 -2 -1 2 2 -1 -2 2 1 0 1 0 -2 0 1 0 -2 2 -2 0 2 -1 2 0 0 0 0 0 0 0 0 1 1 0 0 0 0 2 0 0 0 0 -2 0 2 2 -2 1 0 -1 0 2 0 -2 -1 0 0 -1 0 1 0 0 2 -1 2 2 -2 -1 -2 
0 1 1 0 0 -1 0 0 1 -2 0 1 2 0 0 2 1 0 0 -2 0 0 2 -2 0 0 -2 0 1 0 1 0 -2 0 1 0 0 1 0 0 0 -1 0 1 -2 0 1 1 0 0 2 -2 0 0 1 -1 0 0 2 0 0 0 -2 -2 -2 1 2 1 -2 -1 0 1 0 0 -2 0 0 2 0 0 1 0 -2 0 2 1 0 -1 -1 2 2 -1 0 0 -2 1 -1 0 2 -1 -2 -2 0 0 0 0 -1 0 -2 0 -1 -2 0 -1 -1 0 0 0 -2 -2 1 0 0 1 2 0 0 0 0 2 -2 -2 2 0 1 0 0 2 -2 1 2 -2 0 0 0 -2 0 0 -1 -2 0 -2 0 0 0 0 -2 -1 0 -2 2 2 0 -2 0 0 -1 0 2 -1 0 -1 -1 2 -2 -2 -1 0 -2 -1 0 0 0 1 0 2 1 -2 0 -1 1 0 0 0 1 -2 0 0 0 0 
1 -1 0 0 0 1 0 0 2 0 0 0 0 -1 0 -2 0 0 0 1 1 0 0 0 1 0 0 0 2 0 0 0 0 1 2 0 2 2 0 0 0 -1 1 0 -1 0 0 -1 -2 0 0 -1 2 0 -2 -1 0 0 1 2 1 -2 0 0 0 0 -1 0 0 0 0 0 0 0 0 1 -1 0 2 -2 0 0 0 0 1 0 2 -1 0 -2 0 0 0 2 0 -1 -2 0 1 0 0 0 0 0 -2 -2 0 2 0 2 0 0 -1 0 2 0 0 2 0 0 -2 0 0 2 -1 0 -2 -1 -1 -1 0 1 1 0 0 2 0 0 2 -2 -2 -1 -1 -1 1 2 2 -2 -2 -2 0 0 -1 1 -2 0 0 0 0 0 0 0 0 2 -1 2 0 0 0 0 0 -2 2 0 0 0 1 -2 -1 -1 0 -1 -2 0 0 0 0 -2 0 0 0 0 -2 0 0 0 -1 0 1 2 
0 2 0 0 2 0 -2 -2 0 0 1 1 0 0 2 0 1 0 0 1 0 0 0 0 0 -1 -2 0 0 1 -1 -2 2 -1 2 -2 0 1 1 0 2 1 -1 0 0 2 0 0 0 0 0 0 0 0 -1 -2 2 1 0 0 0 0 -1 -1 1 0 1 0 0 0 0 0 0 1 0 -1 0 2 0 0 2 1 2 2 1 -2 2 -1 -2 0 0 0 -2 0 0 2 -1 0 0 1 2 -1 0 0 0 1 1 2 0 0 0 0 0 0 0 0 0 0 0 0 0 2 2 2 -1 0 -2 1 0 2 0 0 -2 0 0 0 0 0 -1 0 2 0 1 0 0 0 0 0 -2 -1 0 1 2 -2 0 2 0 0 0 0 2 -2 -2 -1 0 2 -1 0 1 0 0 -1 1 0 -1 1 -2 0 0 2 0 1 0 -2 0 0 -1 2 1 2 -2 0 1 1 0 0 1 1 2 1 
0 -1 -1 1 -2 -2 0 1 2 0 -2 -2 0 2 2 0 -2 0 0 0 -1 -1 -1 0 0 0 0 0 0 -2 -2 0 -2 2 1 -1 2 -1 2 1 0 -2 2 0 -1 -2 1 0 -2 -2 0 1 -2 -2 1 -1 0 1 0 0 -2 0 0 -1 1 0 -2 -1 0 0 1 0 0 0 1 0 1 -2 2 1 2 2 0 1 0 -1 2 0 2 0 2 -2 -1 0 -2 0 0 0 1 -1 -1 0 -2 0 2 2 -2 1 0 0 1 -2 2 0 0 0 2 0 0 -2 1 0 0 -1 0 0 1 1 0 0 0 0 0 0 1 1 -1 1 -2 1 0 1 0 -2 2 2 -2 2 0 2 -2 -1 0 0 0 0 -1 0 -1 -1 -1 0 2 0 0 -1 0 0 0 0 0 0 0 0 0 0 1 2 -1 0 0 1 1 2 -1 0 0 2 -1 0 1 0 0 0 -2 0 2 1 1 1 
0 -1 -2 -2 2 0 -1 0 -2 0 -2 0 0 0 -2 -2 -2 -2 2 0 0 -2 -2 0 0 1 -2 0 0 -2 0 1 0 0 -1 -1 -1 0 2 0 -2 0 0 -1 2 -2 0 1 0 0 0 0 2 0 -2 2 1 1 1 0 2 0 0 2 0 0 2 -2 -1 -1 0 0 -2 0 0 0 0 0 0 0 -1 0 0 0 0 0 0 -1 0 0 0 0 2 0 0 2 0 0 -1 -2 0 0 1 1 0 0 -1 2 0 -1 0 2 2 -2 2 -2 0 -2 0 0 -2 0 0 1 0 -2 1 1 -2 0 0 2 -2 0 -1 2 0 1 0 0 -2 0 0 2 -2 0 0 0 1 1 0 0 2 0 0 0 -2 -1 0 0 0 -2 1 0 1 0 1 0 0 1 0 -1 -2 0 -1 -2 0 2 0 2 0 0 0 0 -1 0 1 0 -2 0 -1 1 -2 2 0 0 0 0 0 0 
0 0 0 -2 0 2 0 0 -1 0 0 0 0 0 -1 0 0 1 1 0 -1 1 0 0 1 0 1 0 1 0 0 -1 0 -2 0 -1 0 -1 0 -1 0 2 2 -2 -1 -2 0 -1 2 0 0 -1 0 0 0 -1 0 0 0 0 0 -2 0 -2 0 0 0 -1 0 -2 0 2 2 0 1 1 0 0 2 0 0 0 -2 0 1 0 0 1 0 1 1 0 2 0 0 0 2 -1 0 2 2 0 0 0 0 0 2 0 2 0 2 -2 -1 1 -1 0 1 0 -1 1 0 0 0 0 2 2 0 2 0 2 0 2 -2 2 2 2 2 0 2 0 -2 1 0 0 -1 -1 0 0 0 0 1 -1 -2 0 -2 2 2 -2 0 0 -1 -1 2 0 2 0 2 0 -1 2 0 0 -2 2 0 0 0 0 1 0 0 0 0 1 -1 -1 2 0 -2 -2 -1 -1 -2 -1 0 -1 1 0 0 0 
0 -1 -2 0 -1 0 0 0 -1 -1 0 0 0 -1 0 0 0 0 1 0 0 2 0 2 0 -1 -2 0 -2 -1 0 0 1 0 1 -1 -1 2 -1 0 -1 0 0 0 0 0 -2 -2 -2 -1 1 0 2 0 2 1 0 -1 1 0 0 0 0 2 1 -2 -1 -1 -2 0 0 -2 0 0 0 0 0 2 0 0 1 0 0 1 1 0 -2 0 0 0 0 1 -2 0 2 1 0 2 1 -2 0 0 0 -2 0 -2 1 -2 2 0 0 0 0 0 0 2 -1 0 0 0 -2 0 0 0 0 0 1 0 0 -1 0 0 0 0 -1 2 2 -2 0 0 0 2 1 -1 0 0 1 0 -1 -1 0 -1 0 0 -1 -1 2 1 1 0 2 2 -2 0 2 0 0 1 -2 -2 1 2 1 0 0 0 0 -1 -2 -1 0 2 -2 0 0 0 0 0 1 2 1 1 -1 0 0 1 2 1 -1 0 
-1 0 0 -2 0 0 -1 2 1 2 0 -1 0 0 -1 -1 -2 0 2 0 -1 -2 0 0 1 -1 -2 2 0 1 0 -1 -2 -2 0 2 0 0 -1 0 0 0 0 2 1 0 1 0 2 0 0 -2 -1 0 -2 0 2 0 -2 0 0 -2 0 -2 2 0 0 0 -1 1 2 0 2 2 1 -2 0 1 0 -1 0 0 0 1 2 -1 0 1 2 0 0 0 0 0 0 2 0 0 -1 0 2 -2 -2 0 0 0 1 2 2 0 -2 -1 -1 0 0 -2 -1 0 0 0 2 0 -2 0 0 0 0 0 0 -2 0 0 0 2 2 0 0 0 1 0 0 2 0 1 1 0 1 2 -1 1 1 1 0 0 -1 -2 1 0 0 0 0 0 0 0 1 0 0 -2 1 -1 -2 0 1 0 2 -1 1 -2 0 0 0 0 0 2 1 -1 0 1 0 0 -1 0 -2 1 0 -1 1 -1 0 0 
0 1 2 0 -2 1 2 1 -2 -2 0 0 0 0 0 -2 -2 0 0 0 0 0 -1 -2 0 2 -1 0 0 -1 0 0 0 0 2 0 1 -1 -1 0 -2 -1 2 0 0 0 2 0 0 0 0 0 2 -1 0 1 0 2 0 0 2 0 0 -2 0 0 -1 2 -2 2 0 0 -2 0 0 1 0 0 0 2 -1 0 0 0 0 1 2 0 0 0 -2 1 2 0 1 1 -2 0 -1 -1 -2 1 0 2 2 -2 0 1 0 0 0 -1 0 1 0 1 -1 2 0 0 -1 -1 0 0 2 0 0 0 2 0 1 0 0 -2 0 0 1 2 1 2 -2 1 -1 -1 0 -2 -1 0 -2 0 1 0 -2 1 0 -1 0 0 0 0 -1 0 1 0 0 0 0 0 0 0 0 2 0 1 0 -2 -2 0 0 1 1 0 0 -2 0 -1 -1 1 -2 0 0 0 1 -1 0 0 -2 -2 0 -1 
-1 -2 0 2 0 -1 -1 0 0 0 0 0 0 2 0 0 0 -1 2 -1 -1 2 0 -1 -2 -2 0 0 0 1 0 1 0 0 0 0 -2 1 0 0 0 2 -2 -1 2 1 1 2 0 0 0 2 0 0 0 0 0 0 0 -1 0 1 0 1 -2 1 -2 -1 -1 0 0 0 2 -1 1 0 0 0 1 0 0 0 0 0 2 0 -1 0 -2 2 -1 0 0 0 2 1 -1 0 -1 2 2 0 -1 -2 0 1 2 2 -2 0 2 2 2 0 1 0 1 2 2 0 0 1 1 0 0 0 -2 0 -1 0 0 -2 -2 0 0 2 -2 2 0 0 0 0 1 0 -1 0 1 -1 0 0 0 0 0 -1 0 0 0 0 -1 -2 1 1 0 1 0 2 -1 2 0 0 -2 0 0 2 1 0 1 2 -2 0 0 2 2 1 -2 1 0 1 1 0 -2 -1 0 -1 1 -1 0 1 -1 0 
0 -1 -2 2 1 0 1 0 -1 -1 1 2 0 2 1 0 2 2 0 0 2 0 0 -2 -1 1 2 0 0 1 -1 0 0 0 -2 1 1 1 2 -2 -2 0 -1 1 -2 1 0 1 2 0 2 0 0 0 2 0 0 0 0 0 2 0 -1 -2 -2 0 1 0 -2 -2 0 -1 0 0 0 -2 0 -2 0 -2 -1 0 2 0 0 0 1 -2 0 -1 -2 -2 -1 -2 0 0 0 -1 1 0 0 0 0 0 0 -2 1 2 1 1 -1 1 0 1 -1 0 2 -2 0 0 -2 0 -1 0 0 0 1 0 1 0 -1 0 -2 0 0 0 0 2 0 -1 0 0 -1 1 0 2 -2 0 1 0 0 0 -2 0 1 -1 -2 0 0 -2 -1 1 1 0 1 1 0 -1 2 0 0 1 -2 2 0 0 1 -1 0 -1 0 0 -1 0 1 0 0 0 1 0 0 0 0 1 0 0 -2 -1 0 -2 
0 0 2 1 -1 0 1 0 1 0 0 0 2 0 0 2 -2 0 2 0 -2 2 0 0 0 2 0 0 0 -2 -2 2 -1 0 0 -2 0 0 0 0 1 0 0 2 0 -1 -1 -2 0 -1 0 -1 0 0 -1 0 -2 0 -1 1 1 0 2 2 0 0 -1 0 1 1 0 0 0 0 2 0 2 0 0 0 0 -2 -2 -1 -1 1 0 0 1 1 1 0 0 0 0 0 0 0 0 1 0 0 0 0 0 0 0 0 0 -2 0 -2 2 2 1 -1 0 0 0 -2 0 2 2 0 0 1 0 0 0 2 0 -1 -2 2 0 2 0 -2 0 0 0 0 0 -2 0 0 1 0 0 -2 0 0 1 2 -2 0 2 1 0 0 1 0 2 0 1 0 -2 -2 2 1 2 0 -2 0 1 0 -2 -2 0 0 1 -1 0 -2 2 1 0 2 1 0 2 -2 0 0 0 0 0 0 -1 0 
0 0 -1 1 0 -1 -2 2 0 2 0 2 2 1 0 1 -1 0 2 0 -2 -2 0 1 0 2 -1 -1 -2 2 -1 0 -1 0 0 1 0 0 1 2 0 0 0 0 0 0 -1 -1 0 0 2 -1 -1 0 2 -2 0 0 0 0 1 0 0 -2 0 1 -2 0 -2 2 -1 0 0 0 0 0 1 -2 1 -1 0 -2 1 0 1 1 0 2 0 0 1 1 0 0 0 0 2 0 2 0 0 1 0 1 0 0 0 0 0 0 -2 0 1 0 -1 -2 -1 2 0 2 1 1 0 0 2 0 0 2 0 -2 0 0 0 2 1 0 0 2 2 0 0 -1 0 2 2 0 -2 0 -1 -2 2 0 0 2 1 0 0 -1 -2 0 2 -2 -2 -2 1 0 0 -1 0 -2 1 1 0 -1 0 -1 0 -2 0 0 2 2 -1 2 -2 0 1 -2 2 0 0 2 -1 1 2 1 -2 0 -2 -1 
1 0 -2 -1 0 0 2 2 -2 0 -1 -1 -1 0 0 1 -1 -2 0 1 0 0 1 2 0 0 0 1 2 0 -1 1 0 -1 0 0 0 -2 1 1 -2 0 0 0 -2 -2 1 0 0 2 0 0 -1 0 2 0 1 -2 2 0 2 0 0 -1 0 -2 -1 0 -2 1 -1 -1 -1 -2 0 1 0 2 0 -1 -1 0 2 -1 -1 1 0 0 0 0 -1 0 0 1 1 0 2 0 0 0 2 -2 1 0 0 0 2 2 -2 1 0 0 -2 -1 -2 0 0 2 -1 0 -1 0 0 0 0 0 0 0 -1 -2 1 0 0 0 0 0 2 0 0 0 1 -1 0 0 0 -1 2 0 1 1 -2 0 0 1 -2 -1 -1 0 1 1 -1 0 1 2 0 0 -1 2 0 0 -2 0 0 0 -1 0 -2 0 2 0 0 -2 2 1 0 0 0 -1 0 2 -1 0 0 -1 1 0 -2 2 -2 -1 
0 2 0 0 2 -2 2 2 0 1 0 -2 1 0 1 -1 0 0 0 0 1 1 0 0 -1 0 0 -1 0 0 0 2 1 0 2 -1 1 0 0 0 -2 0 0 1 2 -1 0 0 0 2 2 -2 0 -2 2 -1 0 0 2 0 1 -2 0 1 2 1 0 -1 0 0 0 -1 -2 0 -2 0 0 0 -2 -2 0 -2 -1 0 1 -1 0 0 -2 1 0 0 0 1 0 -1 0 0 1 0 -1 0 1 0 -1 0 0 -2 -2 0 0 2 0 0 0 1 1 -1 0 0 -1 0 -1 1 0 0 -2 0 2 -2 0 0 -1 0 0 0 0 1 -2 -1 0 0 0 0 -2 0 0 2 0 0 -2 0 0 0 -1 0 1 0 -2 2 0 0 1 1 -1 0 -2 2 0 0 0 -1 1 1 0 -2 2 1 1 1 -2 0 1 2 0 0 1 0 0 0 2 2 0 -2 0 0 0 2 0 1 
-2 0 0 -2 -1 0 0 1 0 0 0 -1 0 0 0 0 -2 2 -1 1 0 0 0 0 0 0 2 -2 0 0 0 -2 0 2 0 1 0 0 2 1 1 0 -2 0 0 2 0 -1 0 -1 0 0 -1 0 -2 -1 2 -1 0 -1 1 -1 0 2 -2 0 2 0 0 0 -2 -2 0 0 0 2 -2 -1 0 2 0 -1 0 0 2 0 0 0 2 -2 0 1 -2 2 -2 1 0 0 -2 0 0 0 1 2 -1 2 0 -2 0 2 -2 2 0 -2 0 1 0 -1 0 -2 -1 2 -1 0 0 -2 -2 0 0 0 0 0 0 0 2 -2 0 1 2 1 0 -2 0 0 0 0 -2 0 0 -2 -1 0 -2 0 0 0 0 -2 1 -1 0 -2 0 2 1 0 0 1 2 0 -2 0 1 1 0 0 0 0 0 0 2 0 -2 0 0 1 2 0 0 0 2 0 0 -1 -2 1 0 1 0 -1 
-1 -2 2 -1 0 0 0 0 1 1 -1 -2 -1 0 0 -2 1 0 1 2 2 0 0 -1 -1 0 2 0 0 0 -2 0 0 0 -1 0 2 2 0 -2 0 2 1 -2 1 0 0 0 -1 -1 0 -2 -1 0 0 1 0 2 -1 -2 0 2 0 -2 -2 0 1 1 1 -1 0 1 0 0 1 2 0 -2 1 0 0 0 2 -2 1 0 2 0 2 0 0 1 0 0 1 0 1 0 -1 0 0 1 0 2 -1 -1 0 -2 1 2 2 2 1 0 0 0 1 2 0 -1 2 0 0 0 0 0 0 -1 1 -2 2 -1 0 0 0 -1 -1 0 -2 1 -1 0 0 2 -2 0 0 -2 2 0 0 0 0 -2 -1 0 1 0 0 0 0 0 0 0 0 0 2 0 2 0 0 -1 0 -1 0 0 2 0 0 0 0 2 0 1 0 0 -1 1 2 -1 0 0 0 -1 0 0 0 0 2 -2 
0 -1 -1 -1 -1 0 -2 1 0 -1 0 0 0 0 1 2 -2 2 0 0 0 -2 0 -1 2 0 0 0 0 -1 2 -2 1 -1 0 1 -2 1 2 2 2 0 0 0 0 1 0 2 0 0 0 0 0 0 2 -2 2 -1 -2 0 0 2 -1 0 0 1 0 1 -1 2 -2 -1 -2 0 1 2 -1 2 0 2 2 1 -1 0 -2 1 0 0 0 0 -1 0 -1 1 0 1 1 0 2 2 -2 0 0 0 0 0 0 1 0 2 1 0 1 0 2 0 -1 0 0 0 -1 2 0 -1 0 -2 0 1 1 -1 2 -1 -1 0 0 -1 -2 1 0 1 -1 2 -2 0 0 1 2 0 0 0 0 -1 0 0 0 0 0 0 0 -2 1 0 0 -1 1 0 0 2 2 0 1 1 0 -1 -1 1 2 0 -2 2 -2 -1 0 0 0 -2 -1 -2 0 0 1 -1 0 0 0 0 0 -2 -2 -2 
1 -1 2 0 0 -2 -2 0 0 0 0 0 -1 -1 0 -2 -1 0 -1 2 0 0 2 0 2 1 -1 0 -1 0 1 2 0 0 0 1 1 0 -2 0 0 -2 2 -1 0 2 0 2 0 0 2 2 0 1 0 1 2 0 2 0 0 1 1 0 -2 -1 1 0 -1 -2 -2 2 -2 0 -2 -2 2 0 0 2 0 0 -1 0 -2 0 0 0 -2 0 0 -2 0 0 0 0 0 0 0 0 0 0 -1 0 1 2 -1 -1 1 -2 0 0 0 2 1 -2 1 -1 0 0 0 0 -2 -1 0 0 -2 -2 2 1 1 1 -2 -1 0 0 2 0 1 -1 -1 -1 0 -2 0 0 0 -1 2 0 -2 -1 0 0 -1 0 0 0 0 2 0 1 2 0 2 0 0 1 0 0 0 0 0 0 0 0 0 0 0 -1 0 0 2 -2 0 0 -2 2 0 0 -2 1 0 -1 -2 0 0 0 2 -1 
0 0 0 0 0 1 -2 -2 0 0 -2 0 0 0 0 0 1 0 1 0 0 0 -1 -1 1 0 0 0 -2 0 1 1 0 -1 0 0 0 -1 1 -1 -1 1 1 0 2 0 0 0 1 -1 0 1 0 0 1 2 0 0 0 -1 2 -2 0 1 0 0 0 1 -1 0 0 0 0 0 1 0 0 -2 -2 0 0 1 0 0 2 2 2 0 0 1 2 -2 2 0 -1 0 -2 0 0 0 -2 2 0 -2 -1 0 -1 -2 0 -1 0 -1 1 -2 0 0 -2 0 1 -1 -1 0 -1 2 0 -1 2 0 1 -1 1 0 0 2 2 0 -2 -1 0 2 -2 1 -2 0 0 -2 -1 0 -2 0 -1 0 0 -1 0 0 -2 0 0 0 0 0 -2 -2 2 0 0 0 0 -1 0 0 -1 0 2 0 0 1 2 -1 0 0 2 -1 0 -1 -1 0 0 0 -1 2 0 1 0 0 2 0 0 0 
0 0 0 0 0 1 0 2 0 -2 0 0 0 0 0 -2 0 0 0 -1 1 0 0 0 0 0 -1 0 -1 -1 -1 2 1 2 2 -1 1 -1 2 0 0 2 0 -2 0 2 -1 -2 0 0 0 -1 0 0 1 2 0 0 1 -2 -2 2 -1 0 0 0 2 0 0 -1 0 2 2 -2 2 0 -2 -1 0 0 -2 2 -2 1 0 0 1 0 0 0 2 0 0 0 0 0 2 -2 2 1 0 -1 0 1 0 0 1 -2 2 0 0 0 -2 -2 -2 1 -1 2 0 0 0 -2 0 -2 -2 0 0 0 0 -1 0 -1 2 0 -1 0 0 0 1 -1 1 0 -1 -2 0 0 0 0 2 0 0 0 0 -1 -2 1 2 0 0 1 0 0 0 -1 0 -2 0 2 0 -1 -2 2 2 0 0 0 1 -1 0 0 0 0 0 0 2 0 -2 1 0 -2 0 0 0 -1 2 0 0 2 0 -2 
0 2 -2 -2 2 1 0 0 0 0 0 0 2 -1 1 1 0 1 0 2 2 1 0 0 2 0 2 0 -1 -2 -2 0 0 0 0 -1 0 -2 0 1 2 -1 2 0 1 -1 0 -2 0 2 0 -1 -2 -2 0 1 0 2 1 0 0 -1 1 0 2 0 1 0 0 0 0 0 0 -1 0 -1 1 -1 0 0 2 -1 0 0 0 2 1 -1 0 2 0 2 -1 -1 0 0 0 -2 -1 0 2 2 0 0 1 0 2 1 0 -2 2 -2 0 2 2 0 -1 1 0 0 -1 0 2 0 0 0 0 0 -1 1 -2 0 0 1 0 0 2 -2 0 2 0 0 -2 -1 0 2 0 0 2 2 1 0 0 1 0 0 0 0 0 0 0 2 -2 -1 0 -2 0 -1 0 0 0 0 -1 -2 -2 0 1 0 0 -1 0 1 0 -1 0 -2 -1 2 0 -1 -2 -2 0 -1 0 -1 0 1 0 0 
-1 0 0 0 0 0 0 -2 1 1 1 1 -2 2 0 1 -1 -1 0 0 -1 0 0 -2 0 1 0 0 2 1 -2 1 -1 0 0 0 0 0 2 1 0 0 0 0 2 0 -1 -2 0 -1 1 -1 0 -2 0 -1 0 2 0 0 0 1 0 1 0 0 2 -1 0 0 0 0 1 0 0 1 -2 2 0 0 -1 1 0 0 0 1 0 2 -2 0 -1 2 1 -2 1 2 -2 0 0 2 1 0 2 0 1 0 0 0 0 1 0 1 2 -1 0 0 -1 2 -1 -1 0 1 0 0 0 0 0 1 0 0 0 0 0 -1 -1 0 -2 -2 1 0 -2 0 0 0 1 -2 0 0 1 0 0 0 0 -1 0 -1 -1 0 -1 0 2 1 0 0 -2 0 0 -1 -1 -1 -2 1 0 0 0 0 -2 2 1 0 -2 0 2 0 0 0 0 0 1 2 0 0 -2 -2 0 0 0 -1 0 0 
-1 0 1 2 0 2 1 -1 -1 0 0 1 0 0 -2 1 -1 -2 0 1 -2 1 2 -2 0 1 0 0 1 -2 2 0 0 -2 0 0 -2 1 1 1 -1 -2 0 -1 2 0 1 0 -1 0 -1 2 0 0 0 -2 0 2 1 2 -1 0 0 -1 1 0 -2 0 -2 0 -2 0 -2 -2 -2 2 0 -1 0 0 -2 0 0 0 -2 0 0 1 0 0 0 0 0 0 2 -1 0 0 0 -1 0 -2 1 2 0 0 0 -2 1 0 0 0 0 0 1 0 0 -1 0 0 0 0 0 -1 2 2 -2 -1 1 0 -2 0 -2 -2 -1 2 0 1 -2 1 0 1 0 2 -2 0 -2 1 2 0 0 -1 0 1 0 -2 1 -1 0 -2 1 -1 1 2 0 1 0 0 -1 0 1 1 0 0 0 -1 0 2 2 -2 -1 0 0 0 -2 -1 0 1 0 0 0 0 -2 0 -1 1 -1 0 0 -2 
0 0 0 1 0 2 1 -1 0 -1 1 0 0 -2 0 0 2 2 2 0 -1 -2 0 1 -2 -1 2 0 0 0 2 0 0 -1 -2 2 0 -1 0 2 2 -1 -1 0 0 1 -1 2 -1 0 -2 1 -1 1 0 1 -2 -2 1 0 0 0 2 0 0 0 0 0 1 0 1 0 0 -2 0 -2 0 0 -1 1 2 0 -2 -2 2 2 0 2 0 -1 2 0 2 -2 0 2 0 0 -1 0 2 0 0 0 0 0 0 0 0 0 2 -2 -1 0 -1 0 0 0 -1 0 0 0 1 1 -1 2 1 1 2 -2 0 0 0 1 0 2 1 0 0 -1 -2 0 -2 -2 0 2 0 -2 0 0 -1 0 0 1 0 0 0 1 -2 1 -1 -1 -2 -1 0 -1 0 2 0 2 0 0 0 0 0 0 2 0 0 0 0 1 -1 -1 0 0 1 0 0 0 -2 -2 2 0 0 0 0 2 -1 0 
-2 1 1 0 -1 0 0 1 2 0 0 0 1 1 0 0 -2 1 0 0 0 0 0 2 0 1 0 -1 0 0 -2 1 -1 -1 -2 -1 0 -2 -1 2 0 -2 1 -2 0 0 2 0 2 -2 1 0 0 0 2 0 0 -1 -1 1 -1 0 -1 0 -1 -1 2 0 2 2 2 0 1 2 -1 -1 0 2 -2 -1 -2 -2 0 0 2 2 0 -1 0 0 0 0 0 2 0 2 1 0 2 0 0 0 -1 0 0 2 0 0 0 0 0 -1 0 -2 1 0 0 0 -2 0 0 0 2 0 0 1 0 0 0 -1 0 0 0 0 0 0 1 -1 1 0 0 -2 0 0 0 1 0 2 2 0 -2 0 -1 1 0 0 2 2 1 1 0 0 -2 2 0 -2 0 1 1 0 0 1 -2 1 1 0 0 0 0 2 -2 2 0 0 0 0 0 2 0 0 0 0 -2 0 0 -2 0 0 0 1 
0 2 0 0 1 0 -2 -1 2 -2 1 1 1 0 0 2 0 0 0 -2 -2 -1 0 0 0 0 0 -1 -2 -2 0 1 -2 0 -1 0 1 -1 0 2 -1 0 0 2 -2 0 2 0 1 0 0 2 0 0 0 0 -1 0 0 0 0 0 1 -2 -2 2 2 0 0 2 0 -2 2 -2 0 0 -1 0 -2 0 0 -2 -1 0 0 2 0 2 0 0 -2 0 0 0 1 0 -2 -1 0 1 0 0 0 0 -2 0 2 0 2 0 2 0 2 -1 0 0 0 0 1 -2 0 -1 0 -1 2 0 -2 0 2 0 0 -2 0 1 0 -2 0 0 0 1 2 0 0 0 -1 -2 2 -2 2 1 0 2 2 2 -1 0 0 0 -1 -2 1 0 0 2 -2 0 2 0 0 2 1 1 -1 2 1 0 0 0 -2 -2 1 0 0 0 0 1 1 0 0 -2 1 0 1 -1 -2 1 0 0 1 -2 
1 -2 0 -2 0 0 2 2 0 -2 -2 -2 0 0 0 0 0 0 0 2 0 0 -2 0 2 0 -1 -2 -2 0 0 -1 -1 0 2 0 0 -1 -2 -2 2 0 -2 0 1 2 0 0 2 -1 0 0 0 0 -2 -1 2 -2 0 1 0 0 1 2 0 0 0 0 0 0 -2 -1 0 -2 0 0 0 2 0 0 1 0 -2 0 -1 0 0 0 2 0 2 0 0 -1 0 -2 0 0 2 0 0 0 0 0 -1 -1 0 -2 -1 0 0 0 0 0 -1 0 0 2 0 0 2 0 -2 0 0 0 0 0 2 2 2 -2 -2 -2 0 0 0 -2 1 0 1 0 0 0 -2 -2 0 1 0 -1 1 0 0 0 -1 0 0 2 -2 0 -2 -1 2 0 0 1 0 0 2 0 0 0 0 -1 -1 0 0 -2 0 0 0 0 1 2 2 0 2 2 0 2 -1 -1 1 0 1 -2 0 -2 -1 -2 
-1 -1 2 2 0 -2 0 0 2 0 0 0 0 0 1 0 1 2 0 2 0 2 0 0 0 1 0 2 2 1 0 -2 1 2 0 0 0 0 0 0 0 0 -2 -1 -1 0 0 0 0 1 0 2 1 -1 0 -1 0 1 0 0 -1 0 -2 0 -2 -1 0 1 0 -2 0 1 0 0 0 1 -2 2 1 1 0 0 -2 -2 0 2 0 1 -1 0 0 0 0 0 0 2 -1 -2 0 2 -2 2 -1 1 1 0 0 0 0 -1 0 0 0 0 2 0 0 0 -2 -1 0 0 -1 0 1 -1 0 0 2 2 -1 0 0 0 0 -2 0 1 -2 0 0 -1 0 0 2 -1 -2 0 1 1 -2 -1 -1 -2 0 1 0 2 0 0 0 0 -1 2 2 -2 -2 0 -2 -1 0 0 1 0 0 0 1 0 2 0 2 -1 0 -2 0 0 1 -2 0 -1 1 0 0 -2 1 0 0 0 0 0 
0 2 0 0 0 -1 0 0 0 1 -1 0 0 2 0 2 -1 0 0 0 0 2 1 0 2 2 0 0 0 -1 -1 0 0 2 -1 0 1 2 -1 2 2 1 0 0 -2 -2 0 1 -1 -1 0 0 -1 0 -2 1 -1 2 0 0 1 0 0 0 0 0 0 0 0 2 0 1 -1 -2 0 0 0 0 0 0 1 1 0 1 2 2 1 0 0 0 0 0 0 0 0 0 0 0 0 2 0 0 1 0 -1 2 0 2 0 -2 0 2 -2 0 2 1 0 0 -2 2 0 0 0 -2 -2 0 -1 0 0 0 0 -1 0 -1 0 1 1 -1 -2 1 -1 0 -1 0 1 -1 0 0 0 0 0 0 2 0 0 -1 0 0 0 -2 1 0 0 -2 -2 1 0 0 0 -1 0 1 -2 0 2 0 0 0 0 2 1 -2 0 1 -1 0 2 0 0 0 -1 0 -1 1 -1 -1 0 -2 1 -2 
0 2 0 -1 0 1 0 0 0 0 0 0 0 -2 0 2 -1 -1 0 0 0 0 0 0 0 0 0 -1 0 2 1 0 2 2 -1 0 0 -1 -1 1 0 0 -1 0 -1 -2 -1 2 0 0 2 2 2 0 -2 1 0 0 0 2 -1 0 -1 2 0 0 0 -1 -1 0 0 0 0 1 2 0 0 -2 1 1 0 -2 0 0 0 2 2 2 2 -2 2 -2 0 0 -1 0 2 0 1 0 0 -1 2 2 0 0 -1 0 0 1 0 0 -1 0 -2 0 2 1 0 1 0 0 2 1 0 -1 2 1 0 0 -1 0 1 -2 1 0 2 1 0 1 -1 0 0 0 1 0 -1 -2 1 0 0 0 -1 0 2 0 0 0 -2 0 0 0 -1 0 0 0 -2 -2 0 -2 0 -1 0 1 0 0 1 1 0 0 -1 -2 0 0 1 0 0 2 0 0 0 0 1 0 -1 0 0 0 2 -1 
-1 -2 0 0 0 -2 0 0 -2 2 0 1 -1 -2 0 -2 0 0 0 0 0 0 -1 2 0 0 -1 -2 -1 0 0 0 0 2 -1 2 0 1 -2 -1 -2 0 0 -2 0 2 0 -1 2 -2 -1 1 -1 0 -2 1 -1 1 0 -1 2 1 0 0 0 0 0 0 2 -2 0 0 0 -2 -2 2 0 1 -2 -2 -2 0 -1 0 0 1 0 0 2 0 -1 1 0 0 0 -2 0 0 0 0 0 0 -2 0 -2 1 0 0 1 0 0 0 1 0 1 0 2 0 2 -2 0 0 0 -2 0 1 -2 0 0 0 2 -2 -2 -1 0 0 1 0 0 -2 2 0 0 0 -1 0 0 2 0 0 2 0 0 -2 -1 -1 1 0 0 1 0 0 2 2 0 0 0 -2 0 2 -1 1 0 0 0 -1 1 0 0 0 0 0 0 0 -2 0 0 -2 1 -1 0 -2 -2 -2 0 0 0 2 -1 0 
-1 -2 0 0 -1 0 -1 0 0 -1 0 0 -1 0 0 0 0 0 0 0 2 0 -2 0 -1 0 -2 0 0 0 2 0 0 0 2 0 0 -2 0 0 0 1 0 1 0 -2 2 -2 2 0 -2 0 2 -1 2 -1 0 0 1 0 0 -1 -1 0 -1 0 1 0 -1 -2 -2 0 -2 -2 0 1 -2 -1 1 -1 1 0 -1 0 0 0 0 0 0 0 -1 -1 0 0 2 0 0 0 -1 2 0 0 2 -1 1 2 -1 0 0 0 0 1 0 0 -1 -2 1 0 0 0 -1 0 1 0 -1 0 2 2 -2 2 0 -1 -1 0 2 -1 0 1 2 0 2 -2 0 -2 1 2 2 2 2 0 2 2 0 0 2 -2 0 1 2 0 2 0 0 1 0 1 0 -1 0 0 0 2 2 -1 -2 0 -2 0 0 0 2 -1 0 0 0 0 0 0 0 2 1 -2 1 -1 -2 2 -2 0 0 0 
1 0 -2 0 -2 0 -2 -1 0 -1 0 0 0 1 -1 1 0 0 2 0 2 1 1 -2 0 1 0 0 -2 1 0 2 0 0 1 1 1 0 -2 2 -2 1 0 1 0 0 0 0 1 -2 1 0 0 2 0 0 0 0 0 0 -1 0 -1 0 1 0 0 -2 -2 -1 0 0 -2 -2 -1 -1 2 0 -2 0 1 1 0 0 -2 2 0 2 0 0 0 0 2 0 1 -1 0 -2 2 -1 0 0 -1 0 2 -2 1 0 2 0 0 0 0 0 -2 2 0 1 -1 0 -1 0 0 0 0 1 0 0 0 -1 0 -2 0 2 2 0 -2 -2 2 -1 0 0 0 -2 -2 -1 2 1 1 -2 0 2 1 0 0 -2 0 0 0 -2 0 0 0 0 0 -2 0 0 -1 -1 0 0 0 1 0 2 -1 2 2 1 -1 0 0 2 0 0 1 0 0 -2 0 0 0 -2 2 0 0 0 0 0 
0 0 -1 1 0 -2 0 0 -2 -2 -2 0 1 -2 0 -2 2 1 1 1 -2 0 0 1 -1 0 0 2 -1 0 0 0 -2 -1 0 1 2 0 -2 0 0 0 -2 -2 0 -1 -2 0 0 1 -1 -2 0 0 0 0 0 1 -2 0 -2 0 -2 0 0 1 2 1 0 0 0 0 0 2 -1 0 -2 0 0 0 0 0 0 0 -1 0 0 -1 -2 -2 1 -2 1 -1 0 -2 0 2 0 0 0 2 1 2 1 2 0 -2 -2 0 0 0 2 2 1 1 -1 0 -1 0 0 0 0 -1 -1 0 1 2 0 -2 0 -2 -2 0 1 -2 0 0 0 0 -1 -1 -2 -1 0 2 -2 0 -2 1 0 0 1 0 0 0 2 0 -1 0 -1 0 0 0 -1 1 1 2 1 2 0 -2 -2 0 0 0 0 -1 -1 0 0 1 0 -1 0 -2 -1 0 2 2 0 0 2 -1 -1 0 -2 0 0 0 
0 0 -2 1 0 0 0 1 -2 0 0 -1 -2 0 0 0 -1 0 1 0 1 0 2 -2 0 0 2 0 -2 -2 2 1 0 -2 1 -1 0 0 0 -2 0 0 0 2 0 2 0 -2 -1 0 2 0 0 0 0 -2 1 0 0 -2 -2 -1 -2 2 1 0 -2 -2 -1 1 -2 0 -2 2 0 0 2 0 -1 2 -2 1 0 0 0 0 0 0 0 -2 -2 -1 -1 1 -1 1 1 0 -1 0 -2 2 0 2 0 0 -2 -2 1 -1 -2 -1 0 0 0 0 0 0 0 2 -2 0 0 -2 0 0 -2 1 0 -1 2 1 -2 1 0 0 2 -2 -2 0 0 -2 2 1 0 0 0 0 0 0 0 1 1 1 0 2 0 0 -1 0 0 0 0 2 0 -2 0 2 0 -2 2 0 -2 0 2 -1 1 0 0 -1 0 -1 0 -1 0 -2 -2 2 -2 2 -1 -2 0 0 -2 -1 0 2 0 -1 
0 0 0 0 -2 0 0 0 0 2 1 0 0 1 0 1 0 0 0 0 0 2 1 0 0 -2 0 0 -2 -1 -1 0 0 0 0 0 -1 1 2 0 -2 2 1 1 -2 0 -2 0 2 2 -1 2 0 0 0 1 0 -1 0 2 0 -1 1 0 0 -2 -1 0 0 2 -2 2 -1 0 -1 0 -2 2 0 0 -1 0 0 0 -2 0 -1 0 0 0 0 2 2 0 0 -2 1 0 -1 2 0 -1 -1 1 0 0 0 0 -2 0 -1 0 1 2 1 0 2 0 -2 -1 1 2 1 -1 0 -2 -1 0 0 -1 -2 0 -2 -1 -1 0 -1 0 2 0 0 -1 -2 -2 -2 0 -1 0 0 2 2 0 2 -2 0 0 0 -2 0 0 0 -2 0 0 0 0 0 2 0 -1 0 -2 2 0 2 -2 0 0 1 0 -1 -2 0 -1 0 0 2 -2 1 0 0 0 -2 0 1 0 0 0 0 -1 
-1 0 2 1 0 0 1 0 0 2 1 0 -2 1 -1 2 2 2 0 -2 1 0 0 1 0 1 0 -2 0 0 0 1 -1 0 -2 0 0 0 0 2 0 0 -2 0 2 1 2 0 2 -2 2 -1 -1 0 2 1 0 -2 -1 -2 -2 -2 -1 1 0 2 0 0 0 0 0 0 -1 0 1 -2 -2 1 0 -2 0 -1 -2 0 0 0 0 -2 -1 0 -1 -1 -1 2 0 1 0 2 0 -1 0 -1 2 0 1 2 1 0 0 2 0 0 -1 0 -1 1 0 2 0 0 1 -1 -1 0 0 -2 -1 0 2 0 -1 -1 1 0 -1 0 1 -2 0 0 0 0 0 2 1 -1 1 1 -1 1 0 1 -1 1 0 2 0 -1 -2 1 0 0 0 -2 2 -2 0 0 -1 2 1 2 0 0 0 -2 0 1 0 -1 -2 0 1 0 0 0 0 0 -2 1 0 0 -1 -1 2 0 0 1 -1 1 
-2 -1 0 0 1 2 0 0 0 0 1 0 2 2 0 0 -1 0 -2 0 0 0 -2 2 0 2 0 2 -1 0 0 0 0 2 2 1 1 0 0 2 0 -2 0 0 -2 0 0 0 1 2 -2 0 -1 0 0 -1 -2 -2 0 -1 0 0 0 0 -1 1 0 0 -2 0 0 0 0 0 -2 0 -1 1 0 0 0 0 0 2 0 0 0 0 0 1 0 -1 0 -2 0 1 2 -1 0 -1 -1 1 -2 0 0 1 0 -2 0 -1 -1 0 -1 1 0 2 0 0 1 0 2 0 0 -2 1 0 2 -2 0 2 0 0 0 0 0 -1 0 1 0 0 2 0 0 -1 2 -1 0 0 0 -2 -2 0 -2 0 0 0 2 2 0 1 0 -1 0 -1 0 0 1 0 -2 0 0 -1 0 0 -2 0 -2 1 1 0 1 -1 -1 -1 0 -1 0 -2 0 2 1 1 0 -1 0 0 0 0 -2 -2 
0 2 0 0 1 -2 2 2 0 0 2 -1 2 -2 0 0 2 0 2 -2 0 0 -2 1 0 2 -1 0 -2 0 0 -1 0 0 0 1 0 0 0 0 -1 -1 2 -1 0 -1 0 0 0 -2 0 -2 1 0 -1 0 2 1 0 0 1 0 0 0 0 0 0 0 2 0 0 2 0 2 -1 -1 0 0 0 0 -2 0 2 2 1 0 -2 -2 1 2 0 2 0 1 0 2 0 2 -1 0 0 0 -1 1 0 -2 1 2 1 0 0 1 0 1 -2 0 0 -1 2 -2 2 0 0 0 2 2 0 0 0 -2 0 0 -1 0 0 2 0 0 0 -1 2 1 2 0 0 2 1 0 0 -2 -1 0 1 -2 0 -1 0 0 0 0 0 0 2 0 0 0 0 0 0 0 0 0 -2 0 1 0 1 0 -2 0 -1 -1 0 1 2 0 0 0 0 2 2 0 0 -2 0 0 1 0 1 2 
2 0 1 -1 0 -2 0 -1 0 -2 2 -1 0 0 2 2 0 0 0 0 -1 0 0 -1 0 -2 0 -1 2 0 -1 2 0 -1 -1 1 -2 0 1 -2 -2 -1 0 2 0 0 -1 2 2 0 -1 -2 1 -1 2 0 1 2 0 -1 0 2 -2 0 0 0 2 2 1 -2 1 -1 0 2 0 0 -1 2 0 0 0 1 2 1 2 -1 -1 1 1 0 0 0 0 -1 -1 -2 -1 1 0 0 0 -2 0 0 0 -1 0 0 -2 -1 0 0 0 0 0 0 0 0 1 0 1 0 2 0 -2 0 -1 1 1 0 2 1 -2 -2 1 2 0 0 -2 0 0 0 -2 -1 -2 0 0 1 0 -1 -2 -2 0 2 -2 2 0 0 0 1 2 0 0 -2 1 0 0 0 0 0 0 1 0 0 -1 0 1 0 0 2 -2 2 0 0 1 2 2 -1 0 1 -2 2 2 0 1 0 -2 1 0 2 
2 0 0 2 0 -2 0 0 -2 0 -1 -1 2 0 -2 -2 2 2 0 0 0 -2 0 0 0 0 -1 0 -1 2 -1 1 0 0 1 2 -2 -1 -2 -1 -1 2 0 -1 0 1 1 -1 2 2 0 0 0 0 0 2 0 0 0 -1 2 -1 0 1 1 0 0 0 0 1 0 -2 0 2 0 0 0 -2 1 -1 2 2 1 2 0 0 -2 0 2 1 1 0 -2 1 1 -1 2 0 2 1 -1 -1 0 0 0 2 -2 1 0 0 2 -1 2 2 -2 0 0 2 0 -2 2 0 0 2 0 -1 2 0 1 1 1 0 1 -2 1 2 2 0 -2 0 0 0 2 2 0 -2 2 -2 0 0 0 -2 0 0 0 0 0 0 0 1 0 0 -1 0 0 -1 0 1 -1 -2 -1 0 0 1 1 0 0 -1 0 0 1 0 -2 -2 0 -2 0 0 2 0 1 -1 1 -2 0 -1 0 0 2 0 
0 0 0 0 0 -2 0 2 0 0 0 0 -2 -1 0 -1 -1 -1 -2 0 0 0 0 0 0 0 0 1 -2 1 -1 0 2 1 2 0 2 2 -2 0 2 2 -1 2 0 0 -1 0 -1 0 0 0 2 1 0 1 2 0 0 -1 -1 0 1 0 0 -2 -1 -2 1 -2 -1 2 -1 0 0 2 -2 0 0 0 0 2 1 1 0 0 0 0 0 2 -1 -2 0 0 -2 0 2 0 0 2 0 0 0 0 0 0 -1 2 2 1 0 0 0 0 1 1 1 -2 0 2 0 -1 0 0 0 1 0 -1 -2 0 0 -2 1 0 0 -1 -1 -2 0 -1 1 1 0 2 0 0 0 0 -1 2 0 0 -2 0 -2 0 -1 0 1 0 0 1 2 1 -2 0 2 -1 0 0 0 0 0 0 0 0 0 0 2 0 2 0 0 0 0 0 0 0 -2 -1 -1 0 0 0 0 -2 0 0 1 0 
2 0 1 0 0 -2 0 2 1 0 0 0 -1 0 -2 0 -1 0 -1 0 2 0 -2 2 0 0 0 -2 0 0 0 0 0 -1 0 -1 2 0 1 0 0 2 0 2 0 2 1 0 1 0 0 0 0 -2 1 0 0 -1 0 2 0 -2 0 0 0 0 -1 0 -1 0 -2 2 1 0 1 0 -2 -2 0 0 -2 0 0 0 -1 0 0 0 0 0 2 0 0 0 -1 -1 -1 1 -2 -1 0 0 -1 -2 -1 0 -1 2 2 0 -1 2 0 0 0 1 1 0 0 1 0 0 1 0 0 1 0 0 0 -1 0 -1 0 0 0 1 0 0 0 2 0 -1 0 -1 -2 2 2 0 0 0 0 -2 -1 0 -1 1 0 0 -1 0 1 -2 0 0 -1 -2 -1 1 0 1 -1 1 -2 0 0 0 1 1 -1 0 -1 -1 0 2 2 -2 0 2 0 2 -1 0 2 0 -1 0 0 2 2 0 
0 0 0 -2 -2 -2 0 0 0 0 -2 -2 -1 -1 2 2 1 0 1 0 -2 -1 -1 0 0 -1 -2 0 0 0 -1 1 0 0 0 0 -1 -1 1 -2 -2 -2 0 0 2 1 0 -1 0 0 1 0 0 -2 -2 0 0 0 0 2 0 0 1 -2 0 2 -2 0 -1 -1 0 0 0 -1 0 -1 1 -1 2 0 0 -2 -1 0 -2 -2 1 2 1 0 0 0 2 -1 0 0 0 0 0 0 0 0 2 1 -1 0 0 0 -2 -2 2 -1 0 0 2 0 0 2 1 0 0 0 0 0 0 -1 0 -2 -2 2 0 0 0 1 -2 0 -1 0 0 0 0 0 2 1 0 0 2 0 0 0 1 0 0 0 -2 0 1 0 1 0 0 1 1 0 2 2 0 2 0 1 0 1 1 0 -1 2 0 0 0 -1 0 2 2 -2 2 0 -2 0 -1 0 1 0 0 2 -2 0 1 -2 2 0 
0 0 0 -2 -2 0 0 -2 2 2 2 -1 0 0 0 1 -2 -2 0 2 0 0 0 2 -2 0 0 -2 -1 0 0 -2 -1 0 -2 0 0 0 0 0 -2 -1 0 0 2 0 -2 0 1 0 0 -2 -2 0 -2 2 -1 -2 0 0 1 -1 0 -2 0 0 -2 0 1 0 -2 2 -2 0 2 0 0 0 2 1 0 0 0 0 0 0 0 -1 0 0 -2 0 0 1 -2 0 1 2 -1 1 0 0 2 1 1 0 0 -2 0 0 0 0 1 2 0 0 2 0 0 0 -1 -2 0 0 0 2 0 0 0 -2 0 2 0 2 -1 -2 2 -1 0 0 1 0 -2 -1 1 -1 0 0 0 0 0 -2 -2 -2 0 -1 0 0 0 0 -2 1 0 -1 -1 0 2 -2 0 -2 1 0 0 0 2 -2 -2 -2 -2 0 0 -2 0 0 0 -1 0 -1 1 1 2 -2 -2 0 0 0 0 0 0 0 
2 1 0 0 0 0 1 0 0 1 1 -2 1 1 1 1 0 1 -2 0 2 -1 1 0 0 -1 1 2 0 1 0 -1 0 0 -1 0 2 -2 2 0 0 0 0 -2 0 0 0 0 -1 0 0 0 0 0 0 2 -2 -1 0 2 -1 0 0 0 0 1 0 1 -1 2 -1 0 -1 1 -1 1 2 2 0 0 2 -2 0 0 2 0 0 0 2 -1 -1 -1 0 -2 -2 0 -2 0 0 -2 -2 0 0 0 2 2 0 1 0 -1 -2 0 -1 0 1 -2 0 0 0 -1 1 -2 -1 0 0 1 0 -1 -1 0 0 -1 1 2 0 0 1 0 1 0 -1 -2 0 1 0 2 0 0 1 -2 0 0 0 0 0 0 0 1 0 2 0 2 1 0 -2 1 0 -1 0 -2 -1 0 -1 0 0 0 2 1 0 -1 0 1 0 1 -2 0 0 1 0 0 1 0 1 2 0 0 -1 0 0 -1 
0 1 0 0 -2 2 -1 0 0 1 0 0 0 1 -1 -2 0 -1 2 0 1 0 -2 -2 -2 2 -2 0 0 -1 0 -2 -1 0 0 0 0 0 0 2 0 1 -2 -1 0 0 -1 1 0 -1 0 0 0 0 0 1 1 0 0 0 0 0 2 1 -2 -2 0 1 0 2 0 -2 -2 1 0 0 0 0 0 2 0 2 0 0 0 0 1 0 0 0 0 0 0 0 0 0 0 2 0 0 1 -2 2 0 1 -1 0 0 0 -1 0 -2 0 1 0 1 0 0 -1 -2 2 -1 0 0 1 -1 -2 -2 -2 -1 -2 -1 0 0 1 0 1 0 1 0 0 0 0 0 0 0 0 1 0 0 0 0 0 0 0 -2 1 -2 0 0 1 -2 -2 -1 0 -2 0 -2 0 2 0 0 -1 1 -2 0 2 0 2 2 0 0 0 0 1 -1 1 -1 -2 0 0 0 2 0 1 -1 0 0 0 1 
1 0 0 0 1 0 1 2 -1 0 1 1 0 2 -1 0 -1 -2 -2 1 0 -2 0 0 1 1 0 -2 0 0 0 -1 0 1 1 -2 0 0 0 0 -1 0 0 0 0 1 0 0 -1 -1 0 0 0 0 1 1 -1 -1 0 0 0 -1 2 0 -1 0 0 2 0 -1 0 -1 0 0 0 0 -2 0 -2 2 0 -1 2 0 1 -1 -1 -1 -1 -1 0 0 0 2 0 0 2 0 2 1 0 0 2 0 -2 0 -2 1 -1 0 -2 0 2 0 0 -2 2 0 0 0 0 0 0 0 2 0 0 0 0 0 1 -1 1 2 -2 1 0 0 0 -1 1 0 -1 0 0 -2 0 -2 -2 0 0 -1 -2 0 0 -1 -2 -2 0 -2 0 0 -1 0 1 -1 0 0 1 0 0 0 0 0 0 0 -2 0 -2 1 2 0 -1 -1 0 -2 -2 0 0 -1 -1 -1 0 -1 1 0 0 -1 1 2 
0 0 1 -2 1 -1 0 0 -2 -1 -2 0 -2 -1 1 0 0 0 -2 -1 1 2 0 0 0 -2 2 0 0 0 1 0 2 -2 0 0 1 0 -2 1 2 0 1 -2 2 2 0 2 0 -2 0 0 0 -2 -2 0 -1 1 0 0 0 0 2 0 0 -1 -1 0 -2 0 0 -2 0 1 0 0 -2 0 2 -1 2 0 2 1 1 2 -2 0 0 0 -2 0 0 -1 1 -2 2 0 1 0 0 0 -2 -2 0 0 -2 0 2 0 -1 2 0 0 -1 0 0 -2 2 0 0 -1 -2 -1 0 2 -1 0 -2 -2 -2 0 1 -1 -1 -1 0 0 -2 0 -1 0 -2 2 1 0 0 -2 0 0 -1 0 0 1 0 1 0 -2 0 0 1 -2 0 2 -2 0 0 -1 1 0 0 -2 -1 2 1 1 -1 0 -1 0 1 -2 0 0 0 0 0 0 0 -2 1 0 -2 2 -1 -2 -1 0 0 0 
-1 2 -1 -2 2 -1 0 1 0 1 1 0 -1 0 2 -2 2 0 0 0 2 2 -2 0 0 0 1 -2 0 1 2 2 2 -2 1 2 0 0 1 -1 0 0 0 0 2 -2 1 0 0 -1 0 0 -1 -2 -1 2 1 1 2 0 0 0 0 0 -1 1 -1 1 0 -1 0 2 -1 0 0 2 2 2 0 0 0 0 0 2 -1 0 1 0 0 -2 0 0 0 0 0 0 0 2 -2 2 0 2 0 2 0 0 0 1 -1 0 -2 -2 0 0 0 -2 -1 0 1 2 -1 -2 0 0 1 0 2 -1 0 -2 0 2 0 -2 -1 0 1 2 0 0 2 0 0 1 2 0 2 0 2 1 2 -2 0 -2 0 -1 0 0 0 0 1 0 0 0 0 1 2 -2 0 2 1 0 0 2 -1 0 0 -2 0 -1 -1 -2 0 0 0 2 1 0 0 1 -2 0 2 1 0 2 0 0 0 -2 
0 0 0 0 0 1 0 -1 -1 0 0 -2 -2 0 -2 1 0 -2 0 0 -1 1 2 -1 0 0 0 0 2 0 2 -1 0 -1 -2 0 0 0 0 1 1 0 0 0 0 0 0 0 0 2 1 1 -2 0 -1 2 -2 0 0 0 1 2 0 -2 -2 -1 -1 0 -2 2 0 0 0 2 0 0 -1 0 0 0 0 2 0 0 2 0 2 -1 0 2 0 0 -2 2 2 2 0 -2 0 0 2 -2 0 0 0 -1 2 2 0 -1 -2 0 0 0 1 0 2 0 -1 0 -1 -1 -1 0 1 0 0 0 0 2 0 -2 2 0 0 2 0 -2 0 0 2 -1 2 -1 2 2 0 0 0 2 -2 -2 2 1 -1 0 0 0 2 -2 0 2 0 1 0 2 -1 -1 0 2 0 -2 1 2 -2 0 2 0 0 1 2 1 0 0 0 0 2 0 -1 2 0 0 0 0 -2 -2 0 -1 0 0 
2 2 0 0 -1 -2 0 1 0 0 -1 0 -1 0 0 2 2 -1 0 -2 0 0 0 0 0 0 1 0 -1 -1 2 0 -2 -1 0 2 0 0 0 0 0 0 -1 0 2 0 0 0 -1 2 -1 2 0 2 -1 -1 0 1 0 -2 -1 0 1 -2 1 0 0 0 -1 1 0 0 1 0 -2 0 0 1 0 0 0 -1 -2 0 2 0 0 2 2 -1 1 2 -2 0 0 0 2 0 0 0 0 0 -1 0 -1 1 -2 -1 1 0 0 0 0 0 0 0 -1 2 0 0 0 0 2 -2 0 0 0 -2 1 0 -2 0 -2 -2 2 -2 2 0 -1 0 0 0 0 0 -1 1 -1 0 0 2 1 2 1 0 0 0 0 2 1 0 1 1 1 -2 0 0 1 -2 -1 0 0 0 -1 1 0 -2 0 -1 2 -1 0 0 1 2 -1 0 2 1 0 0 0 -1 0 -2 2 0 1 0 0 2 
1 0 2 0 -1 0 2 0 0 -1 0 0 0 2 -1 0 -2 0 0 0 1 1 2 0 0 0 0 1 -1 -1 -2 -1 0 0 0 -1 1 -2 -2 0 -1 0 -2 -1 0 0 1 -2 0 0 0 -2 2 -2 0 1 0 0 0 0 -1 -1 -1 0 0 -1 0 0 0 -2 2 0 0 0 -2 0 0 -2 0 1 2 1 0 -2 0 1 0 -2 2 0 0 -2 0 0 1 0 0 -1 -1 0 0 1 -1 0 1 0 2 0 -1 0 -1 0 0 0 0 0 0 0 1 2 0 0 0 0 1 -1 -2 -2 1 2 1 0 0 2 2 2 0 -2 -1 1 2 0 0 0 1 0 0 1 -1 -2 2 -1 2 -2 1 0 2 0 1 0 -1 0 0 0 0 2 0 2 0 2 0 -2 2 0 0 0 0 -1 2 2 2 0 0 0 0 -1 1 -2 -1 2 0 -2 1 -1 0 -2 -1 0 1 1 
0 1 0 0 0 -2 0 0 -2 0 1 -2 2 -1 0 -2 0 0 -2 2 0 1 -2 2 2 2 -1 0 2 0 1 -1 2 1 2 -1 0 -1 -1 0 0 0 -2 0 0 1 0 -1 0 2 -1 -2 0 0 1 0 0 0 -1 0 -1 0 -1 0 -1 0 -2 0 -2 0 0 2 2 1 -1 1 0 0 0 0 0 -1 0 0 1 1 0 0 -2 1 1 2 2 2 -1 1 -2 2 0 0 2 0 0 0 0 0 0 0 0 -2 2 -1 0 0 0 0 0 -1 0 1 0 -1 2 0 0 -1 0 2 2 0 0 -2 2 0 0 0 2 0 0 0 2 -2 0 0 1 0 0 0 2 -1 1 1 0 2 0 1 0 0 -2 2 2 0 2 0 1 0 1 1 0 -1 2 0 -1 0 0 -2 1 0 2 -1 0 -1 1 0 0 0 0 0 -1 2 1 0 0 0 0 0 0 0 0 -2 
0 -2 2 2 1 0 2 -1 2 0 0 0 0 0 2 -2 0 0 -1 -1 0 0 2 0 0 0 1 2 0 -2 1 -2 0 1 2 0 0 0 0 1 -2 1 0 0 0 0 -2 0 -2 0 0 0 -2 0 -2 0 0 2 -2 0 0 1 0 -1 2 -2 1 0 1 0 2 0 0 0 1 -1 -1 0 2 0 1 0 2 2 0 -1 1 0 0 0 0 1 0 0 0 2 0 0 -1 0 0 0 0 2 0 -2 -2 -2 1 -1 0 0 0 0 0 0 2 0 0 1 -1 -1 0 0 -2 -2 -2 2 1 -2 1 0 0 0 0 0 0 -2 2 0 0 0 1 -1 2 0 0 1 2 0 0 1 0 -2 0 2 0 -1 0 1 0 -1 0 1 0 0 0 2 0 0 -2 0 1 0 0 0 0 0 0 2 -2 0 2 1 0 1 -1 0 2 0 1 0 0 -2 1 0 0 -1 2 1 
0 1 0 0 -1 -1 0 0 2 0 0 0 -2 0 0 -1 0 0 -2 0 -1 2 2 1 0 -1 0 0 1 2 -1 -1 0 -1 0 0 -1 1 0 0 -1 -1 0 2 0 2 -1 0 0 1 -2 1 1 0 0 2 -1 -1 -1 -1 -2 2 0 -2 0 0 0 2 0 2 0 0 -1 1 2 0 -2 -2 2 0 0 2 1 2 -1 0 0 0 2 0 1 1 1 0 0 0 2 0 1 0 0 0 0 0 1 0 2 0 1 -2 0 -2 2 0 0 0 2 0 0 0 0 0 -2 2 2 -1 2 0 0 0 2 -2 0 0 0 0 0 0 -2 -2 2 0 -2 2 -2 0 -1 0 1 0 0 -2 -2 0 0 0 1 -1 -1 0 0 1 1 0 1 0 -2 0 1 2 -1 0 0 -1 2 0 2 -2 0 0 0 0 0 0 0 1 -1 0 -2 0 0 2 0 0 -1 0 -1 -1 -2 0 
0 1 0 0 0 0 0 -1 0 1 0 -2 0 2 2 2 0 0 2 0 -1 0 1 0 -2 2 -1 0 0 0 1 0 0 2 -1 0 2 1 0 -1 0 0 0 0 0 2 0 0 1 0 0 0 0 -2 1 -2 -1 1 -1 0 0 2 1 0 0 0 0 0 -2 0 0 0 2 -1 0 2 0 0 0 0 0 -1 0 0 0 0 0 -2 1 1 0 1 0 0 2 1 -2 -2 -2 -2 0 -1 0 0 -1 -2 2 0 0 -2 -1 -2 0 0 0 2 2 0 0 -2 0 0 1 -1 1 2 2 0 0 1 0 0 -1 0 0 0 -1 2 0 1 0 -2 0 1 0 0 -1 0 0 -2 -2 0 -2 0 2 -1 2 1 1 1 -1 0 0 2 -1 1 0 0 1 -1 1 2 2 1 1 0 1 -1 -2 0 -1 0 -2 2 0 2 0 0 0 0 0 1 0 0 -2 1 0 2 0 0 
-2 0 0 1 0 2 0 0 -1 -1 2 0 0 0 -2 1 0 0 0 0 0 -1 -2 -2 -1 -2 0 0 0 -1 -1 1 2 0 0 0 -1 -1 -1 0 0 1 1 -1 0 0 0 -1 0 0 0 -2 0 0 -1 0 0 1 2 -2 -2 1 1 2 -1 1 0 0 0 2 2 -2 0 2 1 -2 -1 1 0 0 0 0 0 0 0 0 0 -1 -1 0 -2 -2 2 0 2 -2 0 0 0 2 2 -1 0 -1 -2 0 -1 0 -2 0 -2 0 1 0 -2 0 -1 0 -1 2 0 0 -2 0 -2 -1 0 0 0 -2 0 2 0 0 1 -1 1 0 2 1 0 0 -2 1 1 1 -1 -1 -1 0 0 0 0 2 0 0 1 0 -1 0 0 0 0 -2 0 0 0 0 2 0 0 2 2 -1 0 0 0 0 2 0 0 1 0 1 0 -1 0 0 0 1 1 2 0 2 1 0 1 0 0 -1 
2 2 -1 0 1 -1 -2 -2 0 2 -1 -1 0 -1 0 0 0 2 -2 -1 1 1 0 0 2 -1 1 0 0 0 -1 1 2 0 2 0 1 -2 1 -2 0 0 0 0 -2 0 0 0 0 0 0 0 -2 0 -1 2 -2 0 0 0 0 -1 0 -2 0 -1 0 0 -1 0 0 -1 0 -1 0 -2 0 1 0 -1 -1 0 1 2 0 2 0 -1 -2 0 0 0 1 0 0 -1 0 0 1 0 2 0 1 -2 0 2 -2 2 0 1 -2 0 -2 0 2 2 -2 0 1 0 0 1 0 0 0 0 -1 0 0 -2 0 2 0 0 0 -2 0 -1 0 1 0 0 1 2 -2 2 0 1 2 1 0 -2 0 2 0 0 0 0 0 1 -1 -2 -1 0 1 0 -2 -1 0 0 1 1 -1 -2 2 0 -1 0 -2 0 0 0 -2 -1 -2 0 0 1 0 0 1 0 -1 0 1 2 0 1 0 -1 
0 0 2 0 2 1 0 -1 2 2 -2 0 -2 0 2 0 0 0 -1 -2 0 0 2 -1 0 2 -1 -2 0 1 1 -2 0 0 0 0 2 0 1 0 2 2 0 0 0 0 0 0 1 1 2 0 -2 -1 -1 -2 0 0 0 2 0 0 -2 -2 0 0 2 0 0 0 0 2 0 0 -2 0 0 1 2 0 -2 0 2 -2 0 2 0 0 0 -1 1 0 -1 -1 0 0 0 0 0 0 0 -2 0 2 -2 0 0 0 0 0 0 0 0 0 -1 2 0 0 0 0 -2 0 0 -1 1 -1 -1 1 1 -1 0 2 -1 2 0 0 0 2 2 2 -1 0 1 2 2 -1 1 0 0 -2 -1 1 -1 0 -1 -1 1 0 -1 0 1 0 -1 0 0 0 2 -1 0 0 1 2 2 0 1 0 0 0 2 1 0 0 -1 0 -1 0 1 2 2 1 0 0 -1 1 -1 2 -2 0 0 -2 
-1 1 0 0 -2 -2 1 0 0 2 0 0 0 -1 0 2 1 0 1 0 2 1 -2 -2 0 1 1 1 -1 2 0 0 0 0 0 2 0 0 0 -2 -2 0 -2 2 0 0 -2 0 0 0 0 0 0 0 0 -2 1 0 0 0 0 0 0 -1 0 0 -2 1 2 0 0 -2 2 0 0 -2 0 0 0 0 1 0 0 -1 1 0 0 0 0 0 -2 1 1 0 -1 0 0 0 0 0 0 0 0 -2 -1 0 0 0 2 0 0 0 -2 0 0 0 1 1 1 0 0 0 0 2 1 0 0 2 -1 -1 -2 0 0 -2 -1 0 2 0 0 0 0 0 0 0 0 0 1 -2 -2 0 -1 0 0 0 -2 1 0 1 0 1 0 -1 -2 0 2 1 2 0 0 -1 -1 0 -2 -2 -1 0 0 0 -1 1 0 -1 0 -1 0 0 -2 0 -1 0 -2 0 -2 0 0 0 2 2 0 0 
0 -2 0 -2 0 0 0 2 -2 -2 1 2 0 0 1 2 0 0 0 0 0 -2 0 -1 -2 1 0 2 0 0 0 -1 1 0 1 2 0 0 0 0 -2 2 0 0 0 -2 -2 1 2 2 2 1 -2 -1 0 0 0 -1 -2 -1 0 1 0 1 2 0 0 0 -2 0 0 -1 2 -2 0 -2 0 0 0 -1 0 0 -1 -2 1 1 -1 1 0 2 0 -1 -1 0 -1 0 -2 -2 -2 0 1 0 -2 0 0 -1 2 1 0 0 0 2 -1 -2 0 0 1 0 0 0 1 1 -1 -2 0 0 0 1 -2 2 1 0 2 1 -2 2 2 0 0 0 -2 0 1 -1 1 -2 -1 0 2 0 0 -1 -2 -2 0 1 -1 2 0 2 0 0 1 -1 1 2 0 0 -2 0 -1 -1 2 0 0 0 0 -1 -1 0 2 2 -2 0 0 0 2 -1 -1 2 2 0 0 0 0 0 1 -1 -1 0 
0 1 2 0 0 -1 -1 -1 0 0 0 0 -1 2 -2 0 -2 0 0 -1 0 0 1 0 0 0 0 0 0 1 0 0 0 0 -2 0 2 0 0 -1 0 2 1 -2 0 -2 0 0 0 0 -2 -2 0 0 -1 0 0 0 0 -2 0 0 1 0 0 0 1 0 -1 0 0 2 -1 2 0 2 -1 0 0 -2 1 1 0 0 -1 0 0 0 -1 0 2 0 -2 0 0 0 0 0 2 0 0 0 -1 -2 -2 0 0 0 -1 0 0 0 2 0 0 2 0 0 2 0 0 0 -1 2 0 2 0 0 -2 0 -2 0 -1 0 1 0 1 -2 1 0 2 0 1 0 2 0 0 -1 -2 0 -1 -1 -2 1 0 1 -1 -2 0 0 0 2 2 0 -2 0 1 0 0 0 2 0 -2 0 0 2 1 -1 -2 1 0 -1 0 0 0 -2 0 0 0 -1 -2 0 0 0 0 2 0 1 -2 1 
2 2 2 -1 1 2 0 0 1 0 0 -1 0 0 0 2 0 2 0 1 -1 0 0 -2 0 -2 -1 -1 0 -2 0 2 0 0 -1 0 -1 0 0 -1 0 0 0 0 -1 0 0 0 0 0 0 -1 2 0 1 0 0 0 0 0 0 2 -2 1 1 0 0 -1 0 1 2 0 2 2 0 0 0 0 0 -1 2 0 0 2 0 0 0 0 0 -2 0 2 0 0 0 0 -2 0 -2 0 0 -2 -1 0 -1 0 1 0 -2 0 0 2 1 2 2 -2 0 0 1 -2 0 2 0 0 -2 0 -2 0 -2 2 0 1 0 -1 1 0 0 1 2 -2 0 -2 -2 -1 1 0 0 2 0 0 -1 2 0 0 -1 -2 0 0 -2 -1 2 0 0 2 0 0 2 -1 0 0 1 0 -2 2 2 2 -2 1 -2 1 0 0 0 0 0 0 0 -2 1 0 -1 2 -2 -2 0 -1 -1 0 0 -2 
0 0 1 2 0 1 0 1 0 0 2 0 -1 0 -2 0 1 0 2 2 0 0 0 0 0 0 0 0 -1 0 0 -1 0 0 1 0 0 0 -2 -1 0 0 0 -1 0 0 -2 0 2 0 0 0 2 0 -2 1 0 0 -1 -1 0 0 2 0 2 0 1 0 0 0 0 2 2 0 2 0 0 0 0 2 0 -2 -1 -2 0 -1 0 -1 2 1 -2 0 0 0 -2 1 0 1 0 0 2 0 0 0 0 -2 0 0 0 0 2 0 0 1 0 0 1 0 0 1 0 0 0 1 0 -2 0 -2 0 -1 -2 1 0 0 -1 0 0 0 0 0 0 0 0 1 0 2 0 0 0 0 2 -2 0 0 1 0 -1 1 0 1 0 0 1 2 0 1 1 1 0 0 2 1 1 1 0 0 0 0 1 0 0 0 -1 0 -2 1 0 0 2 0 2 1 2 0 -2 0 0 0 0 0 
2 1 -1 0 -2 -1 0 1 0 0 0 2 -1 0 0 -1 -1 0 0 1 -1 0 2 -1 0 2 0 1 0 2 0 0 0 -1 0 2 2 0 0 2 0 -2 0 0 -1 -2 0 0 1 2 1 0 0 -2 2 2 0 -1 0 2 0 1 -1 1 0 0 2 2 0 0 2 -1 -1 0 -1 1 0 0 -1 1 -1 -1 0 -1 -1 0 0 0 0 2 -1 -2 0 0 1 0 0 0 2 -2 2 0 2 0 0 0 2 0 0 -2 2 -1 0 0 -1 -2 0 0 0 -1 1 0 0 -2 0 0 0 0 0 0 0 2 1 2 -2 1 0 0 0 -2 2 1 0 0 0 -2 -1 -2 0 -2 0 0 2 0 2 -1 0 0 -1 0 -1 0 0 -1 0 0 1 2 0 -2 1 0 0 0 -1 -1 0 1 2 2 -1 0 0 1 0 0 2 0 1 -2 0 0 0 0 0 0 0 -2 0 -2 
0 0 1 0 0 1 0 2 2 2 -1 1 0 1 2 0 2 0 -1 -2 0 -2 0 2 0 0 0 0 0 2 0 1 1 0 1 0 0 0 1 0 2 0 1 0 0 0 1 0 1 0 0 0 1 -2 0 0 1 1 2 2 -2 1 0 -2 0 2 -2 2 2 1 1 0 -2 0 0 0 0 0 0 0 -1 -2 -2 0 1 -2 0 -1 -1 0 -2 0 0 0 0 1 0 -1 1 -2 -2 -2 0 -1 0 2 0 0 -1 0 -2 0 0 -2 2 0 -1 -1 0 0 0 0 0 -1 0 1 0 1 -1 1 0 0 -2 -1 0 0 0 2 -2 -1 1 -1 2 0 0 0 0 0 0 2 0 -1 -2 -2 0 -1 0 0 1 1 -1 0 -2 1 0 0 -2 -2 0 0 0 0 -2 1 -1 1 0 0 0 0 0 1 2 0 2 2 0 0 0 0 0 -1 -1 1 0 -2 0 -1 0 0 
-2 -1 1 -1 -1 0 0 -2 1 2 0 0 0 1 0 1 0 1 2 0 0 1 -1 0 2 -1 -1 -2 -1 0 -2 0 -1 0 0 0 -2 0 -1 -2 -1 0 2 2 0 -2 2 0 0 -1 0 -1 2 0 2 2 2 -2 0 0 2 -2 0 0 -1 1 -1 1 -2 -2 0 2 0 0 0 1 1 0 0 1 0 0 -2 2 0 0 0 0 -1 1 0 -1 -2 0 0 -2 -2 -2 0 0 1 -1 0 -2 0 0 1 -1 0 1 0 2 0 2 0 -1 0 1 0 0 0 2 0 0 -1 0 2 0 0 -2 -2 -2 0 0 0 0 2 -2 0 0 2 0 0 -2 1 -1 0 -1 0 0 0 1 0 0 0 0 -2 1 1 0 -1 1 0 0 0 0 0 0 0 0 -2 2 0 1 2 0 0 -1 0 1 0 -2 0 1 0 -2 0 0 0 0 -1 0 -2 -2 0 0 2 2 -1 0 
0 0 0 -2 0 0 -2 2 2 -1 0 0 0 2 1 -2 0 0 0 0 0 2 0 0 -2 0 2 1 -1 0 0 0 1 0 0 0 0 0 1 0 1 0 0 0 0 -2 2 2 0 1 0 -1 0 0 0 0 -1 0 -1 -2 0 0 0 0 0 -1 -2 1 0 2 0 0 0 0 -2 -1 -2 0 -1 2 -2 1 2 -1 0 -1 0 0 0 0 1 0 -1 -2 -2 2 0 0 0 0 0 0 0 0 0 2 -1 -2 0 1 -2 0 2 0 2 2 0 -1 -1 0 -2 1 0 0 -1 -1 1 2 0 0 0 -1 1 1 -2 0 0 -2 0 0 -2 0 0 0 0 0 -1 0 1 0 0 2 0 0 1 0 0 1 -1 0 0 0 0 0 0 -2 -1 -2 0 2 -2 0 0 -2 -2 1 0 0 1 0 2 2 1 0 0 0 0 2 0 1 0 -1 0 0 0 2 -1 0 0 1 
2 -2 -2 0 -2 0 -1 2 0 0 2 0 0 -1 2 0 0 0 2 -1 0 0 -1 0 1 0 -2 0 1 1 0 0 2 2 2 0 1 -2 -1 0 0 -2 -1 0 0 1 -2 -1 0 0 -2 2 0 0 2 0 1 -1 0 -2 1 2 0 2 0 0 0 1 1 0 1 0 0 0 0 0 0 2 1 0 0 0 2 0 1 0 -1 1 -1 0 -1 2 0 0 0 0 0 0 0 -2 0 0 0 0 0 0 0 0 0 0 -2 2 0 0 2 1 1 0 1 0 0 0 2 -1 0 -1 0 1 0 0 -2 0 0 0 -1 0 0 0 2 0 -2 0 -2 -2 0 0 0 1 -2 0 1 1 0 0 1 0 0 2 2 0 0 0 1 -2 1 0 -2 0 0 -1 0 0 0 -2 0 -2 2 0 0 1 0 2 -2 0 0 0 -1 0 0 2 0 1 0 0 0 -1 2 0 0 0 
0 0 -2 -2 2 0 1 -2 1 -2 -2 0 1 -2 -1 -1 2 0 0 2 1 -2 0 -1 0 -2 -1 2 -1 1 0 2 0 0 0 -1 0 2 2 0 0 0 2 0 -1 0 2 0 0 0 0 2 -2 0 0 1 0 0 1 -1 -1 0 1 -1 0 2 0 2 0 0 0 0 0 -1 -2 0 0 2 0 0 0 0 2 0 0 -1 -2 0 -2 1 1 2 0 0 -2 -1 0 0 -1 1 -1 0 2 0 -2 -1 1 0 -1 -1 2 0 0 0 2 -2 0 0 0 1 1 -2 1 0 0 -2 2 -2 0 2 1 2 0 0 0 0 2 1 -1 0 0 0 0 2 1 -2 0 0 -2 -2 0 0 0 0 0 0 0 0 2 1 1 0 0 0 0 0 2 0 0 1 2 -1 -2 -1 0 -1 0 -1 2 -2 0 0 0 0 0 0 1 -2 -1 -2 -2 -1 0 1 0 1 1 0 0 -2 
-2 0 1 0 0 0 -1 0 0 -2 1 2 0 0 0 0 1 2 0 0 -2 0 0 -1 1 -2 0 0 0 2 -2 0 2 -1 -2 2 1 -2 2 2 0 1 -1 1 1 0 0 0 0 1 0 0 0 0 0 0 0 -2 -1 2 1 1 0 0 1 2 -1 0 0 -2 2 0 0 2 0 1 -1 -1 1 -2 -1 -2 0 1 1 0 -2 0 -1 0 0 -2 0 0 0 2 0 -2 0 0 0 -2 -1 -1 0 1 0 0 0 0 0 2 -2 -1 1 0 1 1 0 0 2 0 0 0 2 1 -2 2 0 -2 -2 2 2 -2 -2 1 -1 0 0 -2 -1 0 0 -1 0 0 0 0 -2 2 0 -2 0 0 0 0 0 2 0 2 -1 0 -1 0 0 -1 -2 -2 0 0 0 0 -2 0 -1 2 -2 2 -2 0 -1 2 0 1 0 0 2 0 1 0 0 1 1 0 1 0 -2 0 2 -1 
-1 2 -1 0 0 -2 -2 0 0 0 -2 0 0 1 -2 0 0 -2 0 0 0 0 0 0 -1 0 0 0 0 -2 1 0 0 0 0 0 0 2 0 0 -1 0 -1 0 0 1 0 0 1 0 1 1 -1 0 -1 0 0 1 2 0 0 0 0 0 2 -1 1 0 0 2 0 1 0 1 0 0 0 1 0 2 -2 0 0 -2 2 1 0 0 2 0 1 -1 0 2 0 0 0 0 0 1 2 0 -1 0 -2 2 0 0 2 1 0 0 0 0 2 0 2 0 0 2 -1 0 -2 -1 0 2 1 -2 0 0 -2 1 0 0 0 2 0 0 0 -2 0 -2 0 0 1 0 -1 0 -1 2 0 -1 -2 0 -1 0 0 0 -1 0 -1 -2 -2 0 2 -1 1 1 0 -2 -2 0 -2 1 0 1 0 2 0 -2 0 0 0 0 0 1 -2 0 1 0 -1 -1 -1 0 0 0 1 -2 0 0 
-1 0 0 1 0 -2 1 0 0 1 0 -1 -2 -2 -1 2 0 -2 0 2 1 0 0 0 -1 -1 0 1 -1 0 0 0 1 1 0 -2 0 0 1 -1 0 0 0 2 -2 0 0 0 0 0 1 -2 0 -2 -2 0 0 -2 0 0 2 0 -2 2 0 0 -1 -2 0 2 0 0 0 -2 0 -2 1 2 0 0 0 2 -2 0 0 1 0 0 0 0 0 0 2 0 0 0 0 -1 -2 1 2 2 2 -1 0 0 0 0 0 0 2 0 0 0 -1 2 0 0 0 2 1 -1 0 1 1 0 2 0 0 -2 -1 0 0 -1 0 0 0 2 0 0 -1 0 0 1 0 2 -1 0 0 0 0 0 1 0 1 0 0 2 0 -1 0 2 0 0 -1 0 -1 -1 0 0 0 2 0 2 2 -1 0 -2 0 1 1 0 0 2 2 0 0 0 -1 0 -1 -2 2 -1 0 -1 0 0 1 1 
0 1 0 0 0 0 2 0 1 -2 2 -2 1 -2 2 2 -1 -1 -1 0 0 2 0 -1 2 -1 0 0 0 0 0 2 1 -2 -2 0 0 0 0 0 -1 0 0 0 1 0 0 0 0 -2 -2 2 -1 0 -1 0 2 0 0 0 1 0 -2 1 0 -2 -2 2 -2 0 0 0 1 0 0 2 0 0 -1 2 0 0 0 -2 -1 0 0 2 0 -1 0 0 2 0 -2 0 1 -2 -2 0 0 0 0 0 0 -1 -1 -1 0 1 0 0 0 1 -2 -2 0 0 2 0 0 -1 -1 0 0 -2 0 0 0 -1 0 -2 0 2 -2 -2 0 1 0 -2 0 0 1 0 0 2 -2 2 0 -2 1 0 -1 -1 0 -1 0 1 2 1 1 0 0 0 -2 0 -2 -2 2 1 -2 0 0 1 0 -1 0 2 2 2 -2 2 -1 0 0 0 2 -1 0 1 0 2 0 0 1 0 -2 0 0 -1 
0 0 0 -2 0 -1 -2 2 2 0 0 2 0 0 1 0 1 2 -2 0 0 0 1 0 0 0 -2 0 1 -2 0 -2 1 0 0 0 1 0 2 -2 2 0 -1 0 -2 0 2 0 0 -1 1 0 1 0 0 1 0 0 1 2 0 -1 0 -1 1 -2 1 2 2 0 0 -1 0 1 0 0 -1 0 -1 0 0 -2 0 -1 0 0 2 0 1 0 -2 2 1 -1 -2 0 -2 -1 0 0 -1 -1 0 0 0 0 1 0 -1 0 -2 0 0 0 0 0 0 1 0 0 0 0 -2 0 0 0 -1 2 0 0 1 0 1 0 2 0 -2 -2 -1 -1 -2 -2 0 0 0 2 0 2 0 0 0 -1 0 2 0 0 -2 0 1 0 0 0 0 0 0 -2 0 -2 -1 1 0 0 2 -2 -1 -2 0 0 2 0 0 2 0 0 0 0 2 0 0 2 1 2 -1 1 0 0 -1 -2 1 2 
2 2 -2 0 0 -1 0 2 0 0 2 -2 0 0 0 1 -1 0 0 1 -2 -2 -2 2 0 0 0 -1 -2 2 2 2 -2 0 0 0 0 -2 0 2 0 -1 -1 0 -1 0 -2 0 0 0 0 1 0 -2 0 0 0 -2 0 0 -2 2 1 0 0 -2 0 0 0 0 0 -1 0 0 0 -1 0 1 2 0 1 -2 -2 -2 0 0 -1 0 0 -1 1 -1 2 2 0 0 -1 0 0 0 2 0 2 2 0 -2 1 1 0 2 -1 -1 2 0 0 1 0 0 0 2 0 -2 0 0 0 0 -1 0 -1 -2 0 -1 -2 2 2 1 0 0 2 0 -1 -1 1 0 1 0 0 0 1 -1 -1 2 2 1 -2 0 0 0 0 -1 0 -1 0 1 1 0 -1 -1 0 2 0 0 0 0 0 1 2 0 -2 0 0 0 -1 0 0 1 0 0 2 0 -2 0 0 -1 -1 -2 1 2 0 -1 
2 -1 0 0 -1 0 1 0 -2 -2 1 -2 -1 0 2 -1 0 0 0 0 0 0 0 2 0 2 0 0 -1 -2 1 0 2 -2 0 -1 0 2 -1 0 0 -1 0 0 0 0 -1 -1 0 2 0 -2 -2 2 1 0 1 1 0 -2 0 0 1 0 -1 0 1 1 0 0 2 0 -1 -2 2 0 0 1 0 -2 0 0 0 0 1 0 -2 0 2 2 1 2 -2 -2 0 0 2 -2 -2 0 2 0 -2 0 -2 2 -2 0 0 0 0 0 0 -2 2 1 2 -1 0 -2 2 0 2 0 -1 -1 2 0 -1 1 -1 0 2 -2 0 0 -2 0 0 1 -1 1 0 -1 0 0 0 0 0 -2 -2 2 0 -2 0 2 -1 1 1 1 0 0 0 0 -2 -2 -1 -1 0 -1 1 2 0 0 0 1 -1 0 0 0 0 2 0 2 -1 2 -1 0 0 -1 0 0 0 1 1 -2 0 0 1 0 
0 -2 1 -1 1 2 0 0 -1 0 2 0 -2 -1 0 0 0 0 -2 0 1 0 0 1 0 1 0 0 0 -2 0 -1 0 0 0 1 1 0 1 -2 0 0 0 0 0 -2 0 -2 -1 1 0 0 -1 0 0 1 2 1 0 0 0 0 0 -2 0 0 -1 0 0 1 -1 -2 2 1 0 0 -1 0 -2 0 2 0 0 2 -1 -2 0 0 0 0 0 0 0 -2 2 0 -2 -1 0 0 0 -2 -2 -1 0 0 0 0 0 0 0 0 1 1 0 0 0 0 0 0 0 2 0 0 1 -1 0 0 2 0 0 0 0 -1 -1 -1 0 -2 2 0 0 1 -2 0 0 0 2 1 -1 0 -2 -2 2 0 -1 -2 0 -2 2 0 0 -2 0 -1 -2 1 0 1 0 -1 1 -2 0 0 0 -1 1 0 0 0 0 -2 2 2 -1 -2 0 0 0 -2 -2 0 0 0 0 2 -1 0 1 0 
0 1 2 0 -2 0 0 1 -1 0 -2 2 1 0 0 0 0 0 0 2 0 0 0 0 0 2 0 0 0 -1 -2 0 0 -2 -2 2 2 0 0 0 0 0 0 -1 2 0 -2 0 -2 1 2 1 0 0 0 -2 0 -2 0 0 2 -1 0 0 0 2 0 -1 0 0 0 0 0 -2 0 0 -1 2 -2 2 0 2 0 2 0 -1 2 0 0 0 1 1 1 0 2 0 -2 0 0 0 0 0 2 0 0 1 1 0 -1 0 0 0 0 1 -1 0 -1 0 2 -1 0 0 0 0 0 -2 0 0 1 0 -1 -1 0 0 1 -1 -1 2 2 1 0 0 0 1 0 0 0 -1 -1 0 0 -2 2 -2 0 0 0 0 0 1 0 0 0 0 0 2 0 0 0 0 1 -2 -2 0 0 1 0 0 -2 0 0 0 -2 0 0 0 -2 0 -2 0 0 0 0 2 -2 1 0 0 -2 0 
0 -1 0 0 0 -2 -1 0 0 2 0 0 0 0 1 -1 -1 0 0 0 2 0 0 0 1 0 0 -1 0 -2 -2 0 1 2 2 2 0 2 0 0 2 0 1 1 -1 -2 1 0 -1 0 0 0 1 0 0 0 2 -2 0 0 -1 0 1 -1 -2 0 -2 0 2 0 1 0 1 0 2 2 0 0 0 -1 0 0 1 0 1 0 0 2 0 0 -2 1 -1 -2 0 1 1 -1 0 0 1 2 -2 2 0 0 0 -1 0 0 -2 -1 0 0 0 1 0 -1 0 2 -2 -1 -2 -1 0 0 0 -2 -2 0 2 0 0 0 0 -1 -2 0 0 0 0 1 2 1 1 0 0 -2 0 0 -2 2 0 1 0 0 0 0 -2 2 0 -1 0 -1 0 1 2 0 -1 0 2 0 0 0 2 0 0 0 -1 -1 0 0 0 0 0 -1 0 -2 -1 -1 -1 0 0 2 1 -2 0 0 0 0 
-2 2 1 0 -2 1 0 -1 0 0 0 0 -1 2 1 0 0 0 0 0 -2 0 0 0 -1 0 0 0 0 0 0 -1 0 1 1 0 -2 0 0 0 0 0 -1 -1 0 0 0 0 2 0 -2 -2 0 -2 0 -1 2 0 1 2 0 1 0 2 -2 0 -2 0 0 1 2 -1 -1 0 0 0 -2 0 0 -1 0 -1 2 0 0 0 0 0 0 2 -1 0 0 0 0 0 0 0 0 -1 0 0 -1 -1 -1 2 0 1 -1 1 0 0 -1 -1 -2 1 -2 0 0 -1 0 0 -1 0 2 0 0 -2 -2 1 1 -2 0 0 1 0 -2 0 0 2 0 0 -1 0 0 0 -1 0 -2 0 0 0 2 0 1 0 0 -2 0 0 0 0 -2 -1 -1 1 -1 0 0 -2 -2 0 0 1 2 0 -2 -2 1 0 0 0 0 0 0 0 -2 0 0 0 -2 -2 1 -2 -1 0 0 1 0 0 
-2 1 2 0 2 1 2 -1 1 -1 1 0 0 -1 0 -2 0 2 -1 0 0 0 0 -2 0 2 2 0 0 0 2 0 -2 0 -2 -2 0 -1 0 0 -1 0 2 0 1 0 -2 2 2 2 -1 0 1 2 0 1 0 1 1 -2 2 0 -1 -2 1 0 1 -1 2 0 2 0 0 0 0 -1 -1 0 2 2 -1 0 -1 -2 1 0 -2 0 -2 2 2 -1 0 0 -1 1 -1 -1 0 0 0 1 2 1 0 0 2 0 0 0 0 0 0 1 0 0 0 0 2 0 0 0 -1 0 -2 0 2 0 0 -1 -1 0 2 0 -1 0 0 -2 0 1 0 1 0 -1 2 0 1 0 0 0 2 -1 0 -1 2 0 1 -2 0 0 0 1 0 0 1 -2 2 1 -2 0 -2 0 1 1 0 0 0 -1 -2 0 0 0 0 1 -1 0 2 0 0 -2 2 0 0 2 1 0 0 0 0 0 
0 0 -2 -2 0 0 0 0 0 1 0 0 0 0 0 0 0 -2 -1 0 2 2 0 0 -1 -1 2 0 0 -2 -2 0 1 -2 -2 -1 0 0 0 -2 -2 0 0 -1 0 0 0 1 -1 2 0 0 0 1 2 1 -2 1 -2 0 0 -1 -2 0 -1 1 -2 0 0 -1 0 0 0 0 2 0 -2 -1 -2 -2 2 -1 -1 0 -2 0 -1 0 0 0 1 0 -2 0 2 0 -1 0 0 -1 0 0 -2 1 0 0 0 0 0 -2 0 0 0 0 -1 0 -1 2 0 0 0 -2 -2 0 0 -2 0 0 1 0 0 1 0 -1 2 0 2 1 0 0 0 1 -1 2 0 0 0 -1 0 1 -1 -2 0 2 0 -1 1 -1 -1 0 2 2 -2 0 -1 -2 2 0 1 -2 0 0 0 -1 2 0 0 -2 1 0 2 2 0 0 2 -1 0 -1 2 0 -2 0 0 0 -1 0 0 1 -1 0 
-1 -2 0 1 0 0 0 0 2 0 0 0 0 1 0 -1 0 0 1 0 2 0 2 0 1 0 1 -1 1 0 0 -1 0 1 -2 1 0 0 0 0 -2 -2 -2 0 0 2 2 0 0 0 0 -2 0 -2 -1 2 0 -2 0 0 0 0 0 2 0 0 -1 -1 -1 2 0 0 0 0 -2 0 -1 0 0 -2 2 -1 0 2 -1 1 2 -2 -2 -1 0 0 -1 0 0 0 0 0 -1 0 0 2 -2 -2 -1 1 0 0 0 -2 0 0 2 -1 2 0 1 0 0 0 1 0 -1 0 0 2 0 0 2 2 0 -2 -2 0 2 -2 -1 -1 -2 0 -1 0 -1 2 -2 -2 1 2 -1 -2 0 1 0 0 -1 0 -2 0 -2 0 0 0 0 -2 -2 2 2 0 0 0 -1 0 0 0 0 1 0 -1 0 0 2 0 0 -1 0 0 1 -2 0 0 -2 2 0 1 0 -2 0 0 0 0 
0 -2 -2 0 -2 0 1 0 1 1 0 0 2 -1 2 -2 -2 -1 2 0 2 0 0 0 0 -2 2 0 0 1 1 0 0 0 0 -2 -1 -2 -2 1 1 0 1 -1 1 2 0 2 -2 -1 2 -2 2 0 0 -2 -2 -2 -2 2 0 1 0 1 0 0 -1 2 -1 0 0 0 2 0 2 0 0 -1 0 -2 1 0 1 0 2 2 2 -2 0 2 1 1 0 0 1 0 -1 0 2 -2 0 1 0 -1 -2 1 0 0 0 0 0 0 0 0 0 0 1 1 2 -1 0 1 -1 0 0 0 2 -1 0 1 2 0 0 0 0 2 -1 0 0 -2 0 -1 0 1 0 0 0 0 -1 0 1 0 -2 -1 0 0 0 -1 -2 0 0 0 -1 -1 -2 0 2 0 -1 2 0 0 1 0 -2 0 0 0 -2 2 0 -2 -1 0 2 1 1 0 0 0 0 0 0 -1 2 -2 0 0 1 -1 
0 0 0 0 -1 -1 0 0 0 0 0 1 1 2 0 1 0 0 -2 -1 0 0 2 0 -1 2 -2 0 -1 0 0 1 0 1 0 0 -1 0 0 0 0 0 0 0 2 0 0 0 0 0 0 0 0 0 0 0 0 0 -1 -2 0 2 0 1 2 0 0 -2 2 -2 0 0 2 0 0 0 0 2 0 0 0 0 0 2 0 0 0 1 0 0 0 0 2 0 0 0 2 1 1 0 2 0 2 1 0 2 -1 0 1 -1 2 0 0 -2 0 -1 0 0 -2 0 0 -1 2 0 0 -1 -1 0 -1 -2 -1 0 1 0 -2 -2 1 0 -1 0 2 0 0 2 -2 1 0 0 -1 1 1 0 0 -2 1 0 0 2 0 0 0 0 -2 -2 0 0 0 -2 1 0 0 0 -1 0 1 1 0 1 -1 0 -2 2 0 0 0 0 0 0 -2 0 0 0 0 0 0 0 0 1 0 0 
0 0 0 -1 2 0 0 0 1 0 1 0 0 -1 1 -1 2 1 0 0 0 0 0 1 -1 -1 0 0 -2 0 1 -1 2 0 0 -2 0 0 0 -1 1 -1 0 1 0 0 -2 0 0 -2 0 -1 0 -2 0 -1 0 -1 0 0 -2 1 -1 0 2 0 2 1 1 0 0 2 0 0 -2 1 0 -1 0 -2 0 -2 1 0 0 0 -2 0 2 0 -2 1 2 1 0 1 0 -2 -2 -1 0 -2 1 0 0 -2 2 -2 2 -2 0 -1 -2 0 0 -1 0 0 -1 -2 0 1 0 0 0 1 0 0 1 0 0 2 -2 0 0 0 -2 -2 0 0 0 0 -2 2 0 -1 -2 1 1 1 0 0 0 0 -1 -2 2 0 -1 1 0 -2 -1 0 -2 1 1 -2 -2 0 2 -2 0 0 -2 0 -1 0 -1 0 -1 0 0 -1 1 0 0 0 -2 -1 0 0 1 0 0 0 0 0 0 2 
1 0 1 0 0 -1 -1 -2 0 0 -2 -2 0 2 0 1 0 2 0 2 0 -1 1 0 0 0 0 -1 0 1 0 -1 2 0 0 0 0 -1 0 0 2 -1 1 -2 -2 -2 -1 -2 0 0 0 1 2 0 2 -1 0 0 0 0 2 0 2 0 0 1 -1 -1 2 0 -2 2 2 1 0 -2 2 0 -1 1 0 1 0 1 -1 1 0 -2 0 -1 0 -2 2 -2 0 0 -1 1 -1 1 0 0 -1 2 0 0 0 -1 -1 0 0 1 0 0 2 0 1 2 0 -2 2 2 0 0 0 1 0 0 0 -1 0 0 -2 0 1 -2 2 -1 0 0 2 1 -1 0 1 1 0 0 1 0 -1 0 2 0 -1 -2 0 0 0 -2 1 -2 1 -1 -2 -1 -2 0 0 2 -2 -2 -1 -2 0 2 2 0 0 2 0 1 -2 0 -2 2 0 2 -1 1 -1 0 0 0 1 -1 0 -2 -2 0 
-2 1 0 -1 0 0 0 0 0 0 1 0 0 0 -2 -1 -1 0 -2 -1 0 0 -2 -2 -1 0 2 0 -2 0 0 -2 0 0 0 1 -1 2 0 -2 -1 -2 0 0 0 -1 2 -1 1 -2 -2 1 0 0 -2 2 0 0 2 0 0 0 0 1 1 -2 -2 0 0 2 -2 2 0 0 2 0 -1 0 0 0 1 1 -2 1 0 -2 -2 0 0 1 -1 -2 0 0 -2 1 0 0 0 2 1 0 -2 0 1 0 1 -2 1 0 -1 -2 0 0 -1 -2 2 2 1 0 -1 0 0 -1 0 0 -2 -1 0 0 0 -1 0 1 0 2 -2 0 -1 1 -2 1 -1 0 0 2 0 0 2 0 -2 0 0 0 -2 -1 0 0 0 -2 0 -1 0 0 0 2 -1 0 0 0 1 0 2 0 0 -2 -2 -1 0 -1 0 2 0 1 2 0 2 -2 0 1 0 0 0 0 0 -1 0 0 2 -1 
-2 0 0 0 -1 1 0 0 -2 0 0 -1 0 -1 0 0 -2 0 0 0 0 0 0 2 2 0 0 0 1 1 2 0 1 0 -2 2 -1 1 -1 -2 0 1 -2 -1 0 -2 2 0 0 0 0 0 0 2 0 1 0 -2 1 1 1 0 0 0 0 0 1 -1 2 0 0 0 0 0 -2 0 -2 -2 0 0 0 2 0 -1 0 1 0 -1 0 1 2 1 2 -1 0 0 0 0 0 0 -1 2 2 2 -1 2 -1 0 0 2 2 0 2 0 2 0 0 2 0 -2 -2 -2 1 0 0 0 0 -1 0 2 2 -1 2 0 2 0 1 -2 -1 1 -1 2 2 -2 0 -1 -2 0 2 1 0 -1 1 -1 2 0 -2 0 0 0 0 2 0 1 -2 0 1 -1 0 -2 0 0 -1 0 0 1 0 -2 -1 -1 0 2 1 -1 0 -2 0 -2 0 0 2 2 -2 0 0 -2 1 1 0 -1 
0 0 0 -1 -2 -2 -1 0 0 -1 -2 0 -1 2 -2 -2 0 2 0 0 0 2 0 -2 1 0 0 -2 0 0 2 2 -2 2 0 0 0 0 -1 2 -2 -1 0 -1 0 -2 0 1 -1 -1 -2 0 2 0 0 -2 0 0 0 -1 0 0 0 1 2 0 2 0 2 2 0 1 -2 0 0 0 0 0 0 1 0 0 0 0 0 0 1 0 0 0 0 0 0 -2 0 -1 0 0 -2 2 0 0 -2 0 0 1 -2 -1 0 1 0 0 0 0 0 0 -1 2 0 1 -2 0 0 2 0 0 0 0 1 1 0 -2 2 0 0 2 0 -2 2 0 0 2 -2 -2 0 1 0 -1 0 0 0 0 2 2 0 2 0 0 -2 1 1 2 0 -1 -1 2 0 0 0 0 2 0 0 0 0 0 0 0 2 0 -1 0 -2 0 0 -1 0 0 -1 -2 2 0 -2 -1 -1 2 -2 0 1 -1 
-1 1 0 0 2 0 0 1 0 1 0 0 -1 0 1 -1 0 0 0 -2 0 -1 -1 0 0 2 2 2 -1 2 -2 -1 0 0 -1 0 1 0 0 2 -1 -1 0 0 2 0 0 0 0 0 0 1 2 0 -2 -1 0 2 0 2 -1 -2 0 2 0 2 0 -2 -2 -2 -2 2 2 0 0 1 0 0 2 -2 2 0 0 0 -1 1 0 -1 0 -2 0 0 0 1 0 -1 0 0 -1 0 0 0 0 1 2 0 0 0 0 1 2 -2 0 0 1 2 0 0 0 0 0 2 0 -1 0 -2 2 0 -1 0 1 -1 0 -1 0 -2 2 2 0 1 0 -1 0 -1 0 0 0 0 -2 0 -1 0 0 0 -2 -2 0 1 -1 2 0 2 -2 0 -2 0 1 1 2 0 2 -2 0 2 0 0 0 0 -1 0 0 0 -2 1 -2 1 2 0 2 -1 -1 0 -1 0 2 -1 2 2 2 2 
0 -1 -2 0 0 1 2 0 -2 1 -2 -2 0 -2 0 0 2 0 0 0 1 2 -2 -1 0 1 -2 1 -2 2 0 2 -1 -1 1 0 0 0 -1 -2 1 -1 -1 2 1 -2 0 1 -1 -1 1 0 -2 1 2 0 1 0 -1 0 -2 0 -2 2 0 0 0 0 2 0 -2 -1 0 -1 -2 0 0 0 -2 0 0 -2 2 0 0 0 0 -2 2 2 0 1 2 0 0 -1 1 0 1 2 0 0 -1 0 0 0 1 0 1 0 -1 2 0 0 2 1 2 1 -2 0 2 0 1 1 -1 1 0 0 2 -2 1 -1 0 0 0 0 0 0 -1 -1 0 0 2 -1 0 0 -2 0 -1 0 2 0 1 -2 2 0 0 -2 0 0 1 -2 0 0 1 -1 -2 0 0 0 0 -1 -2 -2 0 -1 0 0 0 -1 0 0 -1 0 0 2 0 0 1 -1 1 0 2 0 2 1 0 0 0 -2 
-2 -1 0 0 0 0 -1 0 0 0 0 0 -1 0 0 0 0 0 0 -2 0 0 -2 0 0 0 2 0 0 0 2 -1 0 0 0 1 2 0 0 -2 0 -2 0 0 0 2 0 1 0 2 2 0 0 -1 0 2 0 -1 -1 0 0 0 2 -1 0 -2 -2 0 -2 -1 2 1 0 0 0 0 0 1 0 0 2 0 0 0 -2 0 0 0 -1 0 -2 0 -1 -2 2 -2 0 0 0 2 1 1 -2 -1 2 0 2 0 -1 0 0 0 -1 0 0 0 0 -2 -1 -2 1 2 -2 0 1 0 0 -2 1 1 0 0 0 0 0 1 1 0 0 0 0 2 1 2 0 -1 -1 0 0 0 0 0 0 2 1 2 0 0 1 0 1 0 0 -1 -2 -1 -2 0 -1 0 -1 0 -1 0 -1 0 0 0 2 0 2 0 -2 -1 0 -2 -2 0 0 0 0 0 0 0 -1 2 1 0 -1 0 

6 6 7 9 10 3 8 9 6 1 2 7 4 2 5 9 5 5 1 4 8 9 6 6 2 5 3 4 7 6 3 5 10 1 3 6 8 7 3 5 6 2 6 2 4 1 2 2 7 7 10 2 6 6 1 2 9 10 10 10 7 5 4 5 9 3 3 7 8 1 7 8 6 9 8 5 8 8 6 3 3 10 4 6 7 3 9 8 10 5 7 5 5 6 9 2 1 8 4 4 