100 200
0 0 0 0 0 0 0 -1 -1 -1 -1 0 0 0 -1 1 0 0 0 0 -1 0 0 0 0 0 0 0 1 0 -1 0 0 0 0 0 0 0 0 0 -1 0 0 0 1 0 0 0 -1 -1 -1 1 0 0 0 0 0 0 0 0 -1 0 0 0 0 1 0 0 -1 0 1 0 1 0 0 0 0 0 0 0 0 -1 0 0 0 1 0 0 0 0 1 0 0 -1 0 0 0 0 0 0 0 0 0 0 0 0 0 0 0 0 0 0 0 0 0 0 0 0 -1 0 -1 -1 0 0 0 1 -1 0 1 0 0 0 0 0 -1 0 0 0 0 0 0 0 0 0 0 1 0 -1 1 0 -1 0 0 0 0 0 0 0 0 0 0 0 0 0 1 0 0 0 0 0 0 0 0 0 0 0 0 0 0 -1 0 0 0 0 0 0 -1 0 0 -1 0 0 0 0 -1 -1 0 0 0 0 
-1 1 0 0 0 0 -1 0 -1 -1 0 -1 0 0 0 0 0 -1 1 0 0 0 0 0 0 0 1 0 0 0 0 0 0 0 0 0 0 0 1 0 1 1 0 0 -1 0 0 0 0 0 -1 0 0 0 1 0 0 0 0 0 0 0 1 0 0 1 0 1 1 0 0 0 1 0 0 0 -1 0 -1 -1 0 0 0 -1 0 0 -1 0 -1 -1 1 1 0 0 0 0 0 -1 -1 0 0 0 0 1 1 1 0 0 0 0 0 0 -1 0 0 0 -1 0 0 0 -1 0 0 0 1 0 0 0 1 0 0 0 0 0 0 0 0 0 0 0 0 0 0 1 0 -1 1 0 0 0 0 0 0 0 0 0 1 0 0 -1 0 0 0 0 0 -1 0 -1 0 0 0 0 -1 0 0 0 0 0 0 0 1 0 1 0 0 0 0 0 0 -1 -1 1 -1 1 1 0 0 0 0 -1 
0 0 0 0 0 0 0 -1 0 0 0 0 -1 0 0 0 0 0 0 0 0 0 0 1 0 0 0 0 -1 0 0 0 0 0 0 0 -1 0 0 0 0 1 0 0 0 0 1 0 0 0 0 0 0 -1 0 -1 0 1 0 0 0 0 0 1 0 0 0 -1 0 0 0 1 0 0 0 0 0 1 0 0 0 0 0 0 0 0 0 0 0 0 0 0 0 0 0 0 0 0 0 1 0 0 0 0 0 0 -1 0 0 0 1 0 0 0 0 0 0 0 -1 0 0 0 -1 0 0 -1 0 0 0 0 0 0 0 0 0 0 0 0 0 0 0 0 0 0 -1 1 0 0 0 0 0 0 0 -1 0 0 0 0 -1 0 0 0 0 0 -1 0 0 0 0 1 1 0 0 0 0 0 0 0 0 0 0 0 0 0 0 0 1 0 0 0 0 0 0 0 0 0 0 0 0 0 
1 0 1 0 0 0 0 0 0 -1 0 -1 0 0 0 0 0 0 0 0 0 0 0 0 0 0 0 0 1 0 0 0 0 0 0 0 0 0 0 0 0 0 1 0 0 1 1 0 0 0 -1 0 0 0 0 0 0 0 1 0 1 0 0 0 0 0 0 -1 0 0 0 1 -1 0 0 0 0 1 0 0 0 1 0 0 0 -1 0 0 0 0 0 0 0 0 0 0 0 0 0 0 -1 0 -1 0 0 0 0 0 0 0 -1 0 0 0 -1 0 1 0 1 0 -1 0 0 0 1 0 0 -1 1 -1 0 0 0 0 0 0 0 0 0 0 0 0 0 -1 0 0 0 0 0 0 0 0 0 0 0 1 -1 -1 0 0 0 0 0 1 0 0 0 0 0 0 0 0 0 0 0 0 0 0 0 1 0 1 1 0 0 0 0 0 0 0 0 0 0 0 -1 0 0 0 0 0 
0 -1 0 0 1 0 -1 0 0 1 -1 0 0 0 1 0 0 0 0 0 0 0 -1 0 0 0 0 0 0 -1 0 0 0 0 0 0 0 0 0 0 0 1 0 1 0 0 0 0 1 0 0 0 0 0 0 0 0 0 0 0 0 1 0 1 0 1 0 -1 0 0 0 1 0 0 0 0 0 0 -1 0 0 0 0 0 0 1 0 1 0 0 0 -1 -1 0 0 0 -1 1 0 -1 0 0 0 1 0 1 0 1 1 0 0 -1 0 -1 1 0 -1 0 -1 1 1 0 0 0 0 0 1 0 0 0 0 0 0 0 0 0 0 -1 0 1 0 0 -1 -1 0 0 0 0 -1 0 0 0 1 -1 0 0 0 0 0 1 0 0 0 0 1 0 0 -1 0 1 0 0 0 0 0 0 0 1 0 0 0 0 0 0 0 1 -1 -1 -1 0 0 0 0 0 -1 0 1 0 0 0 
-1 0 0 0 0 -1 0 0 -1 0 0 0 0 0 0 0 0 1 0 0 0 0 0 0 0 0 0 0 1 0 0 0 0 0 0 0 0 1 0 0 0 0 0 -1 -1 0 0 0 1 0 0 1 0 0 0 0 0 -1 0 1 0 0 0 0 -1 -1 0 1 0 0 0 1 0 -1 0 -1 0 0 0 0 0 0 0 0 0 1 0 1 0 0 0 0 0 0 0 0 -1 0 0 0 -1 0 0 1 0 0 1 0 0 -1 1 0 0 0 0 1 0 0 0 0 0 0 -1 0 0 0 0 0 0 0 0 0 0 1 0 0 0 0 -1 0 0 0 0 0 0 -1 0 0 0 -1 -1 0 1 0 0 0 0 0 0 0 1 0 0 0 0 0 -1 0 -1 -1 0 0 0 0 0 0 -1 0 0 0 0 0 0 0 0 -1 1 0 0 0 -1 0 0 0 0 0 1 0 0 0 
0 -1 0 0 0 1 1 -1 -1 -1 -1 0 0 0 0 0 0 0 0 0 1 0 0 0 0 0 -1 0 0 0 0 0 0 -1 0 0 0 0 0 0 0 0 0 0 0 0 0 0 0 0 0 0 0 0 0 0 0 0 0 0 -1 0 0 0 1 0 0 0 0 0 0 0 0 0 0 0 0 0 0 0 0 0 0 -1 0 0 0 0 0 0 1 0 0 0 0 0 0 1 0 1 -1 0 0 0 0 0 0 -1 0 -1 1 0 1 0 1 0 0 0 0 1 0 0 0 0 0 0 0 0 0 0 0 0 0 0 0 0 0 0 0 1 0 0 1 0 0 1 0 0 0 0 0 1 0 -1 0 0 0 0 0 0 -1 0 0 0 0 0 1 0 0 0 0 0 0 0 0 0 -1 0 0 0 0 0 0 1 0 0 -1 0 0 0 -1 1 0 0 0 0 1 0 0 -1 
1 1 0 0 0 0 0 0 0 0 1 -1 1 0 0 0 1 0 0 0 0 0 0 0 -1 1 0 0 0 0 0 0 0 0 0 0 0 1 0 0 0 -1 0 0 0 0 0 0 0 0 0 0 0 0 0 0 0 0 0 0 -1 0 0 1 0 0 0 0 0 1 0 -1 1 0 0 0 0 -1 0 0 0 0 0 -1 0 0 0 0 -1 0 0 0 0 -1 0 0 0 0 1 0 0 0 0 0 1 1 0 0 0 0 0 0 0 1 0 -1 0 0 0 1 0 0 0 0 0 0 0 -1 0 1 0 0 0 1 0 0 0 0 0 0 0 -1 0 0 1 0 0 0 0 0 0 0 0 0 -1 0 -1 0 0 0 -1 0 0 1 0 1 0 0 0 1 0 0 0 -1 0 -1 0 -1 0 1 0 0 0 0 0 0 0 0 0 0 0 0 -1 0 0 0 -1 0 0 0 
0 0 0 0 0 0 0 0 0 0 0 0 0 0 0 0 0 0 0 0 0 0 0 0 0 0 0 0 0 0 1 -1 0 0 0 0 0 0 0 1 0 0 -1 0 0 0 0 1 0 0 0 1 0 0 0 0 0 -1 0 0 0 0 0 0 0 0 0 0 -1 0 0 -1 0 0 0 -1 -1 0 0 0 -1 0 0 0 0 -1 0 0 0 0 0 0 0 0 0 0 0 0 0 0 0 0 0 0 0 0 0 0 0 0 0 0 0 0 0 0 0 -1 0 0 -1 0 0 0 0 0 0 -1 1 0 0 -1 0 0 0 0 0 1 -1 1 0 0 0 0 0 0 0 0 -1 0 0 0 0 0 0 0 -1 0 0 1 0 -1 -1 0 0 1 0 0 0 0 0 0 0 1 0 0 0 0 0 0 0 0 0 0 0 0 0 0 0 -1 0 0 1 0 0 1 1 0 0 0 
0 -1 0 1 0 0 0 0 0 0 0 0 0 0 1 0 0 0 0 0 -1 1 0 -1 0 0 0 0 0 1 0 0 0 0 0 0 1 -1 1 0 -1 0 0 0 0 0 0 0 0 0 0 0 0 0 0 0 0 0 0 0 0 -1 0 0 0 0 0 0 1 0 -1 0 0 0 0 0 0 -1 0 -1 0 1 0 0 0 0 0 0 0 1 0 0 0 0 0 1 1 0 0 0 0 0 0 0 0 0 0 0 0 0 0 0 0 0 0 -1 0 0 0 0 0 0 0 -1 -1 0 0 0 0 0 0 0 0 0 0 0 0 0 0 0 0 0 0 -1 0 0 0 0 0 0 -1 0 0 1 0 1 0 0 0 -1 0 0 0 0 0 0 0 0 0 0 0 0 0 -1 0 1 1 0 0 0 0 0 0 1 0 0 0 0 0 1 0 -1 1 0 1 0 0 0 0 0 
1 0 0 -1 0 0 -1 -1 0 0 0 0 0 0 0 0 0 0 0 0 0 0 0 -1 0 0 0 1 -1 0 0 0 0 0 0 0 0 0 0 1 0 0 0 1 0 1 0 0 -1 0 0 -1 0 0 0 0 0 0 -1 0 0 0 -1 0 0 0 0 0 0 0 0 0 0 0 0 0 0 1 0 0 -1 -1 0 0 0 0 0 0 0 1 0 -1 0 0 0 0 0 0 0 0 0 -1 0 0 1 -1 0 -1 0 0 0 0 0 0 0 0 0 0 0 0 0 -1 0 0 0 -1 0 0 0 0 0 0 0 0 0 0 0 1 0 0 0 0 -1 0 0 0 0 -1 0 0 0 0 0 0 1 0 0 -1 0 0 1 0 -1 0 0 -1 0 0 -1 0 0 0 -1 -1 0 0 -1 0 -1 0 0 0 1 0 0 0 0 0 0 0 0 0 0 0 0 0 0 0 0 0 
0 0 0 0 0 0 0 0 0 0 0 1 0 0 0 0 0 -1 0 0 0 -1 0 1 0 0 0 0 0 0 0 -1 -1 0 0 -1 0 0 -1 0 0 0 0 0 0 0 0 0 0 0 0 0 -1 -1 -1 0 0 0 0 0 1 0 -1 0 0 0 0 0 1 0 0 0 0 0 0 0 0 0 0 0 0 1 0 0 0 0 0 0 0 0 0 0 0 0 1 0 0 0 0 0 1 0 0 -1 0 0 0 0 0 1 0 0 0 0 0 -1 0 0 0 0 0 -1 0 0 -1 1 0 0 0 0 0 0 0 0 -1 0 0 1 -1 1 0 0 0 0 0 0 1 0 0 -1 0 0 0 0 0 1 0 -1 -1 0 0 0 0 -1 0 -1 0 0 0 0 0 0 0 0 0 0 0 0 0 0 0 0 0 1 0 0 0 0 0 0 1 1 0 0 0 0 0 0 0 0 
0 0 0 0 0 0 -1 1 -1 0 0 0 0 0 0 0 0 1 0 1 0 -1 0 0 0 0 0 0 -1 0 0 0 1 0 0 0 0 0 0 1 0 0 1 0 -1 0 1 0 0 0 0 0 0 0 0 1 0 0 0 -1 1 0 0 0 -1 0 0 0 0 0 1 0 0 0 0 -1 0 0 0 0 0 0 0 0 0 0 0 0 -1 0 0 0 0 0 0 0 1 0 0 0 0 0 0 0 0 1 1 0 0 0 0 0 -1 1 0 0 0 -1 -1 0 0 0 0 0 0 0 0 1 0 -1 0 -1 0 0 0 0 -1 0 0 0 0 0 0 0 0 0 0 0 -1 0 0 0 0 0 0 0 0 0 0 0 0 1 -1 0 0 0 0 0 0 0 -1 0 0 0 1 1 0 -1 0 0 0 0 -1 0 0 0 0 0 0 0 -1 0 0 0 -1 0 0 0 0 -1 
0 0 0 0 0 0 0 0 0 0 0 0 0 0 0 -1 -1 0 0 -1 0 0 0 0 0 0 0 0 -1 0 -1 0 0 -1 0 -1 0 0 -1 0 1 0 0 0 0 0 -1 0 -1 1 0 0 0 -1 0 0 0 -1 0 0 -1 0 0 0 0 0 0 0 0 0 0 0 0 0 0 0 0 0 -1 0 0 0 0 0 -1 -1 0 -1 0 1 0 0 0 0 0 0 0 0 0 0 0 -1 0 0 0 0 0 -1 0 0 0 0 0 0 0 0 0 1 0 0 0 0 0 0 0 1 0 0 0 0 0 0 0 -1 0 -1 1 1 1 0 0 0 0 0 0 0 0 0 0 0 0 0 0 0 0 0 0 0 0 -1 0 0 1 0 0 0 0 0 1 0 0 0 0 0 0 0 1 0 0 0 1 -1 -1 1 0 0 0 0 0 0 -1 0 -1 0 -1 0 0 0 0 0 
0 0 0 0 0 0 1 0 0 0 0 0 0 1 0 0 -1 0 0 0 0 0 0 1 0 0 0 0 0 0 0 0 0 0 1 0 0 0 0 0 0 0 -1 0 0 0 0 0 0 0 -1 0 0 0 1 0 0 1 0 0 0 0 0 0 0 0 0 0 0 0 0 0 -1 0 0 0 0 1 0 0 0 1 0 0 1 0 0 0 -1 1 0 0 0 0 0 0 0 -1 -1 0 0 0 0 -1 0 0 0 0 0 -1 0 1 0 0 -1 0 -1 0 0 0 1 0 0 0 0 0 0 0 1 0 0 0 0 0 0 0 0 -1 0 -1 -1 0 0 0 0 1 0 -1 0 0 0 0 0 0 1 -1 0 1 1 1 0 -1 0 0 0 0 0 0 0 0 0 0 1 1 0 1 0 0 0 0 0 0 0 0 0 0 0 0 0 0 1 0 0 0 1 0 0 0 0 0 
0 -1 0 -1 0 0 0 1 0 0 0 -1 -1 0 0 0 1 0 0 0 0 0 0 0 1 -1 0 1 0 0 -1 -1 0 0 0 1 0 0 0 0 0 0 0 0 0 1 0 0 0 0 -1 0 -1 1 0 1 0 0 1 0 0 0 0 -1 0 0 1 0 0 0 0 -1 -1 0 0 0 1 0 1 0 0 0 -1 1 0 0 0 0 0 1 0 0 0 0 0 0 0 0 0 0 1 1 0 0 0 0 0 0 0 0 0 0 0 -1 0 1 0 1 0 1 0 0 0 0 0 0 -1 0 0 0 0 0 0 -1 0 0 0 0 0 0 0 0 0 0 0 0 -1 -1 0 0 0 0 0 0 0 0 -1 0 0 0 0 0 0 0 0 1 0 0 0 1 0 0 0 -1 0 0 -1 0 -1 0 0 0 0 0 0 0 0 1 0 1 0 0 -1 -1 0 0 0 1 0 0 
0 -1 0 0 0 0 0 0 0 0 0 0 0 0 0 0 0 0 0 0 1 0 0 0 1 0 -1 -1 0 0 0 0 0 0 0 0 1 0 0 0 1 0 0 0 0 0 0 0 0 1 0 1 1 -1 -1 0 0 0 0 0 0 0 0 0 0 0 0 0 0 0 0 0 0 1 0 0 0 0 0 1 0 0 0 0 0 0 0 0 0 0 0 0 0 -1 0 1 0 0 0 0 1 1 0 0 1 0 0 0 0 1 -1 0 0 0 0 0 0 0 -1 0 0 -1 -1 0 -1 0 0 1 0 0 0 0 0 1 1 0 0 0 0 0 0 0 0 0 1 0 0 0 0 0 0 -1 0 -1 0 -1 0 0 0 0 0 0 0 1 0 0 0 0 0 0 1 0 0 0 0 0 0 0 0 0 0 0 1 0 0 0 0 0 0 0 0 0 0 0 0 0 0 0 0 0 
0 0 0 0 0 0 0 0 0 0 0 1 0 0 0 0 1 0 1 -1 0 1 1 0 0 0 1 1 0 -1 0 0 1 0 0 0 0 0 0 -1 0 0 0 0 0 0 0 0 1 0 0 0 0 0 0 0 -1 0 0 0 0 0 -1 0 0 0 0 1 0 0 0 0 0 0 0 0 1 0 1 -1 0 0 0 0 -1 0 0 -1 0 0 0 0 0 0 -1 -1 1 0 0 0 0 0 0 1 0 0 0 0 0 0 0 -1 0 0 0 0 0 0 -1 0 0 0 0 -1 0 1 0 -1 0 0 0 0 0 0 1 0 0 0 0 0 0 0 0 0 0 0 0 0 0 0 0 0 0 0 1 0 0 0 0 0 0 0 0 0 0 -1 1 0 0 0 0 0 0 0 0 0 -1 0 0 0 0 0 0 0 0 0 0 0 0 0 -1 0 0 0 0 0 0 0 0 1 
0 0 -1 0 0 1 1 0 0 0 0 1 0 0 -1 0 0 1 0 0 0 1 0 0 0 0 0 0 0 0 0 0 0 0 0 0 0 1 0 0 0 0 0 0 0 0 0 0 0 1 1 0 0 0 0 0 0 0 0 0 0 1 1 0 0 1 1 0 0 0 0 -1 0 0 0 -1 0 0 0 1 0 0 0 0 0 -1 1 0 0 0 0 0 0 -1 0 0 0 0 0 -1 0 0 0 0 0 0 0 0 0 1 0 1 0 1 0 0 0 0 0 0 0 0 0 0 0 1 0 0 0 0 0 0 1 0 0 1 0 0 0 -1 0 0 0 0 0 0 0 0 -1 0 -1 0 0 0 0 0 0 0 0 -1 0 0 0 0 0 0 1 0 0 -1 0 -1 0 0 1 0 0 0 0 0 0 0 0 0 0 0 0 0 0 0 1 0 -1 0 0 0 0 0 -1 0 
0 0 0 0 0 0 0 0 0 0 0 0 0 0 0 0 0 0 -1 0 0 0 -1 -1 -1 0 0 0 -1 0 0 0 1 -1 0 0 0 0 -1 0 0 0 0 0 0 0 0 0 0 0 0 0 0 0 0 0 0 1 -1 1 0 0 0 0 -1 0 0 -1 0 0 0 0 1 -1 0 0 0 -1 0 0 0 0 1 0 -1 0 0 0 1 -1 0 0 0 0 0 0 0 1 -1 0 0 0 0 -1 0 0 0 0 -1 0 0 0 0 0 0 0 0 0 0 0 0 0 0 0 0 0 1 0 0 0 0 -1 0 0 1 1 0 0 0 0 0 0 0 1 0 0 0 1 0 0 0 -1 0 0 0 0 0 0 0 0 0 0 0 0 0 0 0 0 0 0 0 0 0 0 0 0 0 0 0 1 -1 1 0 0 0 -1 0 0 0 0 0 0 0 0 0 0 0 0 1 0 
0 1 0 0 -1 0 0 0 0 1 -1 0 1 0 0 0 0 0 0 0 0 1 -1 0 1 0 0 0 -1 0 0 0 -1 0 0 0 1 0 0 0 0 0 0 0 0 -1 0 0 0 0 0 0 0 0 0 -1 0 0 0 0 0 0 0 0 0 0 0 0 0 0 0 0 0 0 0 0 0 0 -1 -1 0 0 0 1 0 0 0 0 0 0 0 0 0 0 0 1 0 0 1 1 0 0 0 0 0 0 0 0 1 0 0 0 0 0 0 0 0 0 0 1 0 0 0 0 0 0 0 0 0 0 0 0 0 1 0 0 0 0 0 0 0 -1 0 -1 0 1 -1 1 0 0 0 0 0 1 0 0 0 0 0 0 0 1 0 -1 -1 0 0 0 0 0 1 0 0 1 0 0 0 0 0 0 0 0 0 0 0 0 0 -1 0 0 0 0 0 0 0 0 -1 1 0 0 
0 -1 0 0 0 0 0 0 0 0 0 -1 0 0 0 0 0 0 0 0 0 1 -1 0 0 -1 0 0 0 0 -1 0 0 0 0 0 1 0 0 0 0 0 0 0 1 0 0 0 1 0 0 0 0 0 0 1 0 0 0 -1 0 0 0 1 1 0 0 0 0 0 0 0 0 -1 0 0 0 0 0 0 0 0 -1 1 1 0 1 1 -1 0 0 1 0 0 0 0 0 0 0 0 0 0 0 0 0 0 0 -1 0 0 0 -1 0 0 0 0 0 0 0 0 0 0 0 1 0 0 0 0 0 0 0 0 0 1 1 0 0 0 0 0 0 0 0 0 0 -1 0 -1 0 0 0 0 0 0 0 0 0 0 -1 -1 -1 0 0 0 0 1 0 0 0 0 0 -1 0 0 0 1 0 0 0 0 0 0 0 0 0 0 0 0 0 0 -1 0 0 1 0 1 0 0 -1 0 
1 0 0 0 1 0 1 0 0 0 0 0 1 0 0 -1 0 1 0 1 -1 1 1 0 0 0 0 -1 0 0 1 0 0 0 0 1 -1 0 0 0 0 -1 0 0 -1 0 0 0 -1 0 1 1 1 0 0 -1 0 0 1 0 0 1 0 0 1 0 -1 0 0 0 0 1 0 0 0 -1 0 0 0 0 0 1 0 0 0 -1 0 0 0 0 0 0 0 0 0 0 0 0 0 0 0 0 0 -1 0 0 0 -1 -1 0 1 0 0 1 0 0 0 0 -1 0 1 0 0 0 0 1 1 0 0 0 0 0 0 0 0 0 0 1 0 0 -1 0 -1 0 0 -1 0 0 1 0 0 1 0 1 0 0 0 -1 1 -1 0 0 0 0 0 1 0 0 0 0 0 0 0 0 0 1 0 0 0 0 0 1 0 0 0 0 0 0 0 0 1 0 0 0 0 0 0 0 0 0 
1 0 1 0 -1 0 0 0 0 0 0 0 0 0 0 0 0 0 0 1 0 0 -1 0 0 0 0 0 -1 1 0 0 0 0 0 0 0 0 0 0 0 0 0 0 0 0 0 0 1 0 1 0 0 0 1 0 0 0 0 0 0 0 0 0 0 0 0 0 0 0 0 0 0 0 1 0 0 1 0 0 0 0 0 0 0 0 0 0 0 0 0 1 0 0 1 0 0 0 0 -1 1 0 0 0 0 -1 0 0 -1 0 0 0 0 -1 0 0 0 0 0 0 0 0 0 0 1 0 0 0 0 -1 0 0 0 0 -1 0 0 0 -1 0 0 0 -1 1 -1 -1 0 1 0 0 -1 0 0 -1 0 1 0 0 0 1 0 0 1 0 0 0 1 0 0 0 0 0 0 0 0 -1 1 1 0 0 0 1 1 1 1 0 -1 0 0 0 1 0 0 0 -1 -1 0 0 0 0 
0 0 0 0 0 0 0 0 0 1 0 0 0 -1 1 0 0 0 0 0 0 0 -1 -1 0 0 0 0 0 1 1 0 0 0 1 -1 0 0 0 0 0 0 1 0 0 0 0 0 0 1 0 1 1 0 1 0 1 0 0 1 0 0 -1 0 0 0 0 0 0 0 0 -1 0 0 0 0 0 0 0 0 0 0 0 1 0 0 0 0 0 0 0 0 0 0 0 0 0 0 -1 -1 0 0 0 0 0 1 1 1 0 0 0 0 1 0 0 -1 -1 0 0 0 0 -1 0 0 0 0 0 0 0 0 0 0 0 0 1 0 0 0 -1 1 0 0 0 0 0 1 0 0 0 0 0 0 -1 1 0 0 0 0 0 0 0 0 0 0 0 1 0 0 1 0 0 -1 0 0 0 0 0 0 0 0 0 0 0 1 0 0 0 0 -1 0 -1 1 0 0 0 1 0 1 0 0 
0 0 0 -1 0 0 0 0 0 1 1 0 0 -1 0 0 0 0 0 0 0 0 0 0 0 0 0 -1 0 1 0 0 0 0 0 0 -1 0 0 1 0 0 1 -1 0 0 0 1 0 1 0 0 0 0 0 0 0 0 0 -1 0 0 -1 0 0 0 0 0 0 0 0 -1 0 0 0 0 0 0 1 0 0 0 0 1 0 0 1 0 0 0 0 0 -1 0 0 0 0 0 0 0 0 1 0 1 0 0 0 0 0 0 0 0 0 0 0 0 0 1 0 0 0 0 0 0 -1 0 0 0 0 0 0 0 0 0 0 0 0 0 0 0 0 0 0 0 -1 0 0 0 1 -1 0 1 0 -1 1 0 0 0 0 0 0 0 0 0 0 0 1 0 0 0 0 1 0 0 0 1 0 0 0 1 0 0 1 0 0 0 0 0 0 -1 0 0 0 0 0 1 -1 0 0 0 
0 0 -1 0 0 1 0 0 0 0 0 0 0 0 0 0 0 -1 -1 0 0 0 0 -1 1 1 0 0 0 0 0 0 0 1 0 0 0 0 0 0 0 0 0 0 0 0 0 1 -1 0 0 0 -1 0 0 0 0 0 0 0 0 0 0 0 0 0 0 0 0 0 -1 0 -1 0 0 0 0 0 0 0 0 -1 0 0 0 0 0 0 0 0 0 0 1 0 0 1 0 0 1 0 0 0 0 0 1 0 1 0 0 0 0 1 0 0 0 1 0 1 0 0 -1 0 0 0 0 0 0 0 0 0 0 0 0 0 0 0 0 -1 0 0 1 0 0 -1 0 0 0 -1 0 0 -1 0 0 0 0 -1 0 0 0 0 0 0 0 0 0 1 0 0 0 0 0 0 1 -1 0 0 0 0 -1 0 0 0 0 0 0 0 0 0 0 0 -1 -1 0 0 0 0 0 0 -1 -1 
0 0 1 0 0 0 0 0 0 -1 1 0 0 -1 -1 0 1 0 -1 0 0 -1 -1 0 0 1 0 -1 -1 0 0 0 0 0 0 0 0 0 0 0 0 0 0 0 0 0 0 0 0 0 0 1 -1 0 1 0 0 0 0 0 -1 0 0 1 0 0 0 0 0 0 -1 0 0 0 0 0 0 0 0 -1 -1 0 0 -1 0 0 0 1 0 0 0 0 0 0 0 -1 0 0 0 0 1 0 0 0 0 0 0 -1 0 0 0 0 1 0 0 0 0 0 0 0 0 0 0 0 0 1 0 0 -1 0 1 0 0 0 0 0 -1 0 0 1 0 0 0 0 0 0 0 0 0 1 0 0 0 1 0 0 0 -1 0 0 0 0 0 0 -1 0 0 0 1 0 0 0 0 1 0 -1 0 0 0 0 0 0 0 0 0 1 -1 0 0 0 0 0 0 0 0 0 0 0 0 1 
0 0 0 0 0 -1 -1 1 1 0 0 1 0 -1 0 0 0 0 0 0 0 -1 0 0 -1 0 0 0 1 -1 0 -1 0 0 0 0 -1 0 0 0 0 0 0 0 0 0 1 0 -1 0 0 0 -1 0 0 0 0 0 0 0 0 0 0 0 -1 0 0 0 -1 0 0 0 0 0 1 0 0 0 0 0 1 0 0 1 0 0 0 0 0 0 0 -1 0 0 0 0 0 -1 0 1 0 0 0 -1 0 0 0 0 0 0 0 0 0 0 0 0 0 -1 0 0 0 0 0 0 0 0 0 -1 0 0 0 0 0 0 0 0 0 0 0 0 0 1 0 0 0 0 0 0 0 0 1 0 0 0 0 0 0 0 0 0 0 0 0 1 -1 0 0 0 0 1 0 0 0 0 0 0 0 -1 1 0 0 0 0 0 0 -1 0 0 0 0 0 0 -1 0 0 0 0 0 1 0 
0 1 0 0 0 0 0 0 0 0 0 0 0 0 0 0 0 0 0 0 0 1 0 0 0 0 -1 0 0 0 0 0 0 -1 1 0 1 0 0 0 0 0 0 0 -1 0 0 0 0 0 0 0 0 0 0 0 0 0 0 0 0 0 -1 0 0 0 -1 0 0 0 0 0 1 0 0 1 1 1 0 0 0 1 0 0 0 0 1 0 0 0 0 0 0 0 0 0 0 -1 1 0 -1 0 0 0 1 0 0 -1 0 -1 0 0 0 0 0 0 -1 0 0 -1 0 0 -1 0 0 0 0 0 0 0 0 0 0 0 0 0 0 0 0 0 0 0 -1 0 1 0 0 0 0 0 0 0 1 1 0 1 0 0 1 1 -1 1 0 0 0 0 0 1 0 0 1 0 0 1 0 0 0 -1 -1 0 0 1 0 1 1 0 0 0 0 0 0 0 0 -1 1 0 -1 0 0 0 
0 0 0 0 0 0 1 0 0 1 0 0 0 0 0 0 -1 0 0 0 -1 0 0 0 1 0 0 0 0 0 1 1 0 0 0 0 1 0 -1 0 0 0 0 0 0 1 0 -1 0 0 0 0 0 0 0 0 -1 0 0 0 1 1 0 1 0 0 0 -1 0 0 0 0 0 0 0 0 0 0 0 1 0 0 0 -1 0 0 0 0 -1 0 0 1 0 0 1 0 0 0 0 0 0 0 0 0 0 0 0 1 0 0 0 0 0 0 0 0 1 -1 0 0 0 0 0 0 0 0 0 0 -1 0 0 0 0 -1 0 0 0 0 0 0 0 0 0 0 -1 0 0 0 0 0 1 0 0 0 0 0 0 0 0 -1 0 -1 -1 0 0 1 0 0 0 0 0 1 0 0 0 0 0 0 0 0 0 0 1 0 0 0 -1 0 0 0 0 0 0 0 -1 0 0 -1 0 0 
0 0 0 -1 0 0 0 0 0 0 0 -1 0 0 0 0 0 0 0 1 0 0 0 0 1 0 1 0 0 0 0 0 0 0 0 1 -1 0 0 -1 1 0 0 0 0 0 0 1 -1 0 0 0 0 0 0 0 1 0 0 0 0 -1 0 0 0 -1 0 0 0 -1 0 0 0 0 0 0 0 1 0 0 0 0 0 0 0 -1 0 0 0 0 0 0 0 0 0 0 0 0 0 0 0 0 0 0 0 0 0 0 0 0 1 0 0 0 0 0 0 0 0 0 0 0 0 0 0 0 -1 0 0 0 0 0 -1 1 0 -1 1 0 0 -1 0 0 0 0 0 -1 0 0 0 0 1 0 1 0 0 0 1 0 0 0 0 0 0 0 0 0 0 0 -1 -1 0 0 -1 1 1 0 0 0 -1 0 0 0 0 0 0 0 1 -1 0 0 0 0 0 0 -1 0 1 0 0 0 
-1 0 0 0 0 1 0 0 0 0 0 -1 0 0 0 0 0 0 0 0 0 0 0 0 0 0 0 0 0 0 -1 0 1 -1 -1 0 1 -1 0 0 1 0 -1 -1 0 0 0 0 0 0 0 0 0 0 0 0 0 0 0 -1 0 0 1 -1 0 0 0 0 1 0 0 -1 0 0 -1 0 0 0 0 0 1 0 0 0 0 0 0 0 0 0 0 0 0 1 0 0 0 0 0 -1 0 -1 0 0 1 0 0 0 0 0 0 0 1 1 0 0 0 0 0 -1 -1 0 0 0 1 1 0 0 0 1 0 0 0 0 0 0 0 0 0 1 0 0 0 0 0 0 -1 0 0 -1 0 0 0 -1 0 0 0 0 0 0 0 0 0 0 0 0 0 0 0 1 1 0 0 -1 0 -1 1 -1 0 0 0 0 0 0 0 0 0 0 0 0 0 0 0 0 0 0 1 1 1 0 
0 1 0 -1 0 0 0 0 0 0 0 0 0 0 0 0 0 0 0 0 1 0 0 0 0 -1 0 0 0 0 -1 0 0 -1 0 0 1 0 0 0 0 0 0 0 1 0 0 -1 0 0 0 0 0 0 0 0 -1 1 0 0 0 0 1 1 0 0 1 -1 0 0 0 0 0 1 0 0 0 0 0 0 0 0 0 0 -1 0 0 0 0 0 0 0 0 -1 0 0 0 0 0 -1 0 0 0 0 1 0 1 0 0 0 0 0 0 0 0 0 0 0 1 0 -1 0 0 0 0 -1 0 0 0 0 0 0 0 1 0 0 1 0 1 0 0 0 0 -1 0 0 0 0 0 0 0 0 0 0 0 0 0 -1 0 -1 0 0 1 1 0 1 0 0 0 0 0 0 0 -1 0 0 0 -1 0 0 0 0 0 0 0 0 1 0 0 0 0 0 0 0 0 -1 0 1 0 0 
0 0 0 0 -1 0 0 0 -1 0 0 -1 1 0 0 1 0 0 0 0 1 0 0 0 0 0 0 0 0 0 0 0 0 0 1 0 0 0 0 0 0 0 0 0 0 0 0 0 0 0 0 1 0 -1 0 0 1 0 0 0 0 0 0 -1 0 0 0 0 -1 0 0 0 0 0 0 0 0 0 1 0 0 0 1 0 0 0 -1 -1 -1 0 0 -1 -1 0 0 0 0 0 0 0 0 0 0 0 0 0 0 0 0 0 0 0 0 0 0 1 0 0 0 0 0 1 0 0 0 -1 1 0 1 0 0 0 0 0 0 1 0 0 0 0 0 0 0 -1 0 0 0 0 0 0 0 0 0 0 0 0 1 1 1 1 0 0 0 0 1 0 0 0 1 0 0 0 0 0 0 0 0 -1 0 0 0 1 0 0 0 0 0 0 0 0 1 0 0 0 0 0 -1 0 0 0 
0 0 0 0 0 0 0 -1 0 0 0 0 0 0 0 0 0 1 0 0 0 0 0 0 0 0 0 0 0 0 0 0 0 0 0 0 1 0 0 0 0 1 0 0 0 1 0 0 0 0 0 1 0 0 0 0 0 0 0 0 0 0 0 0 0 0 0 1 0 0 0 0 0 0 0 0 0 0 -1 0 0 0 0 1 0 0 -1 0 -1 0 0 0 0 0 0 0 0 0 0 0 0 0 0 0 0 0 0 1 -1 0 0 1 0 0 -1 1 0 0 0 1 0 1 0 0 0 0 0 -1 0 0 0 0 0 -1 0 0 0 0 1 0 -1 0 0 0 0 0 0 0 0 -1 0 -1 0 0 0 0 0 1 0 1 -1 0 0 0 0 0 0 0 0 0 -1 1 1 0 0 0 -1 0 -1 0 0 0 0 0 0 0 1 0 0 -1 0 0 0 0 0 0 -1 0 0 0 
0 0 0 0 0 0 0 0 -1 0 0 0 1 0 -1 0 0 1 0 0 0 0 1 0 0 0 0 0 0 0 0 -1 0 -1 1 0 0 0 1 0 -1 -1 0 -1 0 1 0 1 -1 0 0 0 0 0 0 0 0 1 0 -1 0 0 0 1 0 0 0 0 0 0 0 0 0 0 0 0 0 0 0 1 0 0 1 0 0 -1 0 0 0 0 0 0 0 0 0 0 0 0 0 -1 0 0 0 0 0 0 0 0 1 -1 0 -1 0 1 0 0 0 1 0 0 0 0 0 0 0 0 0 0 0 0 0 0 0 0 0 0 -1 0 0 0 0 0 0 0 -1 1 0 0 0 0 0 0 0 0 0 0 0 -1 0 0 0 0 0 0 0 1 0 0 0 0 0 0 0 0 0 0 -1 -1 0 0 0 1 0 0 0 0 0 0 0 0 0 1 0 1 -1 0 1 0 0 0 
-1 0 1 -1 0 0 0 0 0 0 1 0 0 0 0 0 0 0 0 0 0 0 0 0 0 0 0 0 0 -1 0 0 0 0 0 0 0 0 0 1 0 0 0 0 0 0 1 0 0 -1 0 0 0 0 0 -1 1 0 0 0 0 -1 0 0 0 0 0 0 0 -1 0 0 -1 0 1 0 0 0 1 0 0 0 0 0 0 0 0 0 0 0 -1 1 0 1 0 0 0 0 0 1 0 0 0 0 0 1 0 0 0 0 0 0 0 0 0 -1 1 -1 0 0 0 -1 0 0 0 0 -1 0 0 -1 0 0 1 -1 0 -1 0 0 1 0 1 0 0 1 1 0 0 1 0 0 -1 1 0 -1 0 0 1 0 0 -1 0 0 0 0 0 0 0 0 1 0 0 0 0 0 -1 1 0 -1 0 0 0 0 0 0 0 0 0 1 0 0 1 0 0 0 0 1 0 0 0 0 
0 0 0 0 0 0 0 0 0 0 0 0 1 0 0 0 0 0 0 -1 0 0 -1 0 0 0 0 0 0 -1 0 0 -1 0 1 0 0 0 0 1 0 0 1 0 0 1 0 0 0 0 1 0 0 0 0 0 0 0 0 0 1 0 -1 0 1 0 0 1 0 0 0 0 0 0 0 0 0 0 0 0 0 0 -1 0 0 0 1 0 0 0 0 0 0 0 -1 0 0 -1 1 -1 0 0 0 0 0 0 0 0 0 1 1 0 0 0 0 1 1 0 0 0 0 0 0 0 0 0 0 0 0 0 0 0 1 0 0 0 0 0 0 1 0 0 1 1 0 0 0 0 0 0 0 -1 0 0 0 0 0 0 -1 1 0 0 0 0 0 0 0 0 0 -1 0 0 0 0 0 0 -1 0 0 0 0 0 0 0 -1 0 0 0 0 0 0 1 0 0 1 0 0 0 0 0 
1 0 0 0 -1 1 0 -1 0 -1 0 0 0 0 0 0 0 0 0 1 0 0 0 0 0 0 0 0 0 0 1 0 0 0 0 0 0 0 0 0 0 0 0 0 0 0 0 0 0 0 -1 0 -1 1 0 0 -1 0 0 0 1 0 0 0 1 0 0 0 0 0 0 0 0 0 0 0 0 0 1 0 0 0 0 0 0 0 0 -1 0 1 0 0 0 0 0 1 0 -1 0 0 0 -1 -1 -1 0 0 0 0 0 0 0 -1 0 -1 0 0 0 0 0 0 1 0 0 0 0 -1 0 0 0 0 0 0 0 1 0 -1 0 0 -1 0 -1 0 0 0 0 0 0 0 0 1 0 0 0 0 0 0 0 0 -1 0 0 0 0 1 0 0 0 0 0 -1 0 0 0 0 0 1 0 1 0 0 -1 0 0 0 -1 1 0 0 -1 0 0 0 0 1 0 0 0 0 0 0 
0 -1 0 1 0 1 0 0 0 0 0 -1 0 0 0 0 0 0 -1 0 -1 0 0 0 0 0 0 0 -1 0 0 1 0 -1 0 0 0 0 0 0 0 1 0 0 1 0 0 1 0 0 0 0 -1 0 0 0 1 0 -1 0 0 1 0 0 -1 0 0 0 0 0 0 0 0 0 0 0 1 0 0 0 0 0 0 -1 0 0 1 1 0 0 0 0 0 0 0 1 1 0 0 0 0 1 0 0 0 0 0 0 0 0 0 0 0 0 0 0 0 0 0 1 0 0 0 0 0 0 0 1 0 0 0 1 0 0 0 -1 0 0 0 0 0 0 0 0 1 0 0 0 0 0 0 0 0 0 0 0 0 0 0 1 0 1 0 0 0 0 0 0 0 0 0 0 0 0 0 0 0 1 0 0 -1 0 -1 0 0 1 0 0 0 0 0 0 0 1 -1 -1 0 0 0 0 
0 0 0 0 0 0 1 1 0 -1 0 -1 0 0 0 0 1 0 0 0 0 -1 -1 0 0 0 0 1 -1 0 -1 0 0 0 0 0 0 0 0 0 0 -1 0 0 0 0 0 0 0 -1 0 1 -1 0 0 0 1 0 0 -1 0 0 0 0 0 0 0 0 -1 0 0 0 0 0 0 0 0 0 0 0 0 0 0 0 0 0 0 0 0 0 0 -1 0 0 0 0 0 0 0 0 -1 0 0 0 -1 0 0 0 -1 0 1 0 0 -1 0 0 -1 0 0 -1 -1 0 0 1 0 0 0 -1 0 0 0 -1 0 0 -1 1 0 0 0 0 0 0 0 -1 0 0 1 0 -1 0 0 -1 0 -1 0 -1 0 0 0 0 0 -1 0 0 0 0 0 0 1 0 0 0 1 0 0 0 0 0 1 0 0 0 0 0 0 0 0 0 0 0 0 0 0 -1 0 0 0 0 0 0 
0 0 0 0 0 0 0 0 0 0 0 0 0 0 0 1 0 0 0 1 0 0 0 0 0 0 0 0 0 0 0 0 0 0 0 0 0 0 1 0 1 0 0 -1 -1 0 1 0 1 0 0 0 0 1 1 0 0 0 0 0 0 0 0 0 1 0 -1 1 0 0 0 0 0 0 0 0 0 0 -1 -1 0 0 1 1 0 0 0 0 -1 -1 0 0 0 0 -1 0 1 1 0 0 0 0 0 0 0 0 0 0 0 -1 0 0 0 -1 0 0 -1 0 0 0 0 0 0 1 0 0 0 0 0 0 0 0 0 1 0 0 0 1 0 0 0 1 0 0 0 0 1 0 0 0 0 1 0 0 0 0 0 0 0 0 0 0 0 0 0 0 0 0 0 0 0 1 0 0 0 1 0 0 0 -1 0 0 1 0 0 0 1 0 0 0 1 0 0 0 -1 0 0 0 0 0 
1 0 0 0 0 0 -1 0 0 0 0 0 -1 0 0 0 0 1 1 0 0 0 0 0 -1 1 -1 1 0 1 0 0 0 0 0 0 0 0 0 -1 0 0 0 0 0 0 -1 0 1 0 0 0 0 0 0 0 0 0 -1 0 0 0 0 1 0 0 0 0 0 0 0 1 0 1 1 0 0 0 0 0 0 -1 -1 -1 0 1 0 0 1 -1 0 0 0 0 -1 0 0 0 1 0 0 0 0 0 0 0 0 0 1 1 0 0 -1 0 0 0 0 0 -1 0 1 0 0 0 -1 0 1 0 0 0 0 0 0 0 1 0 -1 0 0 0 0 0 0 0 -1 0 0 0 0 -1 0 1 0 1 0 0 1 1 1 0 1 0 0 0 0 0 0 0 -1 0 0 0 0 0 0 0 1 0 1 0 0 0 0 0 0 1 0 0 0 0 0 0 0 0 0 -1 0 0 0 0 
0 -1 0 0 0 0 0 0 0 0 0 0 0 0 0 1 0 0 0 0 0 1 1 0 0 0 0 0 0 0 0 0 1 0 0 0 1 0 0 0 0 1 1 -1 0 0 0 0 0 0 0 0 0 -1 0 0 -1 0 1 0 0 0 1 0 0 0 0 0 0 0 0 -1 0 0 0 0 0 0 0 0 0 0 0 0 0 0 0 1 1 0 0 0 0 1 0 1 0 0 0 0 0 0 0 0 0 0 0 0 1 0 0 0 0 0 0 0 0 0 0 0 -1 0 0 1 0 0 0 0 0 0 0 0 -1 -1 0 0 -1 0 0 0 0 -1 0 0 1 0 1 1 1 0 0 0 0 1 1 -1 0 1 0 0 -1 0 0 0 0 0 0 0 0 0 0 1 0 0 0 1 -1 0 0 1 0 0 -1 -1 0 0 0 0 0 0 0 0 0 0 0 0 0 1 0 0 
0 0 -1 1 0 0 0 1 0 -1 0 0 0 0 0 1 0 1 0 0 0 0 0 0 0 0 1 0 0 0 0 0 0 0 -1 0 0 1 0 1 0 0 0 0 1 0 0 0 0 0 0 0 0 0 0 0 0 0 0 1 0 0 0 0 0 0 0 0 0 0 0 0 -1 0 0 0 -1 0 0 0 0 0 0 0 0 0 -1 1 0 -1 0 0 0 0 0 0 0 0 0 0 1 0 0 0 0 0 0 0 0 0 0 0 0 0 0 0 -1 0 0 0 0 0 0 0 0 0 0 0 1 1 0 0 0 1 0 0 0 0 0 0 0 0 0 -1 0 0 0 0 -1 0 0 0 0 -1 0 0 0 0 -1 0 0 1 0 0 0 1 0 0 0 0 0 0 0 0 1 0 0 0 0 1 -1 0 0 0 -1 0 0 0 -1 0 1 0 0 0 0 0 0 0 0 1 
0 -1 0 0 0 0 1 0 0 -1 -1 0 -1 0 0 0 -1 0 0 0 0 0 -1 0 0 0 0 0 0 0 0 0 0 0 0 0 0 0 0 0 0 0 0 0 -1 0 0 0 0 0 0 -1 0 0 0 -1 0 0 0 1 -1 0 0 0 0 1 0 0 0 0 0 0 0 0 0 0 0 -1 0 -1 0 0 0 0 0 0 0 0 1 0 0 0 0 -1 0 0 0 1 0 0 0 0 0 1 1 1 0 0 0 1 0 0 0 0 0 0 0 0 0 0 0 0 -1 0 0 -1 0 0 0 0 0 0 0 0 -1 0 0 -1 0 0 0 0 0 0 0 -1 0 0 1 0 0 0 0 0 0 0 0 1 1 0 0 0 0 0 0 0 0 1 0 0 0 0 0 0 0 0 0 0 0 -1 0 0 0 0 1 0 0 0 -1 0 0 0 0 0 -1 0 0 0 0 0 
0 0 0 0 0 0 0 0 0 0 1 0 0 0 0 0 0 0 1 0 0 0 0 -1 0 0 0 0 0 0 0 0 0 -1 0 0 0 0 0 0 0 0 0 0 0 0 1 0 0 0 0 0 1 0 -1 0 0 0 1 0 0 0 0 0 0 1 1 0 1 0 0 1 0 0 0 0 0 0 0 -1 0 0 -1 0 0 0 0 0 0 -1 0 0 -1 -1 1 1 0 0 0 1 0 1 1 0 0 0 0 0 -1 0 0 0 0 0 -1 0 0 0 0 -1 0 0 0 -1 -1 0 1 0 0 0 0 -1 0 0 1 0 0 0 -1 0 0 0 0 -1 0 0 1 0 0 0 0 0 0 0 0 0 0 0 0 0 0 1 0 0 0 0 0 0 -1 0 0 0 0 0 0 -1 0 0 0 0 0 0 0 0 0 0 0 0 0 0 0 0 0 0 0 0 -1 0 0 0 
0 0 0 1 0 0 0 0 0 1 0 -1 0 0 1 0 0 0 0 1 -1 1 0 0 0 0 0 0 0 0 0 1 0 0 1 0 -1 0 0 -1 0 0 0 0 -1 0 1 1 0 0 0 0 0 0 0 0 0 0 0 -1 0 0 0 0 0 0 0 0 0 0 0 1 0 1 0 0 0 0 -1 -1 0 -1 0 1 0 0 0 0 0 0 0 1 1 0 0 1 0 0 0 0 0 0 0 0 -1 0 0 0 -1 0 0 -1 0 1 1 0 0 -1 1 0 0 -1 0 0 0 0 0 1 0 0 1 0 0 -1 1 1 0 0 1 0 0 0 0 0 0 -1 0 0 -1 0 0 0 0 0 0 0 -1 0 0 0 -1 0 0 0 0 -1 0 0 0 0 0 0 0 0 0 0 0 0 0 1 0 1 0 0 0 1 0 0 0 0 1 0 0 0 0 0 0 0 0 -1 
0 0 0 0 0 0 0 0 -1 0 -1 0 0 -1 0 0 1 0 1 0 -1 0 0 -1 0 -1 0 0 1 -1 0 0 0 0 0 1 0 0 0 0 0 0 0 0 0 0 0 0 0 0 0 0 0 -1 1 0 0 0 0 0 0 0 0 -1 0 0 0 0 1 0 0 0 0 0 0 -1 0 0 0 0 0 0 0 0 0 0 0 0 0 1 -1 0 0 0 0 0 0 1 0 1 0 0 0 0 0 0 0 0 0 0 0 0 0 0 0 0 0 0 0 -1 0 0 0 0 -1 0 0 1 0 0 0 0 1 0 -1 0 -1 0 0 0 0 0 0 0 0 0 0 0 0 0 0 0 0 0 0 1 0 0 0 0 0 0 0 0 0 0 -1 1 0 0 1 -1 0 0 0 0 -1 0 -1 0 0 0 0 0 0 0 0 1 0 0 0 1 0 0 -1 0 0 0 0 0 
0 0 -1 0 0 0 -1 0 1 0 0 1 0 0 -1 0 0 -1 -1 0 0 0 0 1 0 0 0 -1 0 0 0 0 0 0 0 0 0 -1 0 1 0 0 0 1 0 1 0 1 0 0 0 0 0 0 0 0 -1 0 0 0 0 1 0 1 -1 0 -1 0 -1 -1 0 0 0 0 0 0 0 0 1 0 0 0 0 0 0 0 0 0 0 0 0 0 0 0 0 0 0 0 0 0 0 -1 0 0 0 0 0 0 0 -1 0 0 0 0 -1 0 0 0 0 0 -1 0 0 0 0 0 0 0 0 0 0 1 0 0 0 0 0 0 -1 0 0 0 0 0 0 1 0 0 0 -1 0 0 0 1 0 0 0 -1 0 0 0 -1 0 0 1 -1 0 0 0 0 0 0 0 0 1 0 0 1 1 0 -1 0 1 0 0 0 0 0 0 1 0 0 -1 -1 0 0 -1 0 1 0 
-1 1 0 1 -1 0 0 1 0 0 0 1 1 0 0 0 0 -1 0 0 0 -1 0 0 0 0 0 0 0 0 0 0 -1 -1 0 0 1 0 0 0 -1 0 0 0 0 0 0 0 0 1 0 1 0 0 0 0 0 0 0 0 0 0 0 0 0 0 -1 -1 0 0 0 0 0 -1 0 0 0 0 0 0 0 0 0 0 0 0 0 0 0 0 0 0 0 0 0 0 1 1 0 -1 1 -1 0 0 0 0 0 0 0 0 0 0 0 0 -1 0 0 0 0 0 0 0 0 0 0 1 -1 0 0 0 0 0 0 0 0 -1 0 1 0 0 0 0 0 0 0 0 -1 0 1 0 1 0 0 0 -1 1 1 0 -1 0 0 0 -1 0 0 0 0 0 0 0 0 0 0 0 0 0 1 0 -1 0 -1 0 0 0 0 0 0 0 0 -1 0 1 0 0 0 0 0 0 0 1 
0 -1 0 1 0 0 0 0 0 0 0 0 0 0 0 0 1 0 0 0 0 0 0 -1 0 0 0 -1 0 1 0 0 0 -1 -1 0 0 0 0 -1 0 0 0 0 0 0 0 0 -1 0 0 1 0 0 1 0 0 0 0 0 0 0 -1 0 0 0 0 0 0 0 1 -1 1 0 0 0 0 0 1 0 0 0 0 0 0 0 0 0 0 0 0 -1 0 0 1 0 0 0 0 0 0 0 1 0 1 0 0 0 0 -1 -1 0 0 1 0 1 0 1 0 0 0 0 0 0 0 0 0 1 0 0 0 0 -1 0 0 0 0 -1 -1 0 0 1 0 0 1 1 0 0 -1 0 -1 0 0 0 1 0 0 0 0 0 0 0 0 0 0 0 0 -1 0 0 0 0 0 0 0 0 -1 0 0 -1 0 0 0 0 0 0 0 1 0 0 0 0 0 0 0 1 0 -1 0 1 
0 0 0 -1 1 0 0 -1 1 0 0 0 0 0 0 0 1 0 0 -1 0 0 0 -1 0 0 1 0 1 0 0 0 0 0 1 0 0 1 0 0 0 0 0 0 -1 0 0 0 0 0 0 0 0 0 0 0 0 -1 0 0 0 0 0 0 0 0 0 -1 0 0 -1 0 0 1 0 0 0 1 0 0 0 0 -1 -1 -1 1 0 -1 0 0 0 -1 0 -1 0 -1 0 0 0 0 0 0 0 0 0 0 0 -1 0 0 1 0 0 0 1 0 -1 -1 0 -1 1 0 0 1 0 0 0 0 0 0 1 0 -1 0 1 0 0 0 0 0 0 1 0 0 0 0 0 0 0 1 0 1 -1 0 0 0 0 0 1 0 0 0 1 0 0 1 0 0 1 1 0 0 0 1 0 0 0 0 0 0 0 0 0 0 0 0 0 0 0 -1 0 0 0 0 1 0 0 0 0 0 
0 0 0 -1 0 0 0 0 0 0 0 0 0 0 0 0 0 0 1 0 0 0 0 1 0 -1 0 0 -1 1 0 0 0 0 0 1 0 0 1 0 0 0 1 -1 0 1 0 0 0 1 0 1 0 0 0 0 0 1 0 0 0 0 0 1 0 0 0 0 0 0 -1 0 0 0 0 0 0 0 0 0 -1 0 0 0 0 0 1 0 -1 0 0 1 0 0 0 0 1 0 0 0 0 0 0 0 0 0 -1 0 0 0 0 0 0 0 0 0 0 0 1 0 0 0 -1 0 0 0 0 1 0 0 0 0 0 0 0 1 0 0 0 0 0 0 0 0 0 1 0 -1 0 0 0 -1 0 0 0 0 0 0 0 0 0 0 0 0 0 0 0 0 0 0 1 0 0 0 -1 0 0 0 -1 0 0 0 0 0 0 0 0 0 0 0 0 0 -1 0 0 0 0 0 0 0 
0 0 0 0 0 0 -1 0 -1 1 -1 0 0 0 1 1 0 0 0 0 0 0 0 0 0 0 1 -1 0 1 0 0 0 0 -1 0 0 0 0 0 0 0 0 0 0 0 0 0 0 0 0 0 1 0 0 1 0 0 1 0 0 0 0 0 0 0 -1 0 1 0 -1 0 0 0 0 0 0 0 0 -1 0 0 0 0 0 -1 0 0 -1 0 1 0 0 0 -1 0 0 -1 0 0 0 0 0 0 1 0 0 0 0 1 0 0 0 -1 0 0 0 0 1 0 0 -1 0 1 0 0 -1 -1 0 0 1 0 0 -1 0 0 0 1 -1 0 -1 0 0 0 0 0 0 0 -1 0 0 -1 0 0 0 0 0 0 0 0 0 0 0 -1 1 0 0 1 0 -1 0 0 0 0 0 0 0 1 0 -1 0 0 0 0 0 0 0 0 0 0 0 -1 0 0 -1 1 0 0 1 0 
0 0 0 0 0 0 0 0 0 0 0 0 0 0 -1 0 0 1 0 -1 0 0 1 0 0 -1 0 1 0 0 0 0 0 0 1 0 0 0 0 0 0 0 0 0 0 0 0 0 0 0 0 0 0 0 0 0 0 -1 0 0 0 0 0 0 0 0 0 0 0 0 0 -1 0 0 0 0 0 0 0 0 0 0 0 0 0 1 0 0 -1 1 0 0 0 0 0 0 0 0 -1 0 0 0 1 0 0 0 1 0 -1 0 0 0 0 0 0 0 0 0 0 -1 -1 0 0 0 0 0 -1 1 0 0 0 0 0 0 -1 0 0 0 1 0 0 0 0 0 0 0 0 0 0 0 -1 0 1 0 0 0 0 0 -1 1 1 0 0 0 0 0 0 0 0 1 1 0 0 0 0 0 0 -1 0 0 -1 0 1 0 0 0 -1 1 1 0 -1 0 0 0 0 1 0 1 0 -1 
0 0 0 -1 0 0 0 1 0 1 0 -1 0 0 0 -1 0 0 0 1 0 0 0 0 0 0 0 0 0 0 0 0 1 0 0 0 0 0 0 0 1 0 0 0 1 0 0 0 0 0 0 1 0 0 0 0 0 0 0 0 0 0 0 0 0 0 -1 0 0 0 0 0 -1 0 0 0 -1 -1 0 0 0 0 -1 0 -1 -1 0 0 1 0 0 0 0 1 0 0 0 1 -1 0 0 0 0 0 0 0 0 0 0 0 -1 0 0 0 0 0 1 0 1 0 0 -1 0 0 -1 0 0 -1 0 0 0 0 0 0 0 0 0 -1 0 0 0 0 0 0 0 -1 0 -1 0 0 0 1 0 1 0 0 0 0 0 0 0 -1 0 0 0 0 -1 0 0 -1 1 0 -1 0 0 0 -1 0 0 0 0 0 0 0 0 0 1 0 0 0 0 0 0 1 0 -1 1 0 0 0 
0 0 0 -1 0 0 0 0 -1 1 0 0 0 0 0 0 0 0 0 0 0 0 0 1 0 0 0 -1 0 -1 1 0 1 0 1 0 0 0 0 0 0 0 0 0 0 -1 0 0 -1 0 0 0 -1 0 0 -1 0 0 0 0 0 0 0 0 0 0 0 1 0 0 0 0 1 0 -1 0 0 1 0 1 0 0 0 -1 0 0 0 0 1 0 0 0 0 0 1 0 0 0 -1 1 0 0 0 0 0 -1 0 0 0 1 0 0 0 0 0 0 0 0 0 1 0 0 -1 0 0 0 0 0 0 0 0 0 0 -1 0 0 0 0 0 0 0 0 0 0 0 0 -1 0 0 0 0 0 -1 0 0 0 0 0 0 0 0 -1 0 0 0 -1 0 -1 0 0 0 0 1 0 0 0 0 0 0 0 0 0 0 0 0 0 0 0 0 0 0 0 0 0 0 -1 0 -1 0 0 
0 0 -1 0 -1 0 0 0 0 0 1 0 0 0 -1 0 -1 0 0 0 0 0 0 0 0 0 0 0 -1 0 1 0 0 0 0 1 0 0 0 0 0 1 0 -1 0 -1 0 0 0 -1 -1 0 1 0 0 0 1 0 -1 0 0 1 0 1 0 0 0 0 1 0 0 0 0 0 0 1 0 0 0 -1 0 -1 0 0 1 0 0 0 0 0 0 0 0 0 0 1 0 0 0 0 0 0 0 0 0 0 0 0 0 0 0 0 0 0 0 0 0 1 -1 1 0 -1 -1 0 0 0 0 0 0 1 0 1 0 0 -1 0 0 0 0 0 0 0 0 0 0 0 1 0 0 1 0 0 0 0 0 0 0 0 0 0 0 0 0 0 0 0 1 0 0 0 0 -1 0 0 0 0 0 0 0 0 -1 0 -1 -1 0 0 -1 0 0 0 1 0 0 0 0 0 0 -1 1 0 
0 0 0 0 0 0 0 0 1 1 0 0 0 0 0 0 0 0 0 0 0 0 0 0 0 1 -1 0 0 0 -1 -1 0 -1 0 0 -1 0 0 0 1 0 0 -1 0 1 0 0 0 0 0 0 0 1 0 0 0 0 0 0 0 0 0 0 0 0 0 -1 0 -1 0 0 0 -1 1 1 0 0 0 0 1 0 0 0 0 -1 0 1 0 0 0 0 0 0 0 0 0 0 -1 0 -1 0 0 1 0 0 0 0 0 0 0 0 0 0 0 0 0 0 0 0 0 0 0 0 0 -1 0 0 0 0 0 0 0 0 0 0 0 0 0 0 0 0 0 0 0 0 0 0 -1 0 0 0 0 0 0 0 0 0 0 0 0 0 0 1 0 0 0 1 0 0 0 -1 0 -1 1 0 0 0 0 0 0 0 0 0 0 1 0 0 -1 0 0 0 0 0 0 -1 0 0 0 0 
-1 0 0 0 1 0 0 0 0 0 0 0 0 0 0 0 -1 0 1 0 0 0 0 0 0 0 0 -1 0 0 0 0 0 1 0 0 0 -1 0 0 0 0 0 0 -1 0 0 0 0 0 0 0 0 0 0 0 0 0 -1 0 0 0 0 1 0 0 0 0 0 0 0 0 0 0 0 0 0 0 0 0 0 0 0 0 0 0 -1 0 0 0 0 -1 -1 -1 0 -1 0 0 -1 0 0 0 0 0 0 0 0 1 0 0 0 0 0 0 0 0 0 0 0 0 0 1 1 0 0 1 1 0 0 0 -1 0 0 0 0 0 0 0 0 0 1 0 1 0 0 0 0 -1 1 -1 1 0 0 0 0 0 0 0 0 0 0 0 0 0 0 0 1 0 0 -1 0 0 -1 -1 0 1 0 0 1 0 0 1 0 0 0 0 0 0 0 0 0 0 1 0 0 0 -1 -1 0 -1 
0 0 1 0 0 1 0 0 0 0 0 1 -1 0 0 -1 0 0 1 0 0 0 0 0 1 0 0 0 0 0 0 0 0 0 0 -1 0 0 0 -1 0 0 1 0 0 0 1 1 -1 1 0 0 0 0 0 1 0 0 0 0 -1 1 1 0 0 0 0 0 0 -1 0 0 -1 0 0 0 0 0 0 0 0 0 0 0 0 0 0 0 0 0 0 0 0 1 0 -1 0 0 0 -1 0 0 0 0 0 0 0 1 1 0 -1 0 0 0 1 0 0 0 0 0 -1 0 0 0 0 0 0 0 0 -1 0 -1 0 0 0 1 1 0 0 0 -1 0 0 0 0 0 1 -1 0 -1 0 0 -1 0 0 0 0 0 0 0 -1 0 -1 -1 -1 -1 0 -1 0 0 0 0 0 0 0 0 0 0 0 0 0 -1 0 0 0 0 0 0 0 0 0 1 0 0 0 0 0 0 1 0 
0 1 1 0 0 0 -1 0 0 0 0 1 0 0 0 1 0 0 0 0 0 0 0 1 0 0 0 0 -1 0 0 0 0 1 1 0 0 0 0 1 0 0 0 0 0 0 0 0 0 0 0 0 0 0 0 0 0 0 0 0 0 0 0 1 0 1 1 0 1 0 0 0 0 0 0 0 0 0 0 0 0 0 0 1 0 0 0 -1 0 0 1 0 0 0 0 0 0 0 0 0 0 0 0 1 0 0 0 0 0 -1 1 -1 0 1 1 1 0 0 -1 0 0 -1 -1 0 0 0 0 0 1 0 0 0 0 0 0 0 0 1 -1 0 1 0 0 -1 0 0 0 0 0 0 0 0 0 0 0 0 0 0 0 1 0 0 0 0 0 0 1 0 0 0 0 0 0 0 0 0 0 0 0 1 0 0 0 0 0 0 0 0 -1 0 0 0 0 0 0 0 0 0 0 0 
0 0 0 0 0 1 0 0 0 1 0 0 0 0 0 0 0 1 0 0 1 0 1 0 0 -1 0 0 0 0 0 0 1 0 0 0 0 0 0 0 0 0 0 0 -1 0 0 0 0 0 -1 0 0 0 0 0 0 0 0 0 0 0 0 0 0 0 0 0 0 0 0 -1 0 0 0 1 0 1 0 0 0 0 0 0 0 0 0 0 0 0 0 0 0 1 1 1 0 1 0 0 0 0 0 0 -1 -1 0 0 -1 1 -1 1 0 0 1 0 0 0 0 0 0 0 0 0 0 0 1 0 0 0 0 0 0 0 0 0 0 0 0 0 0 -1 0 -1 0 0 0 0 1 -1 0 0 0 0 0 -1 -1 0 0 0 0 0 0 0 0 -1 0 1 0 0 0 0 1 0 0 0 0 0 0 0 0 0 1 0 0 0 1 0 0 0 1 1 0 -1 0 -1 0 0 0 0 
0 0 0 0 0 -1 1 0 0 0 0 0 1 0 0 0 0 -1 0 0 0 0 0 0 0 0 0 0 0 0 0 0 0 0 0 -1 0 0 0 0 -1 0 0 -1 0 0 0 -1 0 0 0 0 0 0 0 0 0 0 0 -1 -1 0 0 1 0 0 0 0 0 0 0 0 0 0 1 0 0 0 0 0 0 0 1 0 0 0 0 1 0 0 0 0 0 0 0 -1 0 0 0 0 -1 0 0 0 0 0 0 -1 1 0 0 0 0 0 0 0 1 0 0 0 0 0 0 0 0 -1 -1 -1 0 0 0 0 0 1 0 0 1 1 1 0 0 0 0 0 0 0 0 0 0 0 0 -1 0 0 0 -1 0 0 -1 0 0 0 0 0 0 0 0 0 1 0 0 0 0 0 0 0 -1 0 1 0 0 -1 0 0 0 0 0 0 0 0 0 0 1 0 0 0 0 0 0 1 
1 -1 0 0 0 0 0 0 0 0 -1 0 0 0 -1 0 0 0 0 1 0 0 1 0 1 -1 0 0 0 0 0 0 0 1 0 0 0 0 0 0 0 0 0 0 0 0 0 0 0 1 0 0 0 1 1 0 0 0 0 0 0 0 0 0 0 0 1 -1 0 0 0 0 1 0 -1 1 0 0 0 1 1 0 0 0 -1 -1 0 0 0 0 0 0 0 -1 0 0 0 -1 0 0 -1 0 0 1 0 0 0 0 0 -1 0 0 0 0 -1 0 0 -1 0 -1 0 0 0 0 -1 0 0 0 0 -1 0 0 0 1 0 0 -1 0 0 1 0 0 0 0 0 0 0 0 0 0 0 0 0 0 -1 0 0 1 0 0 1 0 0 0 0 0 -1 0 0 0 0 0 0 1 0 -1 0 0 0 0 0 -1 0 0 0 -1 0 0 0 0 0 -1 0 1 0 0 0 0 1 0 
0 0 0 -1 1 -1 1 0 0 1 0 0 0 -1 0 0 0 -1 0 0 0 0 0 0 0 0 1 0 -1 0 0 0 0 0 0 0 0 0 0 0 0 0 0 0 0 0 0 0 0 0 0 0 0 0 0 -1 0 0 0 0 0 1 0 0 0 0 0 0 0 0 0 0 0 -1 0 1 0 0 0 1 0 0 0 0 1 -1 0 -1 0 0 0 0 0 0 0 1 0 0 1 0 0 0 0 0 0 -1 0 0 0 0 0 0 0 0 0 0 0 0 0 0 0 0 0 0 0 0 0 0 0 0 0 0 0 0 0 0 0 0 1 0 0 1 -1 0 0 0 0 0 0 0 -1 0 -1 0 1 0 0 0 0 0 0 0 0 0 1 1 0 0 0 0 0 0 0 0 0 1 0 0 -1 0 0 1 0 1 0 0 0 -1 1 0 0 0 0 1 0 0 1 0 0 0 
1 0 -1 0 0 1 0 0 0 0 -1 0 0 0 -1 0 0 0 0 0 1 0 0 0 0 0 1 0 0 0 0 0 0 0 0 0 0 0 0 0 0 0 1 0 0 0 0 1 0 0 0 0 0 0 0 0 0 1 0 0 -1 1 0 0 0 -1 0 0 0 0 0 0 0 -1 -1 1 0 0 0 0 0 -1 0 0 0 -1 0 0 0 0 0 0 0 0 0 0 0 0 0 -1 0 0 0 0 0 0 0 0 0 0 0 0 0 1 0 0 -1 0 0 0 0 0 0 1 -1 0 0 1 0 0 0 0 -1 0 0 0 1 0 0 0 0 -1 0 0 -1 0 0 0 0 -1 0 0 0 0 0 1 0 1 0 0 0 0 0 1 0 0 0 -1 0 0 0 0 0 0 0 0 0 0 0 0 -1 0 0 0 0 1 0 -1 0 0 0 0 1 0 -1 -1 0 1 0 1 
0 0 -1 0 0 -1 0 1 0 0 0 0 0 1 0 0 0 0 0 0 0 0 -1 0 -1 0 0 0 0 0 1 1 0 0 -1 -1 0 0 0 0 -1 -1 0 0 0 0 0 -1 0 0 0 1 0 0 0 0 0 0 0 -1 0 0 0 0 -1 0 0 0 0 0 0 0 0 0 0 0 0 -1 0 0 0 1 0 0 0 0 0 -1 0 0 -1 0 0 -1 1 0 0 0 -1 0 -1 0 1 0 0 1 1 0 0 0 0 1 0 0 1 0 0 0 0 0 0 0 0 -1 0 0 0 0 1 1 0 -1 0 0 0 1 0 -1 0 -1 0 0 1 0 0 0 0 1 0 0 1 0 1 0 0 0 0 0 -1 0 -1 1 0 0 1 -1 0 0 0 0 0 1 1 0 0 0 1 0 0 0 -1 0 0 0 0 0 0 0 0 0 0 0 0 1 0 0 0 -1 0 0 
0 0 -1 0 0 1 0 0 0 0 0 0 -1 0 0 0 0 0 0 0 0 0 0 1 0 0 0 0 0 1 0 -1 0 0 0 0 -1 0 0 0 -1 -1 0 -1 0 -1 -1 0 0 0 0 0 0 0 0 0 0 0 0 0 0 0 0 0 0 0 -1 0 0 -1 0 0 1 0 -1 0 0 0 1 0 0 0 0 -1 0 1 0 1 0 0 0 0 0 0 0 1 0 0 0 0 0 0 0 1 0 -1 0 1 0 -1 0 0 -1 0 1 0 0 0 0 0 0 0 -1 0 0 0 0 0 0 0 0 1 0 0 0 -1 0 0 0 0 0 0 0 -1 0 0 0 -1 0 0 0 0 0 0 1 0 0 0 0 0 0 1 0 0 1 0 1 0 0 0 0 1 0 0 0 0 0 1 0 0 0 0 0 0 0 0 0 0 0 0 0 1 0 0 0 0 0 0 0 -1 
0 1 0 0 0 1 0 0 0 0 1 0 0 0 0 0 0 0 0 -1 0 0 0 1 0 -1 0 0 0 -1 0 0 0 0 -1 -1 0 0 0 0 0 0 0 1 0 -1 0 0 0 0 0 0 1 0 0 0 -1 0 0 0 1 0 0 1 0 0 0 0 0 0 0 1 0 0 0 0 0 0 0 0 0 0 0 0 1 0 0 0 0 0 0 0 0 0 0 0 0 0 0 0 0 1 0 -1 0 0 0 0 1 0 0 -1 0 0 0 0 0 0 0 0 0 -1 0 0 0 0 0 0 0 0 -1 0 0 0 0 -1 0 0 0 0 0 0 0 1 0 1 0 0 0 1 0 -1 1 0 0 0 -1 0 0 0 0 0 0 1 -1 0 0 0 0 1 0 1 0 0 -1 0 0 -1 1 0 0 0 0 0 0 0 0 0 0 -1 1 0 0 -1 0 0 -1 -1 0 0 
0 0 0 0 0 0 0 -1 1 0 0 0 0 -1 0 0 0 0 0 1 -1 0 -1 0 0 -1 0 0 0 0 -1 0 0 0 0 0 0 0 1 0 0 -1 1 0 0 0 0 -1 0 0 -1 0 0 0 -1 -1 0 0 0 0 0 0 0 0 1 0 1 0 0 1 0 0 0 0 0 -1 0 0 0 0 0 0 0 -1 0 0 0 0 0 -1 -1 1 0 0 0 0 -1 0 -1 0 0 0 0 1 0 1 0 -1 -1 -1 0 0 -1 0 0 0 0 0 -1 1 0 -1 0 0 0 0 0 0 1 0 0 0 0 0 0 -1 -1 0 0 0 0 0 0 0 0 0 0 0 0 -1 0 0 0 0 0 -1 -1 0 0 0 0 0 0 0 0 0 0 0 0 0 0 0 0 0 0 0 0 1 0 -1 0 0 0 0 -1 1 0 0 0 -1 0 0 0 0 0 -1 0 0 0 0 
1 0 0 1 0 0 0 0 0 0 0 -1 0 0 0 0 0 0 0 0 0 0 0 0 0 -1 0 0 0 0 0 0 0 0 0 0 0 0 0 0 -1 0 0 0 0 0 0 0 0 0 0 0 0 0 1 1 0 0 0 1 1 0 0 0 0 0 0 0 0 0 0 0 0 0 0 0 1 0 0 0 0 0 0 0 0 0 0 0 0 -1 1 0 0 0 0 0 0 0 0 -1 0 0 0 0 0 0 0 0 0 0 1 0 0 0 -1 -1 0 0 0 0 0 0 0 0 0 0 1 0 -1 0 0 1 -1 0 0 0 1 0 0 0 0 1 0 0 0 0 1 0 0 0 0 0 0 0 0 0 0 0 0 0 0 -1 0 1 1 0 0 0 0 0 0 0 0 0 0 1 0 -1 -1 -1 0 0 1 0 0 0 -1 0 0 1 0 0 -1 1 0 0 0 0 0 0 
0 0 1 -1 -1 0 0 0 0 0 0 0 0 0 0 0 0 0 0 1 0 0 0 0 0 0 -1 -1 0 0 0 1 1 1 0 0 0 0 0 0 0 0 0 0 -1 0 1 0 0 0 0 -1 0 0 0 0 1 0 0 0 0 0 0 1 0 0 0 0 0 0 0 0 0 0 0 0 1 0 1 -1 1 0 0 1 0 0 1 1 0 0 0 0 0 1 0 0 0 0 0 -1 0 0 0 0 0 0 0 0 1 0 0 0 0 1 0 -1 0 -1 0 0 0 0 0 0 0 0 1 -1 0 0 0 0 0 0 0 0 1 0 -1 -1 0 0 1 0 0 -1 -1 0 -1 0 0 0 0 0 0 0 1 0 0 0 0 0 0 0 0 0 0 -1 0 1 0 0 -1 0 0 0 -1 -1 0 0 0 0 0 0 0 0 0 0 -1 0 0 -1 0 0 0 0 -1 0 1 0 
0 0 0 0 0 0 0 0 0 0 1 0 0 0 0 1 0 0 0 0 1 0 0 0 -1 0 0 0 -1 0 0 -1 0 0 0 -1 0 0 0 0 0 1 0 0 1 0 0 0 0 0 0 0 0 0 0 1 0 0 1 0 0 0 0 0 0 -1 0 0 1 -1 0 0 0 0 0 0 0 0 0 0 0 1 0 0 0 0 -1 0 0 0 0 0 1 0 0 -1 0 0 0 0 0 0 -1 0 -1 0 0 0 0 0 0 -1 0 0 0 0 0 0 0 0 -1 0 0 0 1 0 1 0 0 0 0 0 0 0 0 0 0 0 0 0 0 0 0 0 0 0 0 0 -1 1 0 0 0 0 0 0 0 0 0 0 0 0 0 1 0 0 0 0 0 0 0 0 0 0 0 0 0 0 0 0 1 0 0 0 0 0 0 0 0 1 0 -1 0 0 0 0 0 0 0 -1 
-1 0 0 0 0 0 0 0 0 1 0 0 0 1 1 0 1 0 0 0 0 0 -1 0 0 -1 0 -1 0 0 0 0 -1 0 0 0 0 0 0 -1 0 0 0 0 0 0 0 0 0 0 0 0 0 0 -1 0 0 1 0 -1 0 0 0 -1 0 0 0 0 0 0 0 0 0 0 0 0 0 0 0 -1 0 0 0 0 0 0 0 0 0 1 0 -1 0 -1 0 0 0 0 1 0 0 0 1 0 1 0 -1 0 0 -1 1 1 0 -1 0 0 0 0 -1 0 0 1 0 0 0 0 0 0 0 0 0 0 -1 0 0 0 0 0 0 1 0 1 1 0 0 0 0 0 0 0 0 0 0 0 0 0 0 0 0 0 0 0 0 0 0 0 0 0 0 0 0 0 0 0 0 0 0 0 0 0 0 0 0 -1 -1 0 0 1 0 0 1 0 0 1 0 1 0 -1 0 0 
0 0 0 0 0 0 0 0 0 1 0 0 0 1 0 0 -1 0 0 0 0 0 -1 1 0 -1 0 0 -1 0 -1 0 0 0 1 0 0 0 -1 0 0 1 0 0 0 0 0 0 1 0 0 -1 0 0 0 0 0 0 0 0 1 0 0 0 0 0 1 0 0 0 0 0 0 1 0 0 0 -1 0 0 1 0 0 0 0 0 0 0 0 0 0 0 0 0 0 0 0 0 0 0 0 -1 0 0 0 0 1 0 0 0 1 1 0 0 0 0 0 0 0 0 0 0 0 0 0 0 0 0 1 0 -1 0 1 0 0 0 0 1 -1 0 1 0 0 0 -1 0 0 0 0 0 0 0 0 0 -1 0 0 -1 0 0 0 -1 0 -1 0 -1 0 0 0 0 0 0 0 0 -1 0 0 0 0 0 0 0 0 1 0 0 0 0 0 0 1 0 0 -1 0 -1 0 0 0 0 
0 -1 1 0 0 0 0 1 1 0 0 0 0 0 0 0 0 1 0 0 0 0 0 0 0 0 0 0 0 0 0 0 0 0 0 0 0 0 0 0 -1 1 1 0 0 0 -1 0 -1 0 0 0 1 0 1 0 0 0 0 0 0 0 0 0 0 0 0 0 0 0 1 -1 1 0 0 -1 -1 0 0 0 0 0 0 0 0 0 0 0 0 0 0 0 0 0 1 1 0 -1 -1 0 0 0 0 0 0 0 0 -1 0 0 0 -1 0 1 0 0 0 0 0 0 0 0 0 -1 -1 0 0 0 -1 0 0 0 -1 0 0 0 0 0 0 0 0 0 0 0 0 0 -1 0 0 0 0 0 1 0 0 1 0 0 0 0 0 0 0 0 0 0 0 0 0 0 0 0 0 0 -1 0 0 0 0 0 1 0 0 0 0 0 0 0 1 0 0 0 -1 0 0 0 0 0 0 0 
0 0 0 0 0 0 0 1 0 0 0 0 0 0 0 0 0 -1 1 0 0 0 0 0 0 0 0 0 -1 1 1 0 0 0 0 0 0 0 0 0 0 0 0 0 0 0 0 0 0 0 0 0 0 0 0 -1 -1 0 0 0 0 0 0 1 0 0 0 0 0 0 0 0 0 0 -1 0 0 0 -1 0 -1 -1 0 0 0 1 0 0 0 0 0 0 0 0 -1 0 0 -1 0 0 0 1 1 0 0 0 0 1 0 0 0 -1 0 0 0 0 0 0 0 0 0 0 0 -1 0 0 1 0 1 0 0 0 0 0 0 0 0 -1 0 -1 0 0 0 0 0 0 0 0 0 0 0 -1 1 0 0 0 1 0 0 0 0 0 0 0 0 0 0 0 0 0 -1 1 1 0 0 0 0 1 0 0 0 0 0 0 0 0 -1 -1 0 0 0 0 0 0 0 0 0 0 0 0 
0 0 0 0 0 0 0 0 -1 0 0 -1 0 0 -1 0 0 0 1 0 0 0 0 0 0 0 0 0 0 -1 0 0 0 0 0 0 0 -1 0 0 0 0 0 0 1 1 1 1 0 0 0 0 0 0 0 0 0 0 0 0 0 0 0 0 0 0 0 0 0 -1 0 0 0 0 0 -1 -1 0 0 0 0 0 0 -1 -1 0 0 -1 0 1 -1 0 0 0 0 0 -1 0 -1 0 0 0 0 0 0 0 0 0 0 0 1 0 0 0 0 0 0 0 0 0 -1 1 0 0 0 -1 0 0 1 0 0 1 0 1 0 0 0 0 1 0 0 0 0 0 0 0 0 1 -1 1 0 0 -1 0 0 0 -1 0 0 -1 0 -1 -1 0 -1 0 0 0 0 0 0 0 1 0 0 0 0 0 0 0 0 0 0 0 0 -1 0 0 0 0 0 0 -1 0 0 0 0 -1 0 0 
0 0 0 -1 0 1 0 0 0 0 0 0 0 0 0 1 0 0 0 0 -1 0 0 0 0 0 1 0 1 1 0 1 0 0 0 1 0 0 0 0 0 0 -1 0 0 0 1 0 1 0 0 -1 0 -1 1 0 -1 0 0 0 0 0 0 1 0 0 0 0 1 1 0 0 0 0 0 1 0 0 0 0 0 0 0 0 0 1 0 -1 1 0 0 -1 0 0 0 0 0 0 0 0 0 0 0 0 0 0 0 0 0 0 0 0 0 0 -1 0 0 0 0 0 -1 -1 0 0 0 0 0 0 0 0 0 0 0 1 0 -1 1 0 0 0 0 0 0 0 0 0 1 0 1 0 0 0 0 0 0 0 1 0 0 0 0 0 0 0 1 0 0 1 0 1 1 0 0 -1 0 0 0 0 0 -1 0 0 0 0 0 -1 0 0 0 0 0 0 0 0 0 -1 0 0 0 0 
1 0 0 0 0 1 -1 1 0 0 0 0 0 0 0 0 0 -1 0 0 0 0 0 0 0 0 0 0 0 0 0 0 0 0 -1 1 0 0 0 0 0 0 0 0 0 0 1 0 0 0 1 0 0 1 0 0 0 0 0 0 1 0 0 0 0 0 0 0 0 0 -1 0 0 0 0 1 0 0 0 0 0 0 0 1 0 0 0 0 -1 0 0 -1 0 0 0 0 0 -1 0 -1 -1 0 0 -1 -1 0 0 0 0 0 0 0 0 0 0 0 0 -1 1 0 0 0 0 0 -1 0 0 -1 0 0 0 -1 -1 0 0 0 0 0 0 0 0 0 0 0 0 0 0 0 0 0 0 0 -1 0 0 -1 0 0 0 0 0 0 0 0 0 0 0 0 1 0 0 0 1 0 -1 0 1 0 0 0 -1 1 0 0 0 0 1 1 0 0 0 0 0 0 0 1 0 1 -1 0 
0 0 0 0 0 0 0 0 0 1 0 0 -1 0 1 0 0 0 1 0 0 1 0 0 0 0 0 0 0 0 0 0 0 0 0 0 0 0 0 0 0 0 1 -1 0 1 0 -1 0 1 0 0 0 0 0 -1 0 0 0 0 0 0 0 0 0 0 0 0 -1 0 0 0 -1 0 -1 0 0 0 0 0 -1 0 1 0 0 0 0 0 0 0 0 0 0 -1 0 0 1 0 0 0 0 0 0 0 0 -1 0 0 0 0 0 -1 0 -1 0 0 1 1 0 0 0 0 0 -1 1 0 0 0 0 0 0 -1 0 -1 0 0 1 0 -1 0 0 0 1 0 0 0 0 0 0 1 0 0 0 -1 0 -1 0 0 0 0 0 0 0 0 0 0 0 0 0 0 0 0 0 0 0 0 0 0 0 0 0 0 0 0 0 0 -1 1 0 1 0 -1 0 0 0 0 0 0 0 -1 
-1 0 0 0 0 -1 0 0 0 1 1 0 -1 0 0 0 -1 0 0 1 0 0 0 0 0 0 0 0 0 0 0 0 -1 0 -1 0 0 0 0 1 0 -1 1 0 0 0 -1 -1 -1 0 0 0 0 0 1 1 0 0 0 0 0 0 0 0 0 0 0 0 0 0 0 0 0 0 0 0 0 0 0 0 0 0 0 0 0 0 0 0 0 0 1 0 0 1 0 0 0 0 0 -1 0 0 0 0 0 1 0 0 0 0 0 0 0 0 0 1 -1 0 0 0 -1 0 0 0 0 -1 0 0 0 0 0 -1 0 1 0 0 0 0 0 0 0 0 0 0 1 0 0 0 0 -1 0 1 -1 0 0 0 0 0 0 0 1 0 0 0 0 0 0 0 0 0 0 0 0 1 0 0 0 0 0 0 0 0 0 0 0 0 0 0 0 0 0 1 0 0 0 0 0 -1 0 0 
1 -1 0 -1 0 0 0 0 0 0 0 0 1 1 0 1 0 0 0 0 0 0 1 0 0 0 0 0 0 0 0 0 -1 0 0 0 0 1 0 -1 0 0 0 -1 0 0 0 0 0 1 0 1 1 -1 0 0 0 0 0 0 0 1 0 -1 0 0 0 -1 0 0 0 0 1 0 0 1 0 0 0 0 0 -1 -1 0 0 -1 -1 0 0 0 0 0 0 -1 0 0 0 0 0 -1 0 1 0 0 0 1 0 0 0 0 0 0 0 -1 0 1 -1 -1 0 1 0 0 0 0 0 -1 0 1 0 1 0 0 0 0 0 1 0 0 0 0 0 -1 0 1 -1 0 0 0 0 0 0 1 0 0 -1 0 0 0 0 0 0 0 0 0 0 0 0 1 0 0 0 0 0 0 0 -1 0 0 0 0 -1 0 1 0 0 0 0 -1 0 0 1 0 1 1 0 0 -1 0 1 0 
0 0 0 0 0 -1 0 0 0 0 0 0 0 0 -1 -1 -1 0 0 0 0 0 0 1 0 -1 0 0 0 -1 -1 0 0 0 0 0 0 0 0 0 0 0 0 1 0 0 0 0 0 0 0 0 0 1 -1 0 0 0 1 0 0 0 0 1 0 0 0 1 1 0 0 0 -1 0 1 0 -1 0 0 0 0 0 0 0 0 1 1 1 -1 0 0 0 0 0 0 0 0 0 0 1 0 0 0 1 0 0 0 0 -1 0 0 0 0 0 0 0 0 0 0 0 0 0 0 0 0 0 0 0 0 0 0 0 0 1 0 0 0 1 1 0 0 0 0 1 0 0 0 1 0 -1 0 0 0 0 0 0 0 0 0 0 1 0 0 0 0 0 -1 0 0 -1 0 1 0 0 -1 0 0 0 1 0 0 0 0 0 0 0 0 0 0 0 0 1 0 0 0 0 0 0 0 0 
0 0 0 -1 0 0 0 -1 1 0 0 0 0 0 1 0 0 0 0 0 -1 0 0 0 0 0 0 0 0 0 0 0 0 -1 0 0 0 -1 0 1 0 0 -1 1 0 0 0 -1 0 1 1 0 0 0 0 0 0 0 0 0 0 0 0 -1 0 0 0 0 0 0 -1 0 1 0 0 0 0 1 1 1 0 0 0 0 0 0 0 0 0 0 0 -1 -1 0 0 0 0 -1 0 0 0 0 0 0 0 0 0 0 -1 0 0 -1 0 0 1 0 0 0 0 0 0 0 0 0 0 0 1 0 0 0 0 0 0 0 1 0 0 1 0 0 0 0 0 0 0 0 1 0 1 1 -1 0 1 0 -1 -1 0 -1 1 0 0 0 0 0 0 0 0 0 0 0 0 0 0 0 0 0 0 0 1 0 0 0 0 0 -1 0 0 1 0 -1 0 1 0 0 0 0 -1 -1 1 -1 
0 0 0 -1 0 1 0 0 0 0 0 0 0 0 0 0 0 0 0 0 0 -1 0 0 0 1 -1 0 0 0 0 -1 1 0 0 0 -1 0 0 1 0 0 0 0 0 -1 0 0 0 -1 1 1 0 0 0 1 0 0 0 0 0 0 1 0 0 0 0 0 0 0 0 0 0 0 0 0 0 0 0 0 0 0 0 0 -1 -1 -1 0 0 -1 0 0 0 0 0 0 0 0 0 0 0 0 1 0 0 0 -1 1 -1 -1 0 0 0 0 -1 0 0 0 0 0 -1 0 0 1 0 0 0 0 -1 0 0 0 0 -1 0 0 0 0 0 1 0 0 0 0 -1 0 0 0 0 -1 1 0 1 0 0 0 0 1 0 0 0 1 0 -1 0 0 1 0 0 0 0 0 1 -1 -1 0 0 -1 0 0 0 0 0 0 0 0 0 0 0 0 0 0 0 0 -1 0 0 0 0 0 
0 0 0 -1 0 0 0 0 0 0 0 0 0 0 0 1 0 0 0 0 0 0 0 0 0 1 0 0 0 0 0 0 0 -1 -1 0 0 0 1 0 0 0 0 0 0 0 -1 1 0 0 1 0 0 0 0 0 0 0 0 0 1 0 0 0 0 1 0 0 0 0 0 0 0 0 -1 0 0 0 -1 -1 0 0 0 0 0 0 0 0 0 1 0 0 0 0 0 0 1 0 1 0 0 0 0 0 0 0 0 1 0 0 -1 0 0 0 0 0 1 0 0 0 0 0 0 0 1 0 0 0 0 0 0 1 0 0 0 0 0 0 0 -1 0 0 0 -1 0 0 0 0 0 0 0 0 0 0 -1 0 0 0 0 1 0 1 0 -1 0 0 0 0 0 0 0 0 -1 0 0 0 0 0 0 0 0 0 0 0 0 -1 0 0 0 0 0 0 0 0 0 0 0 0 0 0 
0 0 0 1 0 1 0 0 0 0 0 -1 -1 0 0 0 1 0 0 0 0 0 0 0 0 1 0 0 1 0 0 0 0 0 0 0 0 0 0 -1 0 0 0 0 0 0 1 1 1 0 0 0 0 0 0 0 1 0 1 1 0 0 0 0 0 0 0 0 1 0 -1 1 0 -1 0 0 0 0 1 0 0 0 0 -1 1 0 0 0 0 0 0 0 0 1 1 0 0 0 -1 0 0 0 0 0 0 0 0 1 0 0 0 0 0 0 0 0 0 0 0 1 0 0 0 0 0 0 0 0 0 0 0 0 0 0 0 -1 0 0 0 0 0 0 0 0 0 0 0 0 0 0 0 0 0 0 0 0 0 0 0 0 0 1 0 -1 0 0 0 0 0 0 0 0 0 0 0 0 1 0 1 0 0 -1 0 0 0 0 0 0 0 -1 0 0 0 1 0 0 0 0 0 -1 
0 0 -1 0 0 0 1 0 0 0 0 0 0 0 0 0 0 0 0 0 0 -1 0 0 0 0 0 0 0 0 0 0 0 -1 0 0 1 1 0 0 0 0 0 0 -1 -1 0 0 0 0 0 0 0 0 0 0 0 -1 0 0 0 0 -1 0 0 0 1 0 0 0 0 0 0 0 0 0 0 0 0 0 0 0 0 0 0 0 0 -1 -1 0 1 0 0 0 0 1 1 -1 0 0 0 0 0 0 0 0 0 0 0 0 0 -1 0 0 -1 0 0 0 -1 1 1 0 0 0 1 0 0 1 0 0 0 0 -1 0 0 1 0 0 0 0 0 0 -1 0 0 0 0 1 0 0 0 0 0 0 0 -1 0 0 0 0 0 0 0 0 -1 1 0 0 0 0 0 0 0 0 0 0 0 1 0 0 0 0 0 0 0 0 -1 0 0 0 0 0 0 0 0 1 0 0 0 0 
-1 1 0 0 0 0 -1 0 0 0 0 0 1 0 0 0 -1 -1 0 0 -1 0 -1 1 -1 0 0 0 0 1 0 0 0 0 -1 0 0 1 0 0 -1 0 0 0 0 -1 -1 0 0 0 0 0 0 0 0 0 0 0 0 0 0 0 0 1 -1 0 0 0 0 0 0 -1 0 0 0 0 0 1 0 0 0 0 0 0 0 0 1 0 0 0 0 -1 0 0 0 0 0 0 0 0 0 0 0 0 0 0 0 0 0 0 0 0 0 0 0 0 0 0 0 0 -1 0 0 -1 0 0 0 0 0 0 0 0 0 -1 0 0 0 0 -1 1 0 1 0 0 0 0 0 -1 0 1 0 0 0 0 1 0 0 -1 0 0 0 0 0 0 0 0 0 0 0 0 -1 0 0 0 1 1 0 0 -1 0 1 0 0 0 0 0 0 0 0 0 0 0 0 -1 1 -1 0 0 0 0 
0 1 0 0 0 0 0 0 0 0 0 -1 0 -1 1 0 1 0 0 0 0 0 0 0 0 0 0 0 0 0 0 0 0 0 -1 0 -1 0 0 0 -1 0 0 0 1 0 -1 0 0 0 -1 0 0 0 0 0 0 0 0 0 1 0 0 1 -1 0 0 0 0 0 0 0 0 0 1 0 0 0 0 0 0 0 0 0 -1 1 -1 0 0 0 0 0 -1 -1 0 0 -1 0 0 -1 0 0 0 0 0 0 0 0 1 0 0 0 -1 1 0 0 0 -1 0 0 1 0 0 1 0 0 0 0 0 0 0 0 0 0 0 0 0 1 0 0 0 1 1 0 0 0 0 0 0 0 0 0 0 0 0 -1 0 0 -1 -1 0 -1 0 0 0 0 0 0 1 1 0 1 0 1 0 0 0 0 0 0 0 0 0 0 0 0 0 1 0 0 0 0 0 0 -1 0 0 0 0 0 
0 0 0 0 0 -1 0 0 1 0 1 0 0 0 0 0 -1 0 0 0 0 0 -1 -1 0 0 0 0 0 1 -1 0 0 -1 0 0 1 1 1 1 0 0 0 0 0 0 0 0 0 0 0 0 0 0 0 0 0 0 -1 0 0 0 0 0 0 -1 0 0 1 0 0 0 0 0 0 0 0 0 0 1 0 0 0 0 0 0 0 -1 0 0 0 0 0 0 -1 1 0 0 0 0 0 0 1 0 0 0 0 0 0 0 -1 0 -1 1 0 0 0 0 0 0 0 0 0 0 0 0 1 0 0 0 0 0 0 0 0 0 0 0 0 0 0 1 0 1 0 0 -1 0 1 0 0 0 0 0 0 0 0 1 0 0 0 0 0 0 -1 0 0 0 0 0 -1 -1 0 1 -1 0 0 0 0 0 1 0 0 0 0 0 0 1 1 1 0 0 0 0 0 0 0 1 0 0 
0 1 0 0 1 0 -1 0 0 -1 -1 0 0 0 0 0 0 0 0 0 0 0 0 0 0 0 -1 -1 0 0 0 1 0 1 -1 0 0 0 0 0 0 0 0 0 -1 0 0 -1 -1 0 0 0 0 0 0 0 0 0 -1 0 0 0 0 0 0 0 0 0 0 0 0 0 -1 0 0 0 0 0 -1 0 0 0 0 -1 0 0 1 0 0 0 -1 0 -1 0 0 0 0 0 0 0 0 0 0 0 0 0 0 0 0 0 1 0 0 0 0 0 1 0 0 0 -1 0 0 0 0 1 1 0 0 0 0 0 0 0 0 -1 -1 0 0 0 0 0 0 0 0 0 0 1 1 0 0 0 0 1 -1 1 0 0 0 -1 0 0 0 1 -1 0 0 0 0 0 0 -1 0 0 0 0 -1 0 0 0 0 -1 -1 0 0 0 0 0 0 0 0 0 -1 0 0 0 0 0 0 0 
0 0 0 0 0 0 0 0 -1 0 1 0 1 0 0 0 0 0 1 0 0 1 -1 0 0 0 0 0 0 0 0 0 0 0 0 -1 0 0 0 0 0 0 0 0 0 1 0 0 0 0 0 -1 0 0 1 0 0 0 0 0 0 0 0 0 0 0 0 -1 0 1 0 0 0 0 0 0 0 0 0 0 0 0 0 0 0 0 0 0 0 0 0 0 0 0 0 0 0 0 0 0 0 0 0 1 0 0 0 0 0 0 1 0 0 0 0 0 0 0 0 0 0 0 0 0 1 -1 -1 0 0 0 0 0 0 0 -1 0 0 0 0 -1 0 0 0 0 0 0 0 0 0 0 0 0 0 0 0 0 0 0 0 0 0 0 1 0 1 -1 0 0 0 0 0 0 0 0 0 0 0 0 0 1 0 0 0 0 0 0 0 0 0 0 0 0 1 0 0 0 0 0 0 0 
0 0 0 0 0 0 0 0 0 0 0 0 -1 0 0 0 -1 0 0 0 0 0 0 0 0 0 -1 0 -1 0 0 0 0 0 0 0 0 -1 0 0 0 0 0 0 0 0 0 0 0 -1 0 0 1 -1 -1 0 0 0 0 0 0 0 0 0 0 0 0 0 0 -1 0 0 0 1 0 0 0 0 0 0 0 0 0 0 -1 0 0 0 0 0 0 1 0 1 0 0 0 0 1 0 -1 0 0 0 0 0 0 0 0 0 0 0 0 0 0 0 1 1 0 -1 0 -1 -1 0 1 0 1 0 0 0 0 0 0 0 0 0 1 0 0 1 0 1 0 0 0 0 0 0 0 -1 0 0 1 0 1 0 0 -1 0 0 0 0 0 0 0 -1 1 0 0 0 0 -1 1 0 0 0 0 -1 0 0 0 0 0 0 0 -1 0 0 0 0 0 0 0 -1 0 1 0 0 1 0 
0 0 0 -1 0 0 0 0 0 0 0 0 0 0 0 1 0 0 0 0 0 0 0 0 0 0 0 -1 0 1 0 0 0 0 0 0 0 0 0 0 1 0 0 -1 0 0 0 0 -1 0 -1 1 0 0 0 0 0 0 0 0 0 0 0 -1 1 0 0 -1 0 -1 0 0 0 -1 0 0 0 1 0 0 0 0 0 0 0 0 0 0 0 0 1 0 0 0 0 0 0 1 0 0 0 0 0 0 0 0 0 -1 0 0 0 0 0 0 0 0 0 0 0 0 0 0 0 0 0 0 0 0 0 0 0 0 0 0 0 1 0 0 0 0 0 0 0 1 0 0 1 0 0 0 0 0 0 -1 0 0 0 0 -1 0 0 0 0 -1 0 -1 0 0 0 0 -1 0 -1 0 0 0 0 0 0 0 0 0 0 0 0 0 1 0 0 0 0 1 0 0 1 0 -1 0 -1 1 
0 0 0 0 0 -1 0 0 0 0 -1 0 0 0 0 0 0 0 -1 1 0 0 0 -1 0 0 0 0 1 0 0 0 0 0 0 1 0 0 0 0 0 0 0 0 0 0 0 0 0 0 0 0 0 0 0 0 0 0 0 0 0 -1 0 0 1 0 0 0 -1 -1 0 -1 0 1 0 1 0 -1 0 0 0 1 0 0 1 0 0 0 0 -1 0 0 1 0 0 0 0 0 0 0 0 0 0 0 0 1 0 0 -1 0 -1 0 0 0 -1 0 0 0 0 0 0 0 1 0 0 0 0 0 0 0 1 0 0 0 1 -1 0 0 0 0 -1 0 0 1 0 1 0 0 0 -1 0 0 0 0 0 0 1 0 0 0 0 0 0 -1 0 1 0 0 0 0 0 -1 0 0 0 0 0 0 -1 -1 0 0 0 0 0 0 0 0 0 0 1 0 0 0 0 0 0 0 0 0 

7 10 10 4 8 5 1 6 4 3 10 10 4 8 1 6 7 3 3 10 6 4 7 3 7 7 4 6 8 4 1 2 1 7 5 2 6 3 9 1 4 8 8 7 1 7 8 8 2 4 4 8 4 1 8 2 2 9 4 2 2 9 1 9 9 10 2 4 1 3 3 4 7 5 5 10 6 4 4 10 3 4 10 5 10 8 5 4 1 5 5 5 1 3 5 2 7 8 10 6 