20 40
1 0 0 -1 0 -1 0 0 1 0 0 0 0 0 0 1 -1 0 0 0 1 0 0 0 1 0 0 0 0 0 -1 1 0 0 -1 0 0 0 -1 0 
0 0 -1 0 -1 0 0 0 0 0 0 0 0 0 0 0 0 0 0 0 0 0 0 0 -1 1 0 1 0 0 0 0 0 0 -1 0 0 1 0 1 
0 0 0 0 0 0 0 0 0 0 0 0 0 -1 -1 0 -1 0 0 -1 0 -1 0 1 0 0 0 0 0 0 0 0 0 0 0 0 0 0 0 0 
0 0 0 0 -1 0 0 0 0 0 0 0 0 0 0 0 0 0 0 0 0 0 -1 -1 0 0 0 0 0 1 0 -1 0 0 0 1 0 0 -1 0 
0 0 0 0 0 0 0 0 -1 1 0 0 0 0 -1 -1 1 0 0 0 0 0 0 0 1 -1 0 1 0 0 0 0 0 0 0 -1 0 -1 0 0 
0 0 0 0 0 1 -1 0 -1 0 0 0 -1 0 0 -1 -1 0 0 0 0 0 0 0 0 0 0 -1 0 0 0 0 0 0 0 0 0 0 1 0 
0 1 0 0 1 -1 0 0 0 0 0 0 0 0 0 -1 0 0 0 0 1 0 0 0 0 1 1 0 0 0 0 0 0 0 0 0 0 1 0 0 
1 0 -1 0 0 0 0 0 0 0 0 -1 -1 0 0 0 0 0 0 0 0 0 -1 0 0 1 0 0 0 0 0 -1 0 0 0 1 0 0 0 0 
0 -1 0 0 0 1 0 0 0 0 0 0 0 0 0 -1 0 0 -1 1 0 0 0 0 0 0 0 1 0 0 0 0 0 0 0 0 1 0 0 0 
0 0 0 0 0 -1 0 0 0 0 0 1 0 -1 -1 0 0 1 0 -1 0 0 0 0 0 0 0 0 0 0 0 0 0 0 0 0 1 0 0 0 
0 0 -1 0 0 0 0 1 0 0 0 0 0 0 0 0 0 0 0 0 0 0 0 0 0 -1 0 0 0 0 0 0 -1 0 0 0 0 -1 0 0 
0 0 0 0 0 0 0 1 -1 0 1 1 -1 0 -1 0 0 1 0 0 0 0 0 1 0 0 0 1 -1 0 0 0 0 0 0 0 0 0 1 0 
0 0 1 0 0 0 -1 1 0 0 1 0 0 0 0 0 0 0 0 0 0 -1 -1 0 0 -1 1 0 -1 1 1 0 0 0 0 0 0 0 1 0 
0 0 0 0 -1 0 0 0 0 0 0 0 0 0 0 0 0 0 0 0 0 1 0 -1 0 1 -1 0 0 0 0 0 -1 0 0 0 1 0 -1 1 
1 0 0 -1 0 0 0 -1 0 0 0 1 0 0 0 0 0 0 1 0 0 0 0 0 0 1 1 1 0 0 0 0 0 1 -1 0 0 0 -1 0 
1 1 0 0 0 0 0 0 0 0 0 0 1 0 0 0 1 0 0 0 -1 -1 0 0 0 0 0 0 0 -1 0 0 0 1 -1 0 0 0 1 0 
0 1 0 0 0 0 0 1 -1 1 0 0 0 0 1 0 -1 1 0 0 0 -1 0 0 -1 0 0 0 0 0 0 0 0 0 0 0 -1 0 0 0 
0 1 0 0 -1 1 0 0 0 1 -1 0 -1 0 0 0 -1 1 1 0 0 -1 0 0 0 0 0 1 0 0 0 0 0 0 0 -1 0 0 0 0 
0 0 0 0 1 0 0 0 0 -1 0 0 0 0 0 0 0 0 0 0 0 0 0 0 0 0 0 0 -1 0 0 0 -1 0 0 0 0 0 0 0 
0 -1 0 0 0 0 -1 0 1 0 0 0 0 0 1 0 0 0 1 0 0 1 0 0 1 0 -1 0 0 0 0 0 0 0 0 0 0 1 0 0 

3 7 8 4 8 4 10 3 8 5 7 5 6 4 8 4 10 10 1 9 