100 200
0 0 0 0 0 0 0 1 0 0 0 0 0 0 0 0 0 0 0 0 0 0 0 0 1 0 0 0 0 0 0 0 0 0 0 0 -1 0 0 0 0 0 0 0 0 0 0 0 -1 1 0 0 0 0 0 -1 0 0 0 0 0 0 0 0 -1 0 1 0 0 0 1 0 1 0 -1 0 -1 0 0 0 1 0 -1 0 0 0 0 0 0 0 0 0 0 0 0 0 0 1 0 0 0 0 0 0 -1 0 0 0 0 0 0 0 0 0 0 0 0 0 0 0 0 0 0 0 -1 -1 0 0 0 1 0 -1 0 0 0 0 0 0 0 0 1 0 0 0 0 -1 0 0 0 1 0 0 0 0 0 0 0 0 0 0 1 0 0 0 -1 0 0 -1 0 1 0 0 0 0 0 0 0 -1 0 0 0 0 0 0 0 0 0 0 0 0 0 0 0 0 1 0 0 1 0 0 
-1 0 0 0 0 0 1 -1 -1 0 0 0 0 0 0 1 0 1 0 0 0 0 0 0 0 -1 0 -1 1 0 0 -1 0 0 0 0 1 0 0 1 0 0 0 0 0 0 0 -1 0 0 0 0 0 0 -1 0 0 0 0 0 0 0 0 0 0 0 0 0 0 0 0 0 0 0 0 0 1 0 0 0 0 -1 -1 0 -1 1 1 0 0 0 0 0 -1 1 0 0 0 0 0 -1 0 0 0 0 0 0 0 1 0 0 0 -1 -1 0 0 0 0 0 0 1 0 0 -1 0 0 0 0 0 0 0 0 0 0 0 -1 0 0 0 0 0 0 0 -1 0 0 1 0 0 0 0 0 0 -1 0 0 0 0 -1 0 0 0 1 0 0 0 -1 0 0 0 0 0 0 0 0 0 0 -1 0 0 0 -1 1 0 0 1 1 1 0 0 0 1 0 0 0 1 0 1 0 0 0 
0 0 1 1 0 0 1 0 0 0 0 0 0 0 0 0 0 0 0 0 0 0 0 0 0 0 0 0 0 0 0 1 0 0 0 1 0 1 0 0 0 0 0 0 -1 0 0 0 0 0 0 1 1 0 0 0 0 0 0 0 0 -1 0 0 0 0 0 0 0 -1 0 0 -1 0 -1 0 0 0 0 0 -1 0 0 0 1 0 -1 1 0 0 0 0 0 0 0 1 0 1 -1 0 0 0 1 0 0 0 0 0 0 0 0 0 0 0 0 0 1 0 0 0 1 0 0 0 1 0 -1 0 0 0 0 0 0 0 0 0 -1 0 0 0 -1 0 0 -1 1 0 0 0 0 0 -1 0 0 0 0 0 0 0 0 0 0 0 0 0 0 -1 0 0 0 0 0 0 0 -1 0 0 -1 0 -1 0 -1 -1 1 0 0 0 1 0 0 0 0 0 0 0 1 0 1 0 -1 0 
0 0 0 0 0 0 0 0 -1 0 0 1 0 0 0 0 0 0 0 0 0 0 0 0 0 0 0 0 1 0 1 0 0 0 1 0 0 0 0 -1 0 0 0 0 -1 0 0 0 0 0 0 0 0 0 0 -1 0 0 0 0 0 0 -1 0 0 -1 0 0 0 0 0 0 -1 0 1 0 -1 0 0 0 0 0 0 0 1 0 0 0 -1 0 0 1 -1 -1 -1 0 0 0 -1 0 0 0 0 0 0 0 0 0 -1 0 0 0 0 0 0 -1 0 0 0 0 -1 0 1 0 0 1 0 0 -1 0 0 0 -1 0 0 0 0 0 0 0 0 0 0 0 0 0 0 0 0 0 0 -1 0 0 0 0 -1 0 0 0 0 0 0 0 0 0 1 0 0 0 0 0 0 0 1 0 -1 -1 0 0 0 0 1 0 0 0 0 -1 0 0 0 0 1 0 1 0 -1 0 0 0 
0 0 1 0 0 0 0 0 1 0 0 0 0 1 0 0 0 0 0 -1 0 0 0 0 0 0 0 0 0 0 1 1 -1 0 0 0 0 -1 0 0 0 0 0 0 0 0 0 0 -1 0 0 0 0 0 0 0 0 0 0 0 0 0 0 0 1 0 0 0 1 0 0 -1 0 0 0 0 1 0 -1 0 0 0 0 0 0 1 0 0 0 0 1 -1 0 0 0 0 0 0 0 1 0 0 0 0 1 -1 0 0 0 -1 0 0 0 -1 0 0 0 -1 0 0 0 1 0 0 1 0 0 0 0 0 0 0 0 0 1 1 1 0 0 0 0 1 0 0 0 0 0 0 0 0 0 0 0 0 0 0 0 1 0 0 -1 0 0 0 -1 0 0 0 0 0 0 0 0 0 0 0 1 0 0 1 0 1 0 0 0 0 0 0 0 0 0 -1 -1 0 0 0 0 0 0 0 
0 0 -1 -1 0 1 0 0 0 0 0 0 0 0 0 1 0 0 0 0 0 0 0 1 0 1 0 0 -1 0 -1 0 0 0 0 0 0 0 0 0 0 0 0 1 0 0 0 0 0 0 0 0 0 -1 0 0 0 0 -1 0 1 0 1 0 0 1 0 0 0 0 0 0 0 0 0 0 0 0 0 0 0 0 0 0 0 0 -1 1 0 0 0 0 0 0 0 0 0 1 0 -1 0 0 0 0 1 0 1 0 -1 0 0 0 0 0 0 0 -1 0 0 -1 0 0 0 0 0 0 0 0 -1 0 0 0 0 0 0 0 0 0 0 0 0 -1 0 -1 0 0 0 0 -1 0 0 -1 0 -1 0 0 0 0 0 0 0 1 0 0 -1 -1 0 0 0 0 0 0 0 0 0 0 0 0 0 0 0 0 0 0 0 0 0 0 0 0 0 0 0 0 1 0 0 0 0 0 
0 0 0 0 0 0 1 0 0 1 0 -1 0 0 0 -1 0 0 0 0 0 0 0 0 0 -1 1 0 0 1 0 0 0 0 0 1 0 0 -1 0 1 0 0 1 1 0 0 0 0 0 0 0 0 0 0 0 0 0 0 0 0 0 0 0 0 -1 0 0 0 0 0 -1 0 -1 0 0 0 1 0 -1 -1 0 0 0 0 0 0 0 -1 -1 0 0 1 0 0 0 0 0 0 1 -1 0 0 0 -1 0 0 0 0 0 -1 -1 0 0 0 0 1 0 -1 0 0 0 0 -1 1 0 0 0 0 0 1 0 -1 0 0 0 0 0 1 -1 0 0 -1 1 -1 0 0 0 0 1 0 0 0 0 1 0 0 0 -1 0 0 0 1 0 0 0 1 1 0 0 0 0 0 0 1 0 0 0 0 0 0 0 0 1 0 1 -1 0 0 0 1 0 1 0 -1 0 -1 1 0 -1 
-1 0 0 1 0 0 0 0 0 0 0 -1 0 0 0 0 0 0 0 0 1 0 0 0 0 0 0 0 0 0 -1 0 0 0 0 0 0 0 -1 0 0 0 0 0 -1 1 0 0 0 0 0 0 0 0 -1 0 0 0 0 0 1 0 0 0 0 1 0 0 0 0 0 0 -1 0 0 0 -1 0 0 0 1 0 0 0 0 0 0 0 0 0 0 -1 0 -1 -1 -1 0 0 -1 -1 0 0 0 0 0 1 1 0 0 0 0 0 0 0 0 0 0 0 0 1 0 0 1 0 0 0 1 0 0 -1 0 0 0 0 0 -1 1 0 1 0 0 0 0 1 0 0 -1 0 -1 0 0 0 0 1 0 0 0 0 0 0 0 0 1 0 0 1 0 0 0 0 0 0 0 0 0 0 -1 0 1 0 0 0 0 0 0 0 0 0 1 0 0 0 0 0 0 0 0 0 0 0 
0 0 0 0 0 0 0 0 0 1 0 0 0 0 0 0 0 0 0 -1 0 0 0 0 -1 0 0 0 0 0 1 1 0 1 0 0 0 0 0 0 0 -1 0 0 0 0 0 0 0 1 1 0 0 1 -1 1 0 1 0 0 0 -1 0 0 0 0 0 0 -1 1 0 0 0 -1 -1 0 -1 1 1 0 0 0 0 0 1 1 0 0 -1 0 0 1 0 0 0 0 0 0 0 -1 1 0 -1 0 0 1 0 0 0 0 0 0 0 0 0 1 0 0 0 -1 0 0 -1 0 0 0 0 0 0 0 0 0 0 1 0 0 0 0 0 1 -1 0 0 0 1 0 0 1 0 0 0 0 0 0 -1 0 0 1 0 1 0 0 0 0 -1 -1 -1 0 1 0 1 0 -1 -1 -1 0 0 -1 0 0 0 -1 0 0 0 0 0 0 0 0 0 -1 0 0 0 0 0 0 0 1 
0 0 0 0 0 -1 0 -1 0 0 0 -1 0 0 0 0 0 0 0 0 0 0 0 0 0 0 0 0 0 0 0 0 0 0 1 -1 0 0 0 0 -1 0 0 -1 0 0 0 -1 -1 -1 0 -1 0 1 0 0 0 0 0 0 0 0 1 0 1 0 0 0 0 0 0 1 0 1 0 0 0 0 0 1 0 0 -1 0 0 0 0 -1 0 0 0 0 0 0 0 0 1 -1 -1 0 0 -1 0 0 0 -1 0 1 0 0 0 0 1 0 0 0 0 0 0 0 0 0 0 0 -1 0 0 0 0 0 1 0 0 1 0 0 0 0 0 0 0 0 0 0 0 0 0 0 0 0 0 -1 1 0 0 0 0 0 0 0 0 1 0 0 0 0 0 0 0 1 -1 -1 0 0 0 -1 0 0 -1 0 0 0 0 0 0 0 0 0 -1 0 0 0 -1 0 0 0 1 0 0 1 
0 0 0 0 0 0 0 0 0 -1 0 0 -1 1 0 0 0 0 0 0 0 0 0 1 0 -1 0 1 0 1 -1 1 1 0 0 0 0 0 0 -1 0 0 0 1 -1 0 0 0 0 1 -1 0 0 -1 -1 -1 0 0 0 0 0 0 1 0 0 0 -1 0 0 0 0 1 1 0 0 0 0 -1 1 0 0 -1 0 1 0 0 0 -1 -1 0 0 0 0 0 0 0 0 0 1 0 0 0 0 0 0 0 0 0 0 0 0 0 0 0 0 0 0 1 0 0 -1 0 0 0 0 0 0 0 1 -1 0 0 0 0 0 0 0 0 0 0 0 0 0 0 0 0 0 -1 1 0 1 0 0 0 0 0 0 0 0 1 0 -1 0 0 1 0 0 -1 -1 1 0 0 0 0 1 0 0 0 0 0 0 0 0 0 0 0 -1 1 0 0 0 0 0 0 0 0 0 0 0 0 
0 -1 0 0 0 0 1 0 0 0 0 0 0 0 0 -1 0 0 1 1 0 1 0 0 0 0 1 0 0 -1 0 0 0 0 0 -1 0 0 0 0 0 0 1 0 1 0 0 -1 1 0 0 0 0 0 0 0 0 0 -1 0 0 0 0 0 -1 0 0 0 0 0 0 0 0 0 0 0 0 1 0 0 0 0 -1 0 1 1 0 0 0 0 0 0 -1 0 0 0 0 0 -1 0 0 1 -1 -1 -1 0 0 0 0 0 1 0 0 0 0 0 0 0 1 0 -1 0 0 0 0 0 -1 -1 0 0 0 0 0 0 0 0 0 0 0 0 0 1 1 -1 0 0 0 0 0 0 0 0 0 0 0 -1 0 0 0 0 0 -1 0 0 1 -1 0 0 0 -1 0 0 0 1 0 -1 0 -1 0 1 0 1 0 0 0 0 0 1 -1 0 0 0 0 0 0 0 0 0 -1 0 
0 -1 1 0 -1 1 0 -1 0 0 0 0 0 0 1 0 0 -1 0 1 0 -1 0 1 0 0 0 0 0 0 0 0 0 0 -1 0 0 0 0 0 0 0 0 0 0 1 1 0 0 0 0 0 0 0 -1 0 0 0 0 0 0 0 0 0 -1 1 0 0 0 -1 0 0 0 0 0 0 0 0 0 0 0 0 0 0 0 0 -1 0 -1 0 0 0 0 0 0 0 0 0 0 0 0 0 0 0 0 0 0 0 0 0 0 0 0 0 0 0 0 0 0 0 0 1 0 -1 0 0 0 0 0 0 0 0 -1 0 0 1 0 0 1 0 0 0 0 0 0 0 0 0 0 0 0 0 0 0 0 0 0 0 0 -1 0 0 0 0 0 -1 0 0 -1 0 -1 0 0 0 0 0 1 0 0 0 1 0 0 0 0 0 0 -1 0 0 0 -1 0 0 -1 0 0 0 0 0 
0 0 0 0 0 0 0 0 -1 0 1 0 0 0 1 0 0 0 0 0 0 0 -1 0 0 0 0 0 0 -1 0 0 0 1 0 0 0 0 0 0 0 0 -1 0 1 0 -1 0 0 0 1 0 0 0 0 0 0 1 0 0 0 0 -1 0 1 0 0 -1 0 0 0 0 0 0 0 0 0 0 -1 0 -1 0 1 1 0 0 0 0 0 0 0 0 0 0 0 1 0 0 0 0 0 0 1 0 -1 0 0 0 0 0 0 0 0 1 0 0 0 0 1 -1 0 0 0 0 0 0 0 -1 1 0 0 0 0 0 0 1 0 0 -1 0 0 0 0 0 0 0 0 0 0 0 0 0 0 1 -1 0 0 0 1 0 0 0 0 0 0 -1 1 0 0 0 0 1 0 0 0 0 0 0 0 0 0 0 -1 1 0 0 0 0 -1 0 0 0 0 0 0 0 0 0 0 1 
0 0 0 0 0 0 1 0 0 0 1 0 0 -1 0 0 0 0 0 0 0 0 0 0 -1 0 0 0 0 0 -1 1 0 0 0 0 1 -1 0 1 0 0 0 0 0 0 0 0 0 0 0 -1 0 0 0 0 -1 0 0 1 0 0 0 0 0 0 -1 -1 0 0 0 0 -1 0 0 0 0 0 0 -1 0 -1 0 -1 0 0 0 0 0 0 -1 0 0 0 0 0 -1 0 0 0 0 0 0 0 -1 1 0 1 0 1 0 -1 -1 0 0 0 0 0 1 0 0 -1 0 0 1 0 0 0 0 0 0 0 1 0 0 0 0 0 1 -1 0 0 0 0 0 0 -1 0 0 0 0 0 0 0 0 0 0 -1 0 0 0 0 0 0 0 0 0 0 0 1 0 0 0 0 0 0 0 0 0 0 0 0 0 0 0 0 0 1 0 0 0 0 0 0 0 0 -1 0 -1 0 
0 -1 0 1 0 0 0 -1 0 1 0 0 0 -1 0 0 1 0 0 -1 -1 1 1 0 0 0 0 0 0 0 1 0 0 0 0 0 0 0 0 0 0 1 0 0 0 0 0 -1 0 1 0 0 0 0 0 0 0 0 0 0 0 0 0 0 0 0 0 1 0 0 0 0 0 0 0 0 0 1 1 0 0 0 0 0 -1 1 0 0 0 0 -1 0 0 0 0 -1 0 -1 0 0 0 0 0 1 0 0 0 -1 0 0 0 0 1 0 0 -1 0 0 0 1 -1 0 0 0 1 0 0 0 0 0 0 0 0 0 0 1 0 0 0 0 0 0 0 0 0 0 1 -1 0 0 0 -1 0 0 0 1 0 -1 0 0 0 -1 1 0 0 0 0 0 0 0 0 0 -1 0 0 0 0 0 0 1 0 0 0 -1 0 -1 0 0 0 -1 -1 0 0 0 0 0 0 0 0 0 
0 -1 0 0 0 0 -1 -1 0 0 0 0 0 1 0 0 1 0 0 -1 0 0 0 0 0 0 0 0 -1 0 -1 0 0 0 0 0 0 0 0 0 0 0 0 1 0 0 0 0 0 0 0 -1 0 0 -1 -1 1 0 0 0 0 0 0 1 0 -1 0 0 0 0 0 0 0 0 0 0 0 -1 0 0 0 0 1 0 0 1 0 0 0 0 -1 0 0 -1 0 0 0 0 1 0 0 1 0 0 0 0 0 0 0 0 1 1 0 0 0 0 0 0 0 1 0 0 0 0 0 0 0 0 0 0 1 0 1 0 0 0 0 1 0 0 0 1 0 -1 0 0 0 0 0 0 0 0 0 0 0 0 1 1 0 0 0 0 0 0 0 0 0 0 1 0 0 0 -1 0 0 0 0 -1 0 -1 0 -1 0 1 0 0 0 0 0 0 0 0 -1 0 1 0 -1 0 0 1 
0 0 0 0 0 0 0 0 -1 0 0 0 0 -1 0 0 -1 0 0 0 0 0 0 0 -1 0 0 0 0 0 -1 0 0 0 0 0 1 0 0 0 0 0 0 0 0 0 0 -1 0 0 0 0 1 0 0 0 0 0 0 0 0 -1 0 1 0 0 -1 0 0 1 -1 0 0 0 0 0 0 0 0 -1 0 0 -1 0 0 0 0 1 0 0 0 0 0 0 0 1 1 0 0 0 -1 0 0 0 0 0 0 0 0 -1 -1 0 0 -1 0 1 0 0 0 0 0 -1 0 0 0 0 0 0 0 0 0 0 0 -1 0 0 0 0 0 0 0 0 0 0 0 0 1 0 0 0 0 0 0 0 0 0 0 0 0 1 0 1 0 1 0 1 0 -1 1 0 -1 0 0 0 -1 0 -1 0 0 0 0 0 -1 0 0 0 0 0 0 0 1 0 0 0 0 0 0 0 0 0 
0 0 0 0 1 0 -1 0 0 1 -1 0 -1 0 0 1 0 -1 0 0 0 0 1 0 0 0 -1 0 0 0 0 0 0 0 -1 0 -1 0 0 0 0 0 0 0 0 0 -1 0 0 0 -1 0 0 0 0 0 0 0 0 0 0 0 0 1 0 0 1 0 0 0 0 0 -1 0 0 -1 0 0 0 0 0 0 0 0 0 0 0 1 0 0 0 0 0 -1 0 0 0 0 0 0 0 0 0 0 0 0 0 0 0 0 0 0 0 0 0 0 0 0 0 1 0 0 0 0 0 0 0 0 0 0 0 0 -1 0 0 0 1 0 0 -1 0 0 -1 0 1 0 0 0 0 0 -1 -1 0 -1 0 0 0 0 1 1 0 0 0 0 0 0 0 -1 0 0 0 0 0 0 0 0 0 0 0 0 1 0 0 -1 0 0 0 0 0 0 0 0 0 0 0 -1 0 -1 0 0 
0 0 0 -1 0 -1 0 0 0 0 1 0 0 0 0 0 0 0 0 0 0 0 0 0 0 0 0 0 0 0 0 0 0 0 0 0 0 0 0 1 0 1 0 1 0 0 0 0 0 1 0 0 0 0 -1 0 1 0 -1 0 0 0 -1 0 0 0 0 0 0 0 -1 0 0 1 0 1 0 0 -1 0 0 0 -1 1 0 0 0 0 0 0 0 1 -1 0 0 0 0 0 0 0 0 0 -1 0 0 0 -1 0 0 0 0 0 1 0 0 0 0 1 0 -1 0 0 0 0 -1 0 -1 0 1 0 0 0 0 0 0 0 0 0 0 0 0 0 0 0 1 0 0 0 0 0 -1 1 0 -1 -1 0 0 -1 0 0 0 0 0 0 0 1 0 1 -1 0 0 0 1 1 0 0 0 0 0 0 0 0 0 0 0 0 0 0 0 0 0 0 0 0 1 1 0 -1 0 0 
0 0 0 0 1 -1 1 0 0 0 0 0 0 0 1 0 0 0 0 0 0 0 0 0 0 0 0 0 0 0 1 0 -1 0 0 0 0 0 0 0 -1 1 0 1 1 0 0 -1 0 0 1 0 0 0 0 0 -1 -1 0 0 0 1 0 0 0 -1 0 0 0 0 0 0 0 0 0 0 0 0 -1 0 0 1 1 0 0 0 1 0 1 1 0 0 0 0 0 0 0 1 0 0 0 0 0 0 1 1 0 0 -1 0 0 0 0 0 0 0 0 1 0 0 0 0 0 0 1 0 0 0 0 0 0 0 0 0 0 -1 0 0 0 0 0 0 0 0 0 0 0 0 0 -1 1 0 0 0 -1 1 0 0 0 1 0 0 1 0 -1 0 0 1 0 0 0 0 1 -1 0 0 1 0 1 0 -1 -1 0 0 -1 1 0 0 1 0 0 1 0 0 -1 0 0 0 0 -1 
0 0 0 0 0 0 0 -1 0 1 0 0 0 0 0 0 0 0 0 1 0 0 0 0 0 0 0 0 0 1 0 0 0 0 0 0 0 0 0 1 0 -1 0 1 0 1 -1 0 0 0 0 1 0 0 0 0 0 1 0 0 0 0 0 1 0 0 -1 0 -1 0 0 0 0 -1 1 0 0 0 0 0 0 1 0 0 0 0 0 1 0 0 0 0 0 0 0 0 0 0 -1 1 0 0 0 0 0 0 0 0 0 0 1 0 0 0 0 0 0 0 0 0 0 0 0 0 0 0 0 0 0 0 0 1 0 0 1 0 0 0 0 -1 0 0 0 0 0 0 0 0 0 0 1 0 0 0 0 0 0 0 0 1 1 0 0 0 0 0 0 0 0 0 0 0 0 0 0 0 0 0 0 0 0 0 0 0 0 0 0 0 0 1 1 0 0 0 0 1 0 0 0 0 
0 0 0 0 0 0 0 0 0 -1 0 0 0 1 0 0 0 1 0 0 0 0 0 -1 0 0 0 0 0 1 0 0 0 0 0 0 0 0 0 0 0 0 -1 0 -1 1 0 0 0 0 0 0 1 1 0 0 0 0 0 0 0 0 0 0 0 0 -1 0 1 -1 0 0 0 0 0 1 1 0 0 1 0 0 0 0 0 0 0 -1 0 0 0 0 0 0 0 -1 0 0 0 -1 0 0 0 0 -1 0 -1 0 0 0 0 0 0 0 1 -1 -1 0 0 0 0 0 0 0 0 0 -1 0 0 0 0 0 0 -1 0 0 0 -1 0 -1 0 0 0 0 0 -1 0 -1 0 1 1 0 -1 0 0 0 0 0 0 -1 0 -1 0 0 -1 0 0 0 0 0 0 0 0 0 -1 0 0 0 0 0 1 0 -1 0 0 0 0 1 -1 -1 0 0 0 0 0 0 0 0 0 0 
1 0 0 0 0 -1 1 0 -1 0 0 0 0 0 0 1 0 -1 -1 0 -1 0 1 0 0 0 0 0 0 -1 0 0 0 0 -1 0 -1 0 0 0 1 0 0 0 1 0 -1 1 0 0 0 0 0 0 0 0 0 0 0 0 0 0 0 0 0 0 0 0 0 0 0 1 0 0 0 0 -1 0 0 0 -1 0 0 0 0 1 0 0 0 0 0 0 1 0 0 0 -1 0 1 0 0 0 0 -1 0 -1 0 -1 1 -1 0 -1 0 0 1 0 0 0 0 1 0 0 0 0 0 0 0 0 0 1 1 0 0 0 0 0 0 0 0 0 -1 0 0 0 -1 0 0 0 1 0 1 0 0 0 0 1 0 0 0 0 0 0 0 0 0 1 0 0 1 0 0 0 0 0 0 0 0 1 0 0 0 0 0 0 -1 1 0 0 0 0 0 0 0 0 0 0 0 0 0 0 
0 0 0 0 0 0 1 0 0 -1 0 0 0 0 0 -1 0 1 0 -1 0 0 0 0 0 0 0 0 0 0 0 -1 0 0 0 0 0 -1 0 0 0 0 1 0 0 0 -1 -1 0 0 0 0 0 1 0 0 0 0 0 0 0 0 0 0 0 0 0 0 0 -1 0 0 0 0 0 0 0 1 0 1 0 0 0 1 0 -1 -1 0 1 0 0 0 0 1 0 0 -1 0 0 -1 0 1 0 1 0 0 0 0 0 0 -1 0 0 0 0 0 0 0 0 0 0 -1 -1 0 0 -1 -1 0 0 -1 0 0 1 0 0 0 0 1 0 0 0 0 0 0 0 0 0 0 0 0 0 0 0 0 0 -1 0 0 0 0 0 0 0 0 1 1 0 0 0 0 0 0 0 0 0 0 0 0 0 0 0 0 0 0 0 0 1 -1 0 0 1 -1 0 0 0 0 0 -1 0 -1 
0 0 0 0 0 0 0 0 0 0 0 1 0 0 0 0 0 0 0 0 0 1 0 -1 0 0 0 0 0 1 -1 0 0 -1 0 0 0 0 0 0 0 0 0 -1 0 0 0 0 0 0 0 0 0 0 0 0 0 0 0 0 0 0 0 1 0 -1 0 0 0 -1 -1 0 0 1 0 0 0 -1 -1 0 0 0 0 -1 -1 0 0 0 -1 0 0 0 0 0 0 0 0 0 0 0 0 0 0 0 1 0 0 0 0 -1 0 1 0 0 0 1 0 0 0 1 0 0 0 -1 0 1 0 0 0 0 0 0 1 0 0 0 0 0 0 0 0 0 -1 -1 0 0 0 0 0 0 0 0 0 -1 0 0 1 0 0 0 0 0 0 0 1 0 0 0 0 0 0 1 0 -1 0 0 0 0 -1 0 0 0 0 0 0 0 -1 0 0 0 -1 0 0 0 0 0 -1 0 0 0 
1 1 0 -1 1 0 0 0 -1 0 0 0 0 1 0 0 -1 0 0 0 0 0 0 0 0 0 0 0 0 0 0 0 0 0 1 0 0 1 0 0 0 0 0 0 0 0 0 0 0 0 0 0 -1 0 0 0 0 0 0 0 0 -1 0 0 0 0 0 0 1 0 0 -1 0 0 -1 0 0 0 0 0 0 -1 0 0 -1 0 0 0 0 1 -1 -1 0 0 0 0 0 0 -1 0 0 0 -1 0 0 0 0 0 0 0 0 0 0 0 0 0 -1 1 0 0 0 0 0 -1 -1 0 0 0 0 -1 -1 0 0 0 0 0 0 0 0 0 0 0 1 0 0 0 -1 0 0 0 0 0 0 0 0 0 0 1 0 0 0 0 0 1 0 0 0 0 1 0 -1 0 0 0 -1 -1 0 0 0 0 0 0 0 0 1 0 0 0 1 0 -1 0 -1 -1 0 0 0 -1 0 0 
0 0 0 0 0 0 0 -1 0 0 -1 0 0 0 -1 0 0 0 0 0 0 0 1 0 0 0 -1 -1 0 0 1 0 0 0 0 0 0 0 0 0 0 0 0 0 1 0 0 0 0 0 0 0 0 1 0 1 0 0 1 0 0 0 0 0 0 0 0 0 0 0 0 0 -1 -1 0 0 0 -1 0 -1 1 1 0 -1 1 0 0 1 0 0 1 0 0 -1 0 0 0 0 0 0 0 -1 0 0 0 0 1 -1 0 0 0 0 0 0 0 0 0 0 0 0 0 0 1 0 0 0 0 0 0 1 0 1 0 0 0 0 -1 0 -1 1 0 0 0 0 0 0 -1 0 0 0 0 0 0 0 0 0 0 1 0 0 0 0 0 -1 0 0 0 0 0 0 0 0 0 0 0 0 0 -1 0 0 0 0 0 0 0 0 1 0 0 0 0 -1 0 0 0 0 0 0 0 0 
0 0 0 -1 -1 0 0 0 0 1 0 1 0 0 -1 1 0 1 0 0 0 0 0 0 0 0 0 -1 0 0 0 0 0 0 0 0 0 1 0 1 0 0 0 0 0 0 0 0 0 0 0 1 0 1 0 0 0 0 0 0 0 1 0 0 0 -1 0 0 1 1 0 0 0 0 0 0 0 1 0 0 0 0 0 0 0 1 0 0 0 0 0 0 1 0 0 0 0 0 0 0 0 0 0 0 1 0 0 0 1 1 0 0 0 0 0 0 -1 0 0 0 0 0 0 0 0 0 1 0 0 0 0 -1 0 -1 0 0 0 0 -1 0 0 0 0 0 0 -1 0 0 0 0 -1 0 0 0 0 0 0 0 0 0 0 0 0 0 -1 0 0 0 -1 1 0 -1 0 0 0 0 0 1 0 0 0 0 0 0 0 0 0 0 0 0 0 0 0 0 0 0 1 0 0 0 
0 0 0 0 0 0 0 0 0 0 0 0 0 0 0 0 0 0 1 -1 0 0 0 -1 0 0 0 0 -1 0 -1 0 0 0 1 0 1 0 0 0 0 0 0 0 0 -1 0 0 0 -1 0 0 0 0 0 0 0 0 -1 0 0 -1 -1 1 0 0 0 -1 0 0 0 0 1 0 0 -1 0 0 0 0 0 0 0 0 0 -1 0 0 -1 0 0 0 0 0 0 0 1 0 0 -1 0 -1 0 0 0 0 1 0 0 0 0 0 0 0 0 0 -1 -1 0 0 0 0 0 1 0 0 0 0 0 0 1 0 0 0 1 0 0 0 0 0 0 0 0 0 0 0 1 0 -1 0 -1 -1 -1 0 0 0 0 1 0 -1 0 0 1 0 1 0 0 0 -1 0 0 0 1 0 1 0 0 0 0 0 0 0 0 0 0 0 0 0 0 0 0 0 1 0 0 -1 0 0 0 0 
0 0 0 0 0 0 0 0 0 0 0 -1 0 0 0 0 0 0 1 0 0 0 1 -1 1 0 0 0 0 0 1 0 0 0 0 0 0 0 0 0 0 -1 -1 0 0 0 0 0 0 0 0 0 0 0 0 0 0 0 1 0 0 0 -1 0 0 0 0 0 0 0 -1 0 -1 0 0 0 0 0 0 0 0 0 1 0 1 0 -1 0 0 0 -1 0 0 0 1 0 0 0 1 0 0 0 0 -1 0 0 0 0 0 0 0 0 0 0 -1 0 0 0 0 1 0 0 0 0 0 0 0 0 0 -1 1 0 0 0 0 0 0 0 -1 0 0 0 0 0 0 0 0 0 0 -1 0 0 0 0 0 0 0 0 1 -1 0 0 0 0 0 0 0 0 0 0 0 0 0 0 0 0 0 0 0 0 -1 1 0 0 -1 0 0 0 -1 0 0 0 0 0 -1 0 0 0 -1 0 
1 -1 0 0 0 0 0 0 0 0 0 0 0 0 0 0 0 0 1 0 0 -1 0 0 0 0 0 0 0 0 1 -1 0 0 0 0 0 0 -1 1 0 0 0 0 0 0 0 0 0 0 0 0 0 0 0 -1 0 0 0 0 1 0 0 0 0 -1 0 -1 0 1 0 0 0 0 0 0 0 0 0 0 0 0 0 0 0 0 -1 0 0 -1 -1 0 0 0 0 -1 -1 0 0 0 0 -1 0 0 0 0 0 0 1 -1 -1 0 0 0 0 0 -1 0 0 -1 0 0 0 1 0 0 0 0 0 0 0 0 0 1 0 1 0 -1 0 0 0 0 0 0 0 0 0 1 0 0 1 -1 0 0 0 0 0 0 0 0 0 0 0 1 0 0 0 0 1 0 0 0 0 0 0 1 1 0 1 0 -1 -1 0 0 0 -1 -1 0 0 0 -1 0 0 0 0 0 1 0 0 0 
0 0 0 0 0 -1 -1 0 0 0 -1 1 0 -1 0 0 0 0 0 0 0 0 0 0 0 0 0 0 0 0 0 -1 0 0 1 1 0 0 0 0 0 0 0 0 0 0 1 0 0 0 -1 0 0 1 0 0 0 0 1 0 0 0 0 0 0 0 0 0 0 0 0 0 0 1 0 0 0 0 0 -1 0 0 0 -1 0 1 0 0 0 -1 0 0 0 -1 -1 0 0 0 0 0 0 -1 0 0 0 1 0 0 0 0 0 1 0 0 0 0 0 0 0 0 0 0 0 0 -1 0 0 -1 0 0 0 0 -1 0 0 -1 0 0 -1 0 -1 0 0 0 0 1 0 0 0 0 1 0 1 0 0 -1 0 0 0 0 1 0 0 0 0 0 0 0 0 0 0 0 0 0 -1 0 0 1 0 0 1 0 0 0 0 0 0 0 0 0 0 0 0 0 0 0 0 0 0 0 
0 0 0 0 0 1 0 0 0 0 0 0 0 0 0 0 1 0 0 0 0 1 0 0 0 0 0 0 0 0 0 0 -1 0 0 0 0 0 0 0 0 0 0 0 0 0 0 0 0 0 0 0 0 0 0 1 0 0 0 0 1 0 0 0 1 0 0 0 0 0 0 -1 -1 -1 0 0 0 1 1 0 0 0 1 0 -1 0 0 0 0 0 0 0 0 1 0 0 0 0 0 0 0 0 0 0 0 0 0 0 0 0 0 0 0 1 1 0 0 -1 0 -1 0 0 0 -1 0 0 0 0 1 0 0 0 0 0 0 0 0 0 0 0 1 0 0 0 -1 0 0 0 -1 0 -1 0 0 0 0 0 0 -1 0 1 0 0 0 0 -1 0 0 1 0 0 0 0 0 0 1 0 0 0 0 0 1 -1 0 -1 0 0 0 1 0 0 0 0 0 0 0 0 0 0 0 0 
0 0 0 0 0 -1 0 0 0 0 0 0 0 0 0 0 0 0 0 1 0 0 0 0 0 0 0 0 0 0 0 0 0 0 0 0 0 0 0 -1 0 1 0 0 0 1 0 1 0 0 0 -1 0 0 0 0 1 0 0 0 0 0 1 0 0 0 0 0 0 0 0 0 0 0 0 0 0 0 0 0 0 0 0 0 0 -1 0 0 0 0 0 0 0 0 1 -1 1 0 0 0 1 -1 0 0 0 0 0 0 0 0 0 0 0 -1 0 -1 0 1 1 0 0 0 1 0 -1 0 0 0 0 0 0 1 -1 0 0 0 0 1 0 0 0 0 0 0 0 1 0 -1 1 0 0 1 1 0 0 0 0 -1 0 0 0 0 1 0 0 0 0 1 1 0 0 0 -1 0 0 1 0 0 0 0 0 0 0 -1 -1 0 0 0 0 -1 0 0 0 0 0 0 0 0 -1 1 
0 1 0 -1 -1 0 -1 0 0 0 1 0 0 0 -1 0 0 0 0 0 0 0 0 0 0 0 0 0 0 0 0 0 0 0 0 0 0 0 0 0 0 0 -1 0 0 -1 0 0 0 0 0 -1 0 0 0 0 0 1 0 0 0 0 -1 0 0 1 0 0 0 0 0 0 0 0 0 0 0 0 0 0 0 -1 -1 0 0 0 0 0 0 0 0 0 0 0 0 0 0 0 0 0 0 0 1 0 0 -1 0 0 1 1 0 1 0 0 0 0 0 0 -1 0 -1 0 0 0 0 1 0 0 0 0 0 0 0 0 0 0 0 1 0 0 0 0 0 0 -1 0 1 0 -1 0 0 -1 0 0 0 0 0 0 1 0 0 0 0 0 0 0 0 1 0 0 0 -1 0 0 0 0 0 1 1 0 0 1 0 0 0 0 0 0 0 0 0 0 0 0 0 0 0 1 1 0 
0 0 -1 0 0 0 0 0 1 0 0 0 1 1 0 1 0 0 0 0 0 0 -1 0 0 0 1 0 0 0 0 0 0 0 0 0 0 -1 0 0 0 0 0 0 0 0 0 0 0 0 0 0 0 0 0 0 1 0 -1 0 -1 0 0 -1 0 0 0 0 0 0 0 0 0 0 0 0 0 -1 0 1 0 1 1 0 0 0 0 0 0 0 0 0 0 0 0 0 0 0 1 1 0 0 0 0 -1 0 0 1 0 -1 1 0 1 1 0 0 0 0 1 0 0 0 0 -1 0 0 1 0 0 0 0 -1 0 0 -1 0 0 0 0 0 0 0 0 0 0 0 0 0 0 1 1 0 1 1 0 -1 0 0 0 0 0 0 0 1 0 0 0 0 -1 1 0 0 0 1 0 0 0 0 0 0 0 0 0 0 0 -1 0 0 0 0 0 1 0 1 -1 0 0 0 0 0 
0 0 0 -1 0 0 0 0 0 1 0 0 0 1 0 0 1 0 0 0 0 0 0 1 0 0 0 1 -1 0 -1 0 0 0 0 0 0 0 0 0 0 0 -1 1 0 0 0 0 0 0 0 0 0 1 -1 1 0 0 0 1 0 0 0 0 1 1 0 1 1 -1 0 0 0 0 1 0 0 1 -1 0 -1 0 0 0 1 0 -1 0 0 1 0 0 0 0 0 0 0 0 0 1 1 0 0 0 -1 0 1 0 0 0 0 0 0 0 0 0 0 0 1 -1 0 0 0 -1 0 0 0 0 0 0 0 0 1 0 0 -1 0 0 0 0 0 0 1 0 0 0 0 0 0 0 -1 0 0 0 0 -1 0 0 0 0 0 0 0 0 0 0 0 0 1 -1 0 1 0 1 0 0 0 0 0 0 -1 0 0 1 0 0 0 -1 0 0 0 0 0 0 0 1 -1 0 -1 0 
0 0 -1 0 0 0 0 0 0 -1 -1 0 0 0 1 0 0 1 0 0 0 0 0 -1 0 0 0 0 0 0 0 0 0 0 0 0 -1 0 0 0 0 0 0 0 0 0 0 0 0 -1 0 0 0 0 0 0 0 0 0 0 0 0 0 0 0 0 0 0 0 -1 0 0 0 1 0 0 0 0 0 -1 0 -1 0 -1 0 0 0 0 -1 1 1 0 -1 0 0 0 0 0 0 0 0 1 0 0 0 0 0 0 1 0 0 0 0 0 0 0 0 0 0 0 0 0 0 0 0 0 0 0 0 0 -1 0 0 -1 0 0 1 0 0 0 0 0 1 1 0 0 0 0 0 0 1 0 0 0 0 -1 0 -1 0 0 0 -1 0 0 0 0 0 0 0 0 0 0 0 0 0 0 0 0 0 0 0 0 0 0 0 0 0 0 0 0 1 0 0 1 0 0 -1 0 0 0 
1 0 0 -1 0 0 0 0 0 0 0 0 0 -1 0 0 1 -1 0 0 0 0 0 -1 0 0 0 0 0 0 0 1 0 0 0 0 0 0 0 0 0 0 0 1 0 0 0 0 1 0 0 0 1 0 0 0 -1 0 0 0 0 1 1 0 0 0 0 0 0 0 0 0 0 -1 0 0 0 0 1 0 0 0 0 1 0 -1 0 0 0 0 0 0 -1 0 -1 0 0 0 0 0 0 0 0 0 0 0 -1 0 0 1 0 -1 0 0 -1 0 0 0 0 0 0 1 0 0 1 0 0 1 0 1 0 1 -1 0 -1 0 0 0 0 0 0 0 0 -1 0 0 1 0 0 0 0 0 0 1 0 0 1 0 1 0 0 0 0 0 0 0 0 0 0 0 0 0 1 0 0 0 0 0 0 0 0 0 -1 1 0 0 0 0 -1 0 0 -1 0 1 1 1 0 0 0 -1 
0 0 0 0 0 0 0 0 0 0 0 -1 -1 0 1 0 0 0 0 0 0 0 0 0 0 0 1 0 0 0 0 0 -1 0 0 -1 0 0 0 0 0 0 0 0 0 0 0 1 0 0 0 0 -1 0 0 0 0 1 0 0 1 0 0 0 0 0 0 0 0 0 0 1 0 0 0 1 0 -1 0 1 0 0 0 0 0 0 0 0 0 0 -1 0 1 0 0 0 0 0 0 0 0 -1 0 1 0 0 0 1 0 0 1 0 0 1 0 0 0 0 -1 0 0 0 0 0 -1 0 0 -1 0 -1 0 1 0 -1 0 0 0 0 0 0 0 0 0 0 0 0 0 1 -1 0 0 0 0 -1 0 0 0 0 1 1 0 -1 0 0 0 0 0 0 0 1 0 0 0 0 0 0 0 0 0 0 0 0 0 0 0 1 0 1 0 0 0 0 0 0 0 0 0 0 0 0 
0 0 0 0 -1 0 0 0 0 0 0 0 0 -1 0 0 0 0 0 -1 -1 0 0 0 0 1 0 -1 0 0 0 0 0 -1 0 0 -1 0 1 1 1 0 -1 0 -1 0 1 0 0 0 0 0 0 0 0 0 -1 0 1 0 0 0 0 0 0 0 0 0 0 0 0 0 0 0 0 0 0 0 0 0 0 0 0 1 0 0 0 0 0 0 0 0 0 1 0 1 0 0 0 0 0 0 1 0 0 1 0 0 0 -1 0 0 0 0 0 0 0 0 0 0 0 0 0 0 0 0 0 0 0 1 1 0 1 0 0 1 0 0 1 0 0 0 0 0 0 0 0 -1 0 0 0 0 0 0 0 0 1 0 1 0 0 0 0 0 -1 0 0 0 0 0 0 0 -1 0 -1 0 0 0 0 0 0 0 0 1 0 0 0 0 0 0 0 -1 1 1 0 0 0 0 0 0 
0 0 0 1 0 0 0 0 0 0 0 0 0 0 0 0 0 0 0 0 0 0 0 0 0 0 0 0 1 0 0 0 1 0 0 0 0 1 0 0 0 -1 0 0 1 0 0 0 0 0 0 0 0 0 0 0 0 0 0 0 0 1 0 0 0 0 0 0 0 0 0 0 0 0 0 0 0 0 0 0 0 1 0 1 0 0 0 0 0 0 0 1 -1 0 0 0 0 0 0 0 0 0 -1 0 0 0 0 0 0 0 0 0 0 0 0 0 0 0 0 0 0 0 0 0 0 0 -1 0 0 0 0 -1 0 0 0 0 0 0 -1 0 1 0 -1 0 0 0 0 -1 0 1 -1 0 0 -1 -1 0 0 0 -1 0 0 0 0 0 0 0 1 0 0 0 0 0 0 -1 0 0 0 0 0 1 0 0 0 0 0 0 0 1 0 1 0 0 0 1 0 0 1 0 0 1 
-1 0 0 0 0 1 0 0 0 0 0 0 1 0 0 0 0 0 0 -1 0 1 0 0 0 1 -1 0 0 0 0 0 0 0 0 0 0 0 0 1 0 1 0 0 0 0 -1 0 1 0 0 0 0 0 0 1 0 0 0 0 0 0 0 0 0 0 0 0 0 0 0 1 0 0 0 0 0 0 0 0 -1 0 -1 -1 0 -1 0 0 0 0 0 0 0 -1 0 0 0 0 0 1 -1 0 0 0 0 0 0 0 1 0 0 0 0 0 0 1 0 0 0 0 0 0 0 0 0 0 -1 0 0 1 0 0 0 0 0 1 -1 0 0 0 0 0 0 0 0 0 0 0 0 0 0 0 1 0 0 0 0 0 0 0 0 0 0 0 0 0 0 0 0 1 0 0 0 0 0 0 -1 0 0 0 1 0 -1 1 0 0 1 0 0 0 0 0 1 0 -1 -1 0 -1 0 0 
-1 0 0 0 0 0 0 0 -1 0 0 0 0 0 0 0 0 0 0 0 0 0 0 0 0 0 0 0 0 0 0 0 0 0 0 1 0 0 0 1 0 0 1 0 0 0 0 0 0 0 0 -1 0 0 0 0 0 0 0 0 1 1 0 0 0 0 0 0 0 -1 0 0 0 0 0 0 0 0 -1 0 -1 0 0 0 0 0 0 0 0 0 0 1 0 0 0 0 0 -1 0 0 0 0 0 0 0 -1 0 0 0 0 1 0 0 0 0 0 0 0 0 0 0 -1 0 -1 0 0 -1 1 0 0 0 0 0 -1 0 1 -1 0 0 0 0 0 0 0 0 0 0 1 0 1 0 0 0 -1 0 0 0 0 0 0 0 -1 0 0 0 0 0 0 0 0 0 0 -1 1 -1 0 0 0 1 0 -1 0 0 0 0 0 0 0 0 0 1 0 0 0 1 0 -1 0 0 0 
0 0 0 0 0 1 0 0 0 0 1 0 0 1 0 0 0 0 0 0 0 0 0 0 0 0 0 0 0 0 0 0 1 0 0 1 0 0 0 0 0 0 0 1 0 0 0 0 0 -1 -1 0 0 0 0 0 0 0 0 0 0 0 0 0 0 -1 0 0 0 0 -1 -1 0 0 0 0 0 0 0 0 0 1 0 -1 0 -1 0 -1 0 0 -1 0 0 0 0 1 0 0 0 0 0 0 0 0 0 0 0 0 0 0 -1 0 0 0 0 0 0 -1 1 0 0 -1 0 -1 0 0 0 1 0 0 0 0 0 0 0 0 -1 0 0 0 0 0 0 0 0 0 0 0 0 0 1 0 0 1 0 0 0 0 0 0 -1 0 0 0 -1 0 0 0 0 -1 0 -1 0 0 -1 0 -1 0 0 0 0 1 0 -1 0 0 0 0 0 0 0 0 0 0 0 0 1 0 0 0 
0 0 0 0 0 1 0 0 1 -1 0 1 0 0 0 0 0 0 0 0 -1 1 1 0 1 0 -1 0 -1 0 0 0 0 0 0 0 0 -1 0 0 0 0 0 0 0 0 -1 0 0 0 0 0 -1 0 0 0 0 0 0 0 0 0 0 0 0 0 0 1 0 0 0 0 1 0 0 0 0 0 0 1 0 0 0 0 0 -1 -1 0 0 0 0 -1 0 0 0 0 -1 0 -1 0 0 0 0 0 0 0 0 0 0 -1 0 0 0 1 0 1 0 0 0 0 0 0 0 0 0 0 0 0 0 0 0 -1 0 0 0 0 0 0 0 0 1 0 0 0 0 0 1 -1 -1 1 0 0 0 0 0 0 1 1 0 0 0 0 0 -1 0 0 1 0 0 -1 0 0 0 0 0 -1 0 0 0 0 0 0 0 0 0 0 0 -1 0 0 -1 0 1 1 -1 -1 1 0 0 0 
0 -1 0 0 0 1 0 0 0 0 0 0 -1 0 0 0 0 0 0 0 0 1 0 -1 0 0 -1 0 1 0 0 0 0 0 0 0 0 0 0 0 0 -1 0 -1 0 0 0 0 0 0 0 0 0 0 1 0 1 0 0 0 0 0 0 0 1 0 0 0 0 0 0 0 0 0 0 0 0 0 0 0 0 1 0 1 -1 0 0 0 -1 0 0 0 0 0 0 0 0 0 0 0 0 0 0 0 0 0 1 0 0 0 0 0 0 -1 0 0 0 0 0 0 0 0 0 0 0 -1 0 0 0 0 0 0 1 0 0 0 0 1 0 -1 0 1 1 0 1 0 0 0 0 0 0 0 0 0 1 0 -1 0 0 0 0 0 0 0 0 0 0 -1 0 0 0 1 0 0 -1 0 1 0 0 0 0 0 0 0 0 0 0 0 0 0 -1 0 0 1 1 -1 1 0 0 0 
0 0 0 0 -1 0 0 0 0 0 1 0 1 0 0 0 0 0 0 0 0 0 0 0 0 0 0 0 1 0 0 0 0 0 0 0 0 -1 0 0 0 -1 -1 -1 0 0 0 0 0 -1 -1 0 0 1 0 0 0 0 0 0 0 0 0 0 0 0 -1 0 0 1 0 1 0 0 -1 0 1 0 1 0 0 0 -1 0 -1 1 0 1 1 0 0 0 0 0 0 0 0 0 0 0 0 -1 -1 0 0 0 0 -1 0 0 1 0 1 0 0 1 0 0 0 0 0 0 0 0 0 1 0 0 -1 0 0 0 0 0 0 0 1 0 1 0 1 0 -1 0 0 0 0 0 0 0 0 0 0 0 0 0 0 -1 0 0 0 0 0 0 0 0 0 0 0 0 0 0 1 0 0 0 0 0 0 0 0 0 0 0 0 0 0 0 0 0 0 -1 0 0 0 0 0 0 0 0 
0 0 0 0 -1 0 0 1 0 0 0 0 0 0 -1 0 0 -1 0 0 0 0 0 1 0 0 1 0 0 0 0 1 0 0 0 0 0 -1 -1 0 1 0 0 0 0 0 0 0 -1 0 0 1 -1 0 0 0 0 0 0 0 -1 0 1 0 0 0 1 0 0 0 0 0 0 0 1 0 0 0 0 0 0 1 0 0 0 0 0 0 0 0 0 0 -1 0 0 0 0 0 0 0 0 0 0 0 0 0 0 0 0 -1 0 0 0 0 0 0 -1 0 0 1 0 0 0 -1 0 0 1 0 0 0 0 1 0 -1 0 -1 0 0 0 0 0 0 0 1 0 0 0 0 0 0 0 1 -1 0 0 0 0 0 0 0 1 0 0 0 0 0 0 0 0 0 0 0 0 0 0 0 0 0 1 0 -1 0 0 0 0 0 -1 0 0 0 0 0 0 0 0 0 0 0 0 0 
0 0 -1 0 0 1 0 1 0 0 1 -1 0 0 0 1 0 0 0 0 0 0 0 0 0 0 0 1 0 0 0 -1 -1 0 0 -1 0 0 0 0 0 0 0 0 0 0 1 0 0 -1 0 0 0 0 0 0 0 0 -1 0 0 1 0 -1 0 0 -1 -1 0 0 0 0 0 0 0 0 0 0 0 0 -1 0 0 0 0 1 -1 0 1 1 0 -1 0 0 0 0 0 -1 0 0 0 0 0 0 0 0 1 0 0 -1 -1 0 0 0 0 0 1 0 0 0 0 -1 -1 0 0 0 0 -1 0 0 0 0 0 1 0 0 -1 1 0 0 1 0 1 0 0 0 1 0 -1 -1 0 -1 -1 0 0 0 0 0 0 0 0 0 0 0 0 0 1 0 0 0 0 1 0 0 0 0 0 0 -1 0 1 0 0 0 0 0 0 0 0 -1 0 0 -1 0 0 -1 0 0 0 0 
-1 1 0 0 0 0 0 0 0 0 0 0 0 0 0 -1 0 0 0 0 1 1 1 0 0 0 0 1 0 0 0 -1 0 0 0 0 0 1 1 0 1 1 1 0 0 0 0 0 0 0 -1 1 0 0 1 0 0 -1 1 0 -1 0 0 0 0 0 0 0 0 -1 0 0 1 0 0 0 0 -1 -1 0 0 0 0 0 0 0 0 0 0 0 0 0 0 1 -1 1 -1 0 0 0 0 0 0 0 0 0 0 0 0 0 0 0 1 0 0 1 0 -1 0 -1 0 0 0 0 0 0 0 0 0 0 0 1 1 0 0 0 1 0 0 0 0 0 0 0 0 0 -1 -1 0 -1 0 0 0 0 0 0 0 0 0 0 0 0 0 0 0 0 0 0 0 0 0 1 0 0 0 -1 0 1 0 -1 0 0 0 -1 0 -1 -1 0 -1 -1 0 1 0 0 0 0 0 0 0 0 
0 0 0 0 0 1 0 0 -1 0 0 -1 -1 -1 0 0 0 1 0 0 -1 0 1 -1 0 1 0 0 0 0 0 1 1 0 -1 0 0 -1 0 0 0 0 0 0 0 0 0 -1 0 0 1 0 0 0 1 0 0 0 0 1 0 0 0 0 1 0 0 1 0 0 0 0 0 0 0 0 0 0 0 0 0 0 0 0 0 0 0 -1 0 -1 0 0 0 0 -1 0 0 0 0 0 0 -1 -1 0 0 0 0 0 0 0 -1 0 0 0 0 0 0 0 0 0 0 0 1 0 0 0 0 0 0 0 0 0 0 0 0 0 0 0 0 0 0 0 0 -1 0 -1 0 0 0 -1 0 1 0 0 0 0 0 0 0 -1 0 0 0 0 0 0 0 0 1 0 0 0 -1 0 0 -1 0 -1 0 0 0 0 0 0 0 0 0 0 0 0 0 -1 0 -1 -1 0 0 0 0 0 
-1 0 0 0 0 -1 0 0 1 0 0 0 0 0 0 0 0 -1 1 0 0 0 0 -1 1 0 0 0 0 0 0 0 0 0 0 0 0 0 0 0 0 -1 0 0 0 0 0 0 0 0 0 0 0 -1 -1 0 0 0 0 0 0 0 0 0 0 0 0 0 0 0 0 0 1 -1 0 0 0 0 0 0 0 0 0 0 0 0 0 0 1 0 0 0 0 0 0 1 -1 0 0 0 0 0 0 0 0 0 0 0 0 0 -1 0 0 0 0 0 0 0 1 0 -1 0 0 0 1 0 0 0 0 0 0 1 0 1 0 -1 0 0 0 0 0 0 0 0 0 0 0 0 0 0 1 0 0 0 -1 0 1 0 -1 0 0 -1 0 0 0 0 0 0 0 0 0 0 0 0 0 1 1 0 0 0 1 1 0 1 0 0 0 0 -1 0 0 0 0 0 0 -1 -1 0 1 0 
0 0 1 0 0 1 0 0 0 0 0 0 0 0 1 0 0 0 0 0 -1 0 0 0 1 0 0 0 -1 0 0 0 0 0 0 1 0 0 0 0 0 0 0 0 0 0 0 0 0 0 0 0 1 1 0 -1 0 0 0 0 0 0 0 0 1 0 1 0 0 -1 0 0 -1 1 0 0 0 0 0 0 0 -1 0 1 0 0 0 0 0 0 -1 0 0 0 0 0 0 0 0 1 0 0 0 0 0 0 -1 0 0 0 -1 0 -1 0 0 0 0 1 0 0 0 0 0 0 0 0 0 0 0 0 -1 -1 0 0 1 -1 0 0 -1 -1 0 0 0 0 -1 0 0 0 0 0 0 1 0 0 0 0 0 0 0 0 0 1 -1 0 0 0 0 0 0 0 0 0 0 0 1 0 1 -1 0 0 0 0 0 -1 0 0 0 0 0 0 1 0 0 0 -1 0 1 0 0 0 
0 0 0 0 0 0 0 0 0 0 0 0 0 0 -1 0 1 0 0 0 0 0 0 0 0 0 1 -1 0 0 -1 0 0 -1 0 1 0 1 0 0 0 0 0 0 0 0 0 0 0 0 0 -1 0 0 0 0 0 0 -1 0 0 0 0 1 0 0 0 0 0 0 0 1 0 0 0 0 0 0 0 0 0 1 1 0 0 0 0 0 1 0 0 0 0 1 0 1 0 0 1 0 0 0 0 1 0 0 0 -1 0 0 0 0 0 0 0 0 0 0 1 0 0 0 0 0 0 0 0 0 0 0 -1 -1 0 0 0 -1 0 0 0 0 -1 0 0 0 0 0 -1 0 0 1 0 0 0 1 0 0 0 0 0 0 0 1 -1 0 0 0 0 1 1 0 0 -1 0 1 0 0 0 0 1 0 0 0 0 0 0 0 0 1 1 0 0 0 0 -1 -1 1 1 -1 -1 0 
0 0 0 0 0 0 1 0 0 0 -1 0 0 0 0 0 0 0 0 -1 0 0 0 0 0 0 0 0 -1 0 0 0 0 0 1 0 0 0 0 0 0 0 0 0 0 0 0 1 0 -1 0 0 0 1 0 0 0 0 0 1 -1 0 0 0 0 0 0 0 0 0 0 -1 -1 0 0 0 0 0 0 -1 1 0 -1 0 0 0 0 0 0 0 0 0 -1 0 0 0 -1 0 -1 0 0 0 0 -1 0 1 0 1 0 0 0 1 0 0 0 0 1 0 0 -1 0 0 0 0 0 0 0 0 0 0 0 0 0 0 0 0 0 -1 0 -1 0 0 0 0 0 0 0 0 0 0 0 0 0 0 -1 0 0 0 0 0 -1 0 0 0 -1 1 0 1 0 0 1 0 0 0 0 0 0 0 0 0 0 1 0 0 0 0 1 1 0 0 0 0 0 -1 1 -1 0 -1 0 0 
0 0 0 0 0 0 0 0 0 0 0 -1 1 0 1 0 0 0 0 0 0 0 0 -1 0 -1 0 0 0 0 1 -1 0 0 0 -1 0 1 -1 0 -1 0 0 0 0 0 0 0 0 0 0 0 0 0 0 -1 0 0 0 1 0 -1 0 0 0 1 0 0 0 -1 0 0 0 -1 0 0 1 0 0 1 0 0 0 0 1 0 1 1 0 0 -1 0 0 -1 -1 -1 -1 0 0 0 0 0 0 0 1 0 0 0 0 1 0 0 0 0 1 0 0 0 0 0 0 0 0 0 0 0 0 0 0 0 1 0 0 0 0 0 0 0 0 0 1 0 0 0 0 -1 0 0 -1 1 0 0 0 0 0 0 0 0 0 0 0 0 0 1 0 0 0 0 0 0 0 0 0 0 0 0 -1 0 0 0 -1 0 0 0 0 1 0 0 0 0 0 0 0 0 0 0 1 1 0 -1 
0 -1 0 0 0 0 0 0 1 1 0 0 0 0 1 1 0 0 0 0 0 0 0 1 0 0 0 -1 -1 0 0 0 0 0 0 1 0 0 0 0 0 0 0 0 0 0 0 -1 0 1 0 0 0 0 0 -1 -1 0 0 0 -1 0 0 1 -1 0 0 0 0 -1 -1 0 0 1 1 0 0 0 1 0 1 -1 0 1 0 1 -1 0 0 0 0 0 0 0 0 0 1 0 1 0 0 0 0 0 0 0 0 0 -1 0 1 0 0 0 1 0 0 0 1 0 0 0 0 -1 1 1 0 0 0 1 0 0 0 0 0 0 0 0 -1 -1 0 0 1 0 0 0 0 0 0 0 0 -1 0 0 -1 0 0 0 0 0 -1 -1 0 0 1 0 -1 1 0 -1 0 0 -1 -1 0 0 -1 0 0 0 0 0 0 0 0 0 0 0 0 0 1 0 1 0 0 0 -1 0 0 0 
0 0 0 0 0 0 0 0 0 0 0 0 0 0 0 0 0 0 0 0 0 0 0 0 0 0 0 1 -1 -1 0 0 1 0 0 0 1 0 0 0 0 0 0 0 0 0 0 0 0 0 0 1 0 1 0 0 1 0 0 0 0 0 0 0 0 0 0 0 0 0 0 0 0 0 0 0 0 0 -1 0 0 0 0 0 0 0 -1 1 1 0 -1 0 0 0 0 0 0 0 0 0 1 1 0 0 0 0 0 0 0 0 0 1 0 0 0 0 0 0 0 0 0 0 0 0 0 0 0 0 0 -1 -1 1 -1 0 0 0 0 0 1 0 0 1 0 0 0 0 0 0 1 0 0 0 0 1 -1 0 1 0 0 0 0 -1 0 1 0 0 0 0 0 0 0 0 0 -1 0 0 0 0 0 1 1 -1 0 0 -1 0 0 0 1 0 0 0 0 1 -1 1 0 1 0 0 
0 1 0 0 0 0 0 -1 0 0 0 0 0 0 0 0 0 0 0 0 0 0 -1 0 0 0 0 0 -1 1 1 1 0 0 1 0 0 0 0 1 -1 0 0 0 0 0 0 0 1 0 0 0 -1 0 0 0 1 0 0 0 0 0 0 0 1 0 0 0 0 0 1 0 0 -1 0 1 1 -1 0 -1 1 0 0 -1 0 0 0 0 0 0 0 0 0 0 0 0 0 0 0 0 0 0 0 0 0 0 -1 0 0 0 -1 0 0 0 0 0 -1 0 0 0 0 0 0 -1 0 1 0 -1 1 -1 0 0 0 0 0 0 1 0 0 0 1 0 0 0 0 0 0 0 0 -1 0 -1 0 0 0 0 0 1 1 -1 0 -1 1 -1 0 0 0 1 0 0 0 0 0 0 0 0 1 1 0 -1 0 -1 -1 0 1 0 0 0 0 1 0 0 1 0 0 0 -1 0 0 0 
0 -1 1 0 0 0 0 0 0 1 0 0 -1 0 0 0 0 0 -1 -1 0 1 0 0 0 0 0 -1 -1 0 -1 0 0 0 0 0 -1 0 0 -1 0 0 1 0 0 0 0 0 -1 0 0 0 0 -1 0 1 0 1 0 0 0 0 1 1 -1 0 0 0 1 0 0 0 -1 0 1 0 0 0 0 0 0 0 0 -1 0 0 0 0 -1 0 0 -1 0 0 0 1 0 0 0 0 -1 -1 0 0 -1 0 1 0 0 0 0 0 0 0 1 0 1 0 -1 0 0 0 1 0 0 0 0 1 0 1 0 0 0 0 0 0 0 0 0 0 0 0 0 0 0 0 0 0 0 0 -1 0 0 0 0 0 0 0 1 -1 -1 0 0 0 0 -1 0 0 -1 -1 1 1 0 1 0 0 0 -1 0 0 0 1 0 0 0 1 -1 0 0 -1 0 0 0 0 1 0 0 0 -1 0 
0 0 0 0 -1 0 -1 1 0 -1 1 0 0 0 0 0 0 0 0 -1 0 0 0 0 0 0 0 0 0 0 0 0 0 0 0 0 0 -1 0 0 0 0 1 0 0 -1 0 0 0 1 0 0 1 0 1 0 0 0 0 1 0 0 0 0 0 0 0 0 -1 0 0 0 0 0 0 0 0 -1 0 0 0 0 0 0 0 0 0 0 0 0 0 0 0 0 0 0 0 0 0 0 0 0 0 0 -1 0 0 0 0 0 0 -1 0 1 0 0 0 0 0 0 0 0 0 0 0 0 0 0 0 1 0 0 -1 0 0 0 0 1 0 0 0 0 0 0 0 0 0 1 0 0 0 0 0 0 0 0 0 1 0 0 0 0 0 0 0 0 0 0 1 0 0 0 0 -1 0 0 0 1 0 0 0 1 -1 0 0 0 0 0 -1 0 0 0 0 0 -1 0 1 0 0 0 
1 0 0 0 -1 0 0 0 0 0 0 -1 -1 0 0 0 -1 -1 0 -1 1 0 0 0 0 0 -1 -1 0 0 0 0 0 0 0 0 0 1 0 0 0 -1 1 0 0 0 -1 0 0 0 0 0 0 1 0 0 1 0 0 0 0 1 1 0 0 0 0 1 0 0 0 0 0 0 0 -1 0 0 0 -1 0 0 0 0 0 0 0 0 0 0 0 0 0 -1 0 0 0 0 0 0 0 -1 0 0 -1 0 1 0 0 0 0 0 0 0 0 1 0 0 0 0 0 0 -1 1 0 0 0 0 1 0 0 1 0 0 0 -1 0 0 0 0 0 0 0 0 0 0 0 0 0 0 0 0 0 0 0 0 0 0 0 0 0 0 0 0 0 -1 0 0 0 0 1 0 0 0 0 0 0 0 0 0 1 -1 0 0 0 0 0 0 0 0 0 0 0 1 1 -1 1 0 0 0 
0 1 0 0 0 0 0 -1 0 1 -1 0 0 0 0 0 0 0 0 1 0 0 0 0 0 0 0 0 0 0 0 0 1 0 -1 0 0 -1 0 0 -1 0 0 0 0 0 0 -1 0 0 0 0 0 0 0 0 -1 0 0 -1 0 0 0 0 1 0 1 0 -1 0 -1 0 0 0 0 1 0 0 0 -1 0 0 0 -1 0 0 -1 0 0 0 0 0 0 -1 0 -1 0 0 0 0 0 0 -1 1 -1 0 0 -1 0 0 -1 0 0 0 0 0 -1 0 0 0 1 0 0 0 0 0 -1 0 0 0 0 0 0 -1 0 -1 -1 0 0 0 0 0 0 0 0 0 0 -1 0 0 0 0 -1 0 0 0 -1 1 0 0 0 0 0 0 0 0 1 0 0 0 1 -1 0 0 0 0 0 0 0 0 0 0 0 1 0 0 0 0 0 -1 0 0 0 0 0 0 0 0 0 0 
0 0 -1 0 0 -1 0 0 0 0 -1 1 0 0 1 0 0 0 0 -1 0 0 0 0 0 1 0 0 1 -1 0 0 0 0 0 0 0 0 0 1 -1 0 0 0 0 -1 0 -1 0 1 0 0 0 0 0 0 0 0 0 -1 1 0 0 0 0 0 0 0 0 0 0 0 0 0 0 -1 0 0 0 0 -1 0 0 0 0 0 0 -1 -1 0 -1 0 0 0 1 1 0 0 0 0 0 0 0 1 -1 0 0 0 0 1 0 0 0 1 0 1 0 0 0 0 0 0 0 0 0 1 0 0 0 0 0 0 0 0 0 0 0 0 0 0 0 0 0 0 -1 0 0 1 1 1 0 1 0 0 0 1 -1 0 0 1 0 0 0 0 0 0 0 0 0 0 0 0 0 0 0 -1 0 0 0 0 -1 -1 0 0 0 0 0 0 -1 0 0 1 0 0 0 0 0 -1 -1 0 
0 0 0 1 0 0 0 0 0 0 -1 0 1 0 0 0 0 0 0 -1 1 1 1 0 0 0 0 0 1 0 0 1 0 0 1 0 0 0 0 0 0 0 0 1 1 1 -1 0 0 0 -1 0 0 0 0 0 0 1 0 1 0 0 0 0 0 0 0 0 -1 0 1 0 0 1 0 0 0 0 1 0 0 0 0 0 0 0 0 0 0 0 0 1 -1 1 0 0 0 0 1 0 0 0 0 0 0 1 0 1 0 0 0 0 0 0 0 1 0 1 0 0 0 0 0 0 0 0 0 0 0 0 0 0 0 0 0 0 0 1 0 0 0 0 0 1 0 0 0 0 0 0 0 0 0 0 0 0 0 0 1 0 0 -1 0 0 1 1 0 0 0 -1 0 0 1 1 0 0 0 0 0 0 -1 0 -1 0 0 0 -1 0 0 0 0 0 0 0 0 0 0 0 0 0 
0 1 0 0 -1 0 0 0 0 0 0 0 0 0 0 0 0 -1 -1 0 0 0 0 0 0 0 0 0 -1 1 0 0 0 0 0 0 0 1 -1 -1 0 0 0 0 0 0 0 0 0 -1 1 0 0 0 0 0 0 1 0 -1 1 0 1 0 0 0 0 0 0 0 0 0 0 0 0 0 0 0 0 0 0 0 1 0 0 0 -1 1 1 0 0 0 0 0 0 -1 0 0 -1 0 0 0 0 0 0 0 0 0 0 0 0 0 0 0 0 0 0 0 1 -1 0 1 0 0 0 0 1 0 1 0 0 0 0 0 -1 0 0 0 1 1 0 0 0 0 0 0 0 0 -1 0 1 -1 0 0 1 -1 0 0 0 0 0 0 0 0 0 -1 -1 0 0 -1 0 0 0 0 0 0 0 0 0 -1 0 0 0 0 0 0 1 0 0 -1 0 0 0 0 0 0 0 0 0 0 
0 0 -1 1 0 0 0 0 0 1 0 0 0 0 0 -1 0 0 0 -1 0 0 1 1 0 0 0 0 1 0 0 0 0 0 0 0 1 0 0 -1 0 0 0 0 1 0 1 0 -1 0 0 0 0 -1 0 0 0 0 1 0 0 0 0 -1 0 0 0 0 0 -1 0 0 1 -1 0 0 0 0 0 -1 -1 0 0 0 0 0 0 -1 -1 0 -1 0 0 0 0 -1 0 0 0 0 0 1 1 0 0 0 0 0 -1 0 0 0 0 0 0 -1 0 0 0 1 1 0 1 0 0 0 1 0 0 0 0 0 0 0 -1 0 0 0 1 1 0 0 0 0 0 0 0 0 0 0 0 0 0 0 0 0 0 0 0 0 0 0 0 -1 0 0 0 0 0 0 0 0 0 0 0 1 0 0 0 0 -1 0 1 0 0 0 1 0 0 -1 0 0 -1 0 0 0 0 0 0 0 
0 0 0 0 0 0 0 0 0 0 0 0 0 0 0 0 0 0 0 0 0 0 -1 0 0 0 0 0 0 0 0 0 1 0 0 0 -1 0 0 0 1 0 0 -1 0 0 0 0 0 0 0 0 0 0 0 0 0 0 -1 0 1 0 1 0 1 0 0 1 0 -1 0 0 0 0 0 0 0 0 0 0 0 0 0 0 -1 0 -1 0 0 0 -1 0 0 1 0 0 0 0 0 0 -1 0 0 0 0 0 1 0 0 0 0 0 1 0 0 0 0 -1 0 0 -1 0 0 0 0 0 0 -1 0 0 0 0 1 0 0 0 0 1 1 0 0 -1 0 0 0 0 0 1 0 0 0 0 0 0 0 0 -1 0 0 0 0 0 0 0 0 0 0 0 0 0 0 0 0 0 -1 0 0 -1 0 0 0 0 0 0 1 0 1 0 0 0 0 0 0 -1 0 -1 0 0 0 0 
0 1 0 -1 -1 0 1 0 0 0 0 0 0 0 1 -1 0 0 0 0 1 -1 -1 0 0 0 0 1 0 0 0 0 0 1 0 0 -1 0 0 0 0 0 0 0 0 0 0 0 0 0 0 0 0 0 0 0 0 0 0 0 0 0 0 0 0 0 0 0 0 0 0 0 0 0 0 0 1 0 1 0 0 0 0 0 0 0 0 -1 0 0 -1 0 0 0 1 0 0 0 0 0 1 0 1 0 0 -1 0 0 0 0 -1 0 0 -1 0 -1 0 -1 0 0 0 0 0 0 0 0 0 0 0 1 1 0 0 0 0 0 1 0 0 0 0 0 0 0 0 0 0 0 0 0 -1 -1 0 0 -1 0 0 1 0 0 0 0 0 -1 0 0 0 0 0 -1 0 0 0 0 0 0 0 0 0 0 -1 0 0 0 0 -1 0 0 0 0 1 0 0 0 0 0 0 -1 1 0 
0 1 0 1 0 0 -1 0 -1 0 0 0 0 0 0 0 0 0 -1 0 0 -1 0 0 0 0 0 0 0 1 0 0 0 0 0 0 1 0 0 0 0 0 0 0 0 0 0 0 -1 0 0 0 0 0 0 0 0 0 0 0 0 -1 0 0 0 0 0 0 0 0 0 0 0 0 1 0 0 0 0 0 1 0 0 0 -1 1 0 0 0 0 0 -1 0 0 0 1 0 -1 0 0 -1 0 -1 0 0 0 0 0 0 0 0 0 0 1 0 1 0 0 0 0 0 0 0 -1 1 0 0 0 0 0 1 0 0 0 0 -1 0 0 0 0 0 0 0 0 0 0 1 0 0 0 0 0 0 0 0 0 0 -1 0 -1 0 -1 0 1 0 0 1 0 0 0 -1 1 1 0 -1 0 1 0 0 -1 0 0 0 0 0 0 0 0 -1 0 -1 0 1 -1 0 -1 0 0 0 0 
0 0 0 0 0 0 0 -1 0 0 0 0 0 0 0 0 1 0 0 0 0 0 0 0 0 1 0 0 0 0 0 -1 0 -1 0 0 0 0 0 0 0 0 0 0 1 -1 0 0 0 0 0 0 0 0 0 0 1 1 -1 0 0 0 1 0 0 0 0 0 -1 0 1 0 0 0 0 -1 0 0 0 0 0 0 0 1 1 0 0 0 0 0 0 0 0 0 0 0 0 0 -1 0 0 0 0 0 0 0 0 0 -1 0 -1 0 0 0 0 0 0 0 0 0 0 0 0 0 0 0 0 -1 0 1 0 0 0 0 1 0 1 1 1 -1 0 0 0 0 0 0 0 0 0 0 0 0 0 -1 0 0 0 -1 0 0 0 0 0 0 1 0 0 -1 0 0 -1 0 0 0 0 0 0 0 0 -1 0 0 0 0 0 0 0 0 -1 0 0 0 0 1 0 1 0 1 0 0 
0 0 0 0 0 0 0 0 0 0 1 0 1 -1 0 0 0 0 0 0 0 0 0 0 0 0 1 0 0 -1 0 0 1 0 0 0 0 0 0 0 0 -1 0 0 0 0 0 0 0 0 -1 0 0 0 0 0 0 0 0 0 0 0 0 0 0 0 0 0 0 -1 0 0 0 0 -1 0 0 0 1 0 0 0 0 0 1 0 0 0 0 0 0 0 0 0 0 0 0 0 0 0 1 -1 -1 1 0 0 1 0 0 0 0 0 0 0 0 0 0 0 0 0 -1 0 0 0 -1 1 1 -1 -1 0 -1 1 0 0 0 0 0 0 0 0 1 0 0 0 0 0 0 0 0 0 -1 0 1 0 0 0 0 0 0 0 0 0 0 0 0 0 0 0 0 -1 0 0 -1 0 0 0 -1 0 -1 0 0 0 0 0 0 0 0 0 0 -1 1 0 0 0 0 1 0 -1 0 0 
0 0 0 1 0 0 0 0 0 0 0 0 0 0 0 0 0 0 0 0 0 -1 0 0 0 0 0 0 0 0 0 0 0 0 1 0 0 0 -1 0 0 -1 0 0 0 0 0 0 0 0 1 0 0 0 0 1 1 0 1 0 0 0 1 0 1 -1 -1 0 0 0 0 0 0 0 0 0 0 0 0 0 0 0 0 0 0 0 0 1 0 0 1 -1 0 0 0 0 0 -1 0 0 0 0 0 0 0 0 0 -1 0 0 0 0 1 1 1 0 0 0 0 0 0 0 -1 0 0 1 0 0 0 0 0 0 0 0 0 0 0 0 0 0 0 0 0 0 0 0 0 0 1 0 0 -1 0 0 0 -1 1 0 1 0 0 0 0 0 -1 1 0 0 0 0 -1 0 1 0 -1 0 0 0 -1 1 0 0 0 0 -1 0 0 0 -1 -1 0 -1 0 0 0 0 1 0 0 0 
0 1 0 0 0 0 0 0 0 0 1 0 0 0 0 1 0 0 0 0 0 0 0 0 0 0 0 -1 0 0 0 0 -1 0 -1 0 0 -1 0 0 0 0 0 0 0 1 1 0 0 0 0 0 0 0 0 1 0 0 0 0 1 0 0 0 0 0 0 -1 0 0 0 0 0 0 1 0 0 0 0 0 0 0 0 0 0 1 0 0 0 0 -1 1 -1 0 0 0 0 0 0 0 0 0 0 0 0 1 0 0 0 0 0 0 0 0 0 0 0 0 0 -1 0 0 0 0 0 0 0 0 -1 0 0 0 0 0 0 0 0 0 0 0 -1 0 0 0 0 0 0 0 0 0 1 0 0 0 1 0 0 1 0 0 0 0 0 0 0 0 0 1 0 0 0 0 0 1 -1 0 1 0 0 0 0 0 0 0 0 0 0 0 0 0 0 0 1 0 0 0 0 0 1 0 
0 0 -1 0 0 0 0 0 0 0 1 0 1 1 0 0 0 0 0 0 0 0 0 0 0 0 0 0 0 0 0 0 0 0 0 0 0 0 0 -1 0 0 0 0 0 1 -1 0 0 0 0 1 0 0 0 0 1 1 -1 0 0 0 0 0 -1 0 0 0 0 0 0 0 0 1 0 0 0 0 1 -1 0 0 0 1 0 0 -1 0 0 1 0 1 -1 0 0 0 0 0 0 0 -1 0 -1 -1 0 1 0 0 0 0 0 1 0 0 0 0 0 0 -1 0 0 0 0 0 -1 0 0 0 0 0 1 1 0 0 0 -1 0 -1 0 0 0 0 0 0 0 0 0 -1 0 0 -1 1 0 1 0 0 0 0 0 0 0 0 0 0 0 1 0 -1 0 -1 0 0 -1 0 0 1 0 1 0 0 0 0 0 0 0 0 -1 0 0 0 0 0 0 0 1 0 0 1 0 0 
0 0 0 0 0 1 1 0 0 1 1 0 -1 0 0 0 0 0 -1 0 0 0 -1 0 0 0 -1 0 0 0 -1 -1 0 0 0 1 -1 0 -1 0 0 -1 0 0 0 0 0 1 -1 -1 0 0 0 0 0 0 0 0 0 1 0 0 0 0 1 1 0 -1 0 0 0 -1 0 0 0 1 0 0 1 0 0 0 0 0 0 0 0 1 -1 0 0 1 0 0 0 0 -1 0 0 0 0 0 0 0 0 0 0 0 0 0 0 0 0 0 1 0 0 -1 0 0 0 0 0 0 0 0 0 0 -1 1 0 0 0 1 0 0 -1 0 0 0 -1 0 0 0 0 0 1 0 0 0 0 0 0 0 0 0 0 0 0 0 0 0 0 0 1 -1 -1 0 0 0 0 -1 0 0 0 0 1 0 1 1 0 0 0 0 -1 0 0 0 0 -1 1 0 0 0 0 0 0 -1 0 1 
-1 0 0 0 0 0 0 -1 0 0 -1 -1 0 0 0 0 0 0 0 0 0 0 0 0 1 1 0 0 0 -1 0 0 0 0 -1 0 0 1 -1 0 0 0 0 0 0 -1 0 0 0 1 0 0 0 0 0 0 1 0 -1 1 0 0 1 0 0 0 -1 0 -1 0 1 0 0 1 0 0 0 0 0 0 0 0 1 0 -1 -1 0 0 0 -1 -1 -1 0 0 0 0 0 0 1 0 0 0 0 0 0 0 0 0 0 0 0 0 1 0 0 0 0 0 0 0 0 0 0 0 0 0 0 0 0 0 1 0 0 0 0 0 0 0 1 0 0 0 0 -1 0 0 0 0 0 0 0 0 0 0 0 0 0 0 0 0 0 0 0 -1 0 0 1 0 1 0 0 0 1 -1 0 0 0 0 0 1 0 0 0 1 1 0 0 0 1 0 0 0 -1 0 0 0 0 0 0 0 
-1 0 0 0 0 0 1 0 -1 1 0 0 0 -1 0 0 0 0 0 0 0 -1 0 1 1 -1 0 1 0 0 0 0 0 0 0 0 -1 0 0 0 0 0 0 0 1 0 1 0 0 0 0 0 0 -1 0 1 0 0 0 0 -1 0 0 0 0 1 1 1 0 0 0 0 0 1 0 0 0 0 0 0 0 -1 1 0 -1 0 0 0 -1 0 0 0 0 0 0 0 0 0 0 0 0 0 1 0 0 0 1 -1 0 -1 1 0 0 0 0 -1 1 0 0 0 0 0 0 0 0 0 1 1 0 1 -1 -1 0 0 0 0 0 0 0 1 0 0 -1 0 0 -1 1 0 0 0 0 1 1 0 0 0 0 0 0 0 0 0 0 0 0 0 0 0 0 0 -1 1 0 0 -1 0 1 0 0 0 0 0 -1 0 0 -1 0 0 0 0 0 -1 0 0 0 0 0 0 0 0 
0 1 1 -1 0 1 0 -1 0 0 0 0 0 0 0 0 1 0 0 0 1 0 0 0 0 1 0 -1 0 0 0 0 1 0 1 0 0 0 0 -1 1 0 0 0 0 0 1 0 0 0 0 0 0 0 0 0 1 0 0 0 0 0 1 0 0 0 0 0 0 0 1 0 -1 0 -1 0 -1 -1 -1 0 0 0 0 -1 0 0 -1 0 0 0 0 0 1 0 0 0 1 0 0 1 0 0 0 0 0 0 0 0 0 0 0 0 0 0 0 0 0 0 0 0 0 0 0 0 0 -1 0 0 0 0 0 1 0 0 0 0 -1 1 0 0 0 0 1 0 -1 0 0 0 0 0 -1 0 0 0 0 0 0 0 0 0 0 -1 -1 0 0 0 0 -1 1 -1 0 0 -1 1 0 0 0 0 0 1 0 0 1 -1 -1 -1 -1 0 0 1 0 0 0 0 0 0 1 0 0 0 
1 0 0 0 0 0 1 0 0 0 0 1 0 0 1 0 0 0 0 0 0 0 1 -1 1 0 0 0 0 0 0 0 0 -1 0 0 -1 0 0 0 0 0 0 0 1 0 0 -1 0 -1 0 0 1 0 1 -1 0 1 0 0 0 0 0 0 0 0 0 0 0 -1 0 0 0 0 0 0 0 0 0 0 0 0 0 0 0 -1 1 -1 0 1 1 0 1 0 0 0 0 0 0 0 0 0 0 0 0 0 -1 0 0 -1 0 0 0 0 0 0 0 0 0 0 0 -1 0 0 0 -1 0 0 -1 0 0 0 0 -1 0 0 0 0 0 0 1 0 0 0 0 0 0 0 0 -1 0 0 0 -1 0 0 0 1 0 0 0 0 0 0 0 1 0 0 1 1 0 0 0 0 -1 0 0 0 0 0 1 -1 0 0 0 0 0 0 0 0 0 0 0 0 0 0 0 0 0 0 
1 0 0 0 1 0 0 0 0 0 -1 1 0 0 -1 -1 0 -1 0 0 0 -1 0 0 1 0 -1 0 0 0 0 0 0 0 0 0 0 0 -1 -1 0 1 0 0 1 1 0 0 0 1 0 1 0 1 0 0 0 0 0 0 0 0 0 1 0 -1 0 0 0 0 0 0 0 0 1 1 0 0 0 0 0 1 1 0 0 0 0 0 0 0 1 0 0 0 0 0 -1 0 1 0 0 1 0 0 -1 -1 0 -1 0 0 1 0 0 0 0 0 0 0 0 0 0 1 0 1 0 0 0 0 0 -1 0 -1 0 0 1 0 1 0 0 0 0 0 0 0 -1 0 0 0 0 0 0 0 -1 -1 1 0 0 1 0 0 0 0 0 0 0 -1 0 0 1 1 0 0 1 0 0 0 0 0 0 0 0 0 0 0 0 0 0 0 0 0 0 0 0 1 0 0 0 0 0 0 
0 0 0 0 0 1 0 0 0 0 0 -1 1 1 0 0 0 0 0 0 0 -1 0 1 1 0 0 0 0 1 0 0 0 1 0 0 0 0 0 -1 0 -1 0 0 -1 0 1 0 0 0 0 0 0 0 0 0 0 0 0 0 0 1 0 -1 0 0 0 0 -1 0 0 0 0 0 1 0 0 0 0 0 0 -1 0 0 0 -1 0 0 0 0 0 -1 -1 0 1 0 0 0 0 0 0 0 0 0 0 1 0 0 0 0 0 0 0 0 0 0 0 0 0 0 0 0 0 0 0 0 0 0 0 0 0 0 1 0 0 0 0 0 0 0 1 0 0 0 0 0 0 0 0 0 0 0 0 1 0 1 -1 0 -1 -1 0 0 0 0 0 0 0 0 0 0 0 0 0 0 0 0 0 0 0 0 0 0 0 -1 0 0 0 0 0 0 0 1 0 0 0 0 0 0 0 -1 
0 0 0 -1 0 0 -1 0 0 0 0 0 0 0 0 0 0 0 0 0 0 0 0 0 0 0 0 0 0 0 0 0 0 0 0 -1 0 -1 0 0 0 0 0 0 0 0 1 -1 0 0 0 0 0 0 0 0 0 0 0 0 0 0 -1 0 0 0 1 0 0 -1 0 1 0 1 0 0 0 0 -1 0 0 0 -1 0 0 0 1 0 0 0 0 0 0 0 0 0 1 0 0 0 0 0 0 0 -1 0 1 -1 0 0 0 0 0 -1 0 0 1 0 0 0 0 0 0 0 0 0 0 0 0 0 0 1 0 1 0 0 0 0 0 0 0 0 -1 0 1 0 0 0 0 1 0 1 -1 0 -1 0 0 0 0 1 0 0 0 0 0 0 -1 1 0 0 0 0 0 0 1 0 0 0 0 0 -1 -1 1 1 0 0 0 -1 0 0 0 -1 0 0 0 0 0 0 0 0 
0 0 1 0 0 0 0 0 0 0 1 0 0 0 0 0 0 0 0 -1 0 0 0 0 -1 0 0 0 -1 0 0 0 0 0 0 0 -1 0 0 0 0 0 0 0 1 0 0 0 1 0 0 0 0 0 0 0 1 0 1 0 0 0 0 1 0 0 0 -1 0 0 0 0 1 -1 0 0 1 0 -1 0 0 0 0 1 0 0 0 0 0 1 0 0 0 0 0 0 0 0 0 -1 0 0 0 0 1 0 0 0 0 1 -1 0 0 -1 -1 0 0 0 0 0 0 0 0 0 0 1 0 0 0 0 0 1 0 0 0 0 0 0 0 0 0 0 0 0 0 -1 0 0 0 0 -1 0 0 0 0 0 0 0 -1 0 0 0 0 1 -1 0 0 0 0 0 0 0 0 0 0 0 0 0 0 0 0 0 -1 -1 0 0 1 0 1 0 0 0 0 0 -1 0 0 0 0 0 
0 0 0 0 1 0 1 0 0 1 0 0 0 0 1 -1 0 1 0 0 -1 0 0 0 0 0 0 0 0 0 0 0 0 0 0 0 1 0 0 0 0 0 1 0 0 0 0 0 -1 0 0 -1 0 0 0 0 0 -1 1 1 0 0 0 1 0 0 0 -1 0 0 0 0 0 0 0 -1 0 -1 0 0 0 0 0 1 -1 0 0 1 0 0 0 0 0 0 0 0 0 0 0 1 0 -1 0 0 0 1 0 0 1 0 1 0 1 -1 0 0 0 0 0 0 0 0 0 0 0 0 0 0 1 0 0 0 0 -1 0 -1 -1 -1 0 0 0 -1 0 1 0 0 0 -1 0 0 -1 0 0 -1 0 -1 0 0 0 0 0 0 -1 0 0 0 0 -1 1 0 0 -1 -1 0 0 0 0 0 0 0 0 0 0 0 0 0 0 0 -1 0 0 0 0 0 0 0 0 1 0 0 
0 0 0 -1 1 0 0 1 -1 0 0 1 0 -1 0 0 0 0 0 0 0 0 -1 0 0 1 0 0 0 0 0 -1 1 0 -1 1 0 0 0 0 0 0 -1 0 0 0 -1 0 0 0 1 0 0 0 0 1 0 0 1 0 0 1 0 0 -1 0 0 0 0 0 0 0 0 1 0 0 0 0 0 0 0 0 0 0 0 0 1 -1 0 0 0 0 0 0 0 0 0 0 -1 0 0 0 0 0 0 0 -1 -1 0 0 0 0 0 0 0 0 1 0 -1 0 0 1 0 0 0 0 -1 0 0 0 0 0 0 0 0 1 0 0 0 0 0 0 0 -1 0 0 0 0 0 0 0 0 1 0 0 0 0 0 0 0 0 0 1 -1 0 0 0 -1 -1 0 0 0 0 0 0 0 0 1 0 1 0 0 0 0 0 0 -1 0 0 0 0 0 0 1 0 1 0 1 0 0 
0 0 0 -1 0 0 0 1 -1 0 0 0 0 0 0 0 0 0 0 0 0 0 0 0 -1 0 0 0 0 0 0 0 0 0 -1 0 1 0 0 1 0 0 -1 0 -1 0 0 0 0 0 0 0 0 0 0 0 0 1 1 0 0 0 -1 0 -1 0 1 0 0 -1 0 0 -1 0 -1 -1 1 0 0 0 0 -1 0 0 -1 0 0 0 -1 1 -1 0 0 0 0 0 0 0 0 1 0 0 0 0 0 -1 0 -1 0 0 0 1 0 0 1 0 0 -1 0 0 0 0 0 0 0 0 -1 0 0 0 0 -1 0 0 0 0 0 0 0 0 0 0 0 0 0 0 0 0 0 -1 0 0 0 0 0 0 1 0 1 0 0 0 0 0 0 0 0 0 0 0 0 0 -1 0 0 0 0 0 0 0 0 -1 0 0 0 0 0 0 -1 1 0 -1 0 0 0 0 0 0 0 -1 
0 0 0 0 0 0 0 0 -1 1 0 0 1 1 0 -1 0 0 -1 0 0 0 0 0 0 0 0 0 0 0 -1 0 0 0 0 0 1 1 0 0 0 0 0 1 0 0 -1 0 0 0 0 0 0 0 -1 0 -1 1 0 0 0 0 0 0 0 0 0 0 0 0 0 0 0 0 0 1 0 0 0 0 0 0 0 1 0 0 0 0 0 0 0 0 0 0 0 0 0 0 0 0 0 -1 0 0 0 0 0 0 0 0 0 0 0 0 0 0 0 0 0 0 0 0 1 0 0 0 0 0 0 0 0 0 0 0 0 0 -1 0 0 0 0 0 -1 0 0 0 0 0 -1 0 0 0 0 -1 0 0 -1 0 0 -1 0 0 0 0 0 0 0 0 0 0 1 0 0 -1 1 0 0 0 0 1 0 -1 0 0 0 0 0 0 0 0 0 0 0 0 0 0 0 0 0 0 
0 1 0 0 0 0 0 0 -1 -1 0 0 1 0 0 0 0 0 0 0 0 -1 0 -1 0 0 0 0 0 0 0 0 0 0 -1 0 0 0 0 0 1 0 0 0 0 0 0 0 0 1 0 0 0 0 0 0 0 0 0 -1 0 0 0 0 0 0 0 0 0 0 0 0 0 0 -1 0 0 0 0 0 -1 1 0 1 0 0 0 0 0 0 0 -1 0 0 0 0 0 0 0 -1 0 0 0 -1 0 -1 -1 0 0 0 0 0 0 0 0 -1 0 0 0 0 0 0 0 -1 1 0 0 0 0 1 0 0 0 0 0 0 -1 0 0 0 0 0 0 0 0 0 1 0 0 0 0 0 0 0 -1 -1 0 0 0 0 0 0 -1 0 0 0 0 0 0 -1 0 0 0 -1 0 0 0 0 0 0 0 -1 0 -1 0 0 0 0 0 0 0 -1 0 0 0 0 1 0 -1 0 
0 0 0 1 0 0 -1 0 0 -1 0 0 -1 0 -1 0 0 0 0 -1 0 0 0 0 0 0 0 0 -1 -1 0 0 0 0 0 0 0 0 -1 0 0 0 0 -1 0 0 0 1 0 0 0 0 0 0 -1 0 0 0 -1 0 0 0 0 -1 0 0 0 1 0 0 0 0 0 0 0 0 0 0 0 0 0 1 0 0 0 0 0 0 0 0 0 0 0 0 0 0 -1 0 0 0 0 0 0 0 -1 0 0 0 0 0 0 0 0 0 -1 0 0 0 0 1 0 0 0 0 0 0 0 0 0 0 0 0 0 0 -1 1 0 0 -1 0 0 0 0 0 0 0 -1 0 1 0 0 0 0 1 0 0 0 1 0 0 1 0 0 0 0 0 1 0 0 0 0 1 0 0 0 0 0 0 0 0 0 -1 0 0 0 -1 -1 0 1 0 0 -1 -1 0 0 0 0 0 -1 0 
1 -1 0 0 0 0 0 0 -1 0 1 0 0 0 0 0 0 0 0 0 0 0 0 0 0 0 0 0 0 0 0 0 0 0 -1 0 1 0 1 -1 0 0 0 -1 0 0 0 -1 0 0 1 0 0 1 0 0 0 -1 -1 0 0 0 0 1 0 0 0 1 0 -1 0 0 0 0 0 0 0 0 0 0 0 0 0 0 0 0 -1 0 1 0 0 -1 -1 0 0 -1 0 0 0 0 1 0 0 -1 1 0 0 0 0 0 0 0 0 0 0 0 0 0 0 0 -1 0 0 0 0 -1 1 0 0 0 0 1 0 0 -1 0 0 0 0 -1 0 0 0 0 0 0 -1 0 0 0 -1 1 0 0 0 0 0 0 0 0 0 0 0 0 0 0 0 0 0 0 0 0 -1 0 0 0 0 -1 0 0 0 0 0 0 0 -1 0 0 0 0 0 0 0 -1 -1 0 0 1 0 0 
0 0 0 0 0 -1 1 0 -1 0 0 0 1 1 0 1 0 1 0 0 0 1 -1 0 0 0 0 0 0 0 0 0 0 1 -1 0 0 0 0 -1 0 1 -1 -1 0 0 1 0 -1 1 0 0 0 -1 0 0 0 -1 0 0 -1 -1 0 0 0 0 0 0 0 0 -1 -1 0 0 0 0 0 0 1 0 0 0 0 0 0 0 -1 0 0 -1 0 0 0 0 0 0 1 0 0 0 0 0 0 1 0 0 0 0 0 -1 0 0 -1 0 0 0 0 0 -1 -1 -1 0 0 1 -1 0 0 0 0 0 1 0 0 0 0 0 1 0 0 0 -1 0 0 0 -1 0 0 0 0 0 0 0 0 0 0 0 0 0 0 0 0 0 0 0 0 0 -1 0 0 1 0 0 0 0 0 -1 -1 0 -1 0 0 0 0 1 0 0 0 0 0 1 1 0 0 0 0 0 0 0 -1 0 
0 0 -1 0 0 0 0 0 -1 0 -1 -1 1 -1 0 0 -1 0 0 0 1 0 0 1 1 0 1 0 0 0 0 0 0 0 0 0 0 1 0 1 0 0 0 0 0 0 0 0 0 1 0 0 0 0 0 0 0 0 0 0 0 -1 0 0 0 0 0 0 0 0 0 0 0 0 1 0 0 0 0 1 0 0 0 1 0 0 0 0 0 0 0 0 0 0 0 0 0 0 0 0 1 0 0 -1 0 0 0 0 -1 0 0 0 1 0 0 0 0 0 0 0 0 0 0 0 0 0 -1 0 0 1 0 1 0 0 0 0 0 0 0 -1 0 1 0 1 0 0 0 0 0 0 0 0 0 0 0 0 0 0 0 0 -1 0 -1 0 1 0 0 1 0 0 0 0 0 0 0 0 0 0 -1 0 0 0 1 0 -1 0 0 0 0 0 1 1 0 0 0 0 0 0 1 0 
0 0 1 0 0 0 0 0 0 0 0 0 0 0 0 0 0 0 0 0 0 0 0 0 0 0 0 0 0 1 0 -1 -1 1 0 1 0 -1 0 -1 0 0 0 0 0 0 0 0 0 0 0 -1 0 1 0 0 0 0 0 1 0 0 0 -1 0 -1 0 1 0 0 0 -1 0 0 0 0 0 0 0 0 0 0 0 0 1 0 0 1 0 0 0 -1 0 -1 0 0 0 0 0 0 -1 0 0 1 0 0 1 0 0 0 0 0 0 -1 0 -1 0 0 1 0 0 0 -1 1 0 0 0 1 0 0 -1 0 0 1 0 0 0 0 0 0 0 0 0 0 0 0 0 0 0 0 0 1 0 0 0 0 0 0 -1 0 1 0 0 -1 1 1 0 1 -1 0 0 0 0 0 0 0 0 0 0 0 0 0 0 0 0 0 0 -1 0 0 1 -1 0 0 0 0 0 0 0 0 
0 0 0 0 0 0 0 0 0 0 -1 0 0 0 0 0 0 0 0 0 0 0 -1 0 0 0 -1 0 0 0 0 0 0 0 0 0 0 0 0 0 0 0 0 0 1 0 0 -1 0 1 -1 0 0 0 0 0 0 0 0 -1 0 0 0 1 0 0 0 -1 0 0 -1 0 0 0 1 0 0 0 0 0 0 0 0 0 0 0 0 0 0 0 0 1 0 0 0 0 0 0 -1 0 1 0 1 0 0 -1 0 1 0 0 0 0 0 1 0 -1 1 0 0 -1 -1 1 0 0 0 0 0 0 0 -1 0 0 0 1 0 0 0 0 0 -1 0 0 0 0 -1 0 0 0 0 0 1 0 0 0 0 -1 -1 -1 0 0 0 0 0 0 0 1 0 0 0 0 0 0 0 0 0 0 -1 0 0 0 0 0 0 0 1 1 1 0 0 0 -1 0 0 0 0 0 0 0 0 0 
0 0 0 0 0 0 0 0 0 0 0 0 0 0 0 0 0 0 0 -1 0 0 1 0 -1 0 0 0 0 0 0 0 0 -1 0 1 0 0 0 -1 1 -1 0 0 0 1 0 0 0 0 0 0 1 0 0 0 0 -1 1 1 0 0 -1 0 0 0 0 0 0 -1 0 0 0 0 0 0 0 0 0 -1 1 0 0 0 0 0 0 0 0 0 0 0 0 0 -1 0 0 0 0 -1 -1 0 0 0 0 0 -1 0 0 0 0 0 0 0 0 0 0 1 1 0 -1 0 0 0 0 1 0 0 0 0 0 0 0 0 0 1 -1 0 0 0 0 -1 0 1 0 -1 0 0 0 1 0 0 0 0 0 0 0 0 0 0 0 0 0 0 0 0 0 0 0 0 0 -1 0 0 1 0 0 0 0 1 0 -1 0 0 1 -1 1 0 0 0 0 0 1 0 0 0 0 0 0 0 
0 0 0 0 -1 0 1 0 0 0 0 -1 0 -1 0 0 0 1 0 0 -1 0 0 1 -1 0 0 0 0 -1 0 0 1 0 0 0 0 0 0 0 0 -1 1 1 0 0 0 -1 1 0 1 0 0 0 0 0 0 1 0 0 0 0 1 0 0 -1 0 0 0 0 0 0 0 0 0 -1 0 0 0 0 0 0 0 0 1 -1 0 0 0 0 0 0 0 0 0 1 0 0 0 1 0 0 0 0 0 0 0 -1 1 0 0 0 1 0 0 0 1 0 0 0 0 0 0 0 0 0 0 0 0 1 0 0 0 0 0 0 0 0 0 0 0 0 0 0 0 0 0 0 0 1 0 0 0 0 0 0 1 1 -1 0 1 -1 0 0 0 0 0 1 0 0 1 0 0 0 0 0 0 1 0 0 0 0 0 0 1 -1 0 0 0 0 0 1 0 0 0 0 -1 0 0 0 
0 0 0 0 0 0 0 0 -1 0 0 0 0 0 0 1 0 0 0 0 0 0 0 0 1 0 0 0 0 0 0 -1 0 -1 0 1 0 0 0 0 0 1 -1 -1 1 0 -1 -1 0 0 0 0 -1 0 0 0 0 0 0 0 1 0 0 0 1 0 0 -1 0 0 0 0 0 0 0 0 0 0 0 0 0 0 0 0 0 0 0 0 0 0 0 1 -1 0 0 0 0 -1 -1 0 0 0 1 0 0 0 0 0 0 1 1 0 0 0 0 0 0 0 -1 0 1 -1 0 0 0 -1 0 0 0 0 0 0 0 0 0 -1 0 0 0 0 0 0 0 1 0 0 1 0 1 1 0 -1 0 0 0 0 0 0 0 -1 0 0 -1 0 0 0 0 1 0 0 0 0 0 -1 -1 0 0 0 0 0 0 0 0 0 0 0 0 0 0 1 0 0 0 1 0 -1 0 -1 1 0 

10 4 1 6 7 7 8 9 1 1 1 3 2 3 2 9 3 5 4 4 4 1 9 3 7 8 3 8 5 1 7 1 2 8 3 8 7 10 2 10 9 9 1 10 5 3 8 10 1 4 6 7 10 9 1 9 9 6 9 5 8 2 2 10 3 2 9 3 1 10 6 4 10 2 7 3 4 2 9 8 9 7 1 10 2 3 1 3 9 2 10 2 6 5 10 8 6 9 9 8 