100 200
0 0 -1 -1 0 0 0 0 -1 1 0 -1 0 -1 0 0 0 0 0 0 0 0 0 0 0 0 0 0 0 0 0 0 0 0 0 0 0 0 0 0 0 0 0 0 0 0 0 0 0 0 -1 0 0 0 0 0 0 0 1 0 0 0 0 0 0 1 1 0 0 0 0 0 -1 0 0 0 0 0 0 0 1 1 0 1 0 0 0 0 0 0 0 0 0 0 0 0 0 0 0 0 0 0 0 -1 1 1 0 0 0 0 0 -1 0 -1 0 0 0 0 0 0 0 0 0 0 0 0 0 -1 1 1 0 0 0 0 0 1 0 0 0 1 0 0 0 0 0 0 0 0 0 0 0 0 -1 0 0 0 0 0 -1 0 0 1 0 -1 0 0 0 0 0 0 0 0 0 0 0 0 1 0 -1 0 0 0 0 0 0 0 0 0 1 1 0 0 0 0 -1 0 0 0 0 0 
0 0 0 0 0 -1 0 0 0 0 1 0 0 0 0 0 -1 0 0 0 0 1 0 0 1 0 0 0 0 0 0 -1 -1 0 0 0 1 0 0 -1 0 1 0 0 -1 0 0 1 0 0 0 0 0 0 0 0 0 0 0 0 0 0 -1 -1 -1 0 0 0 0 -1 1 0 0 0 1 0 0 0 0 0 0 0 0 0 0 -1 0 0 0 0 0 0 0 0 0 -1 0 0 0 0 0 0 0 0 0 0 0 0 0 1 0 0 0 0 0 0 0 0 0 0 0 0 0 0 -1 0 1 0 1 0 0 0 0 0 0 0 0 0 0 0 0 1 1 0 1 -1 -1 -1 0 0 0 0 0 0 0 0 0 0 0 0 -1 0 0 0 0 0 0 0 0 0 -1 0 -1 0 0 0 0 0 1 0 -1 0 0 0 0 0 0 0 0 1 0 0 0 -1 0 0 0 1 0 0 
0 0 0 0 0 -1 0 1 -1 0 0 0 0 1 0 0 0 0 0 1 0 0 0 0 0 -1 0 0 0 0 0 0 1 0 0 0 0 0 -1 -1 0 0 0 0 1 0 0 0 0 0 0 0 0 1 -1 -1 0 0 0 0 0 0 0 1 0 0 0 0 0 0 0 0 -1 0 0 0 -1 0 0 0 0 -1 0 0 0 0 0 0 -1 0 0 0 0 0 0 0 0 0 0 0 0 0 0 0 0 0 1 0 0 0 -1 0 -1 0 0 0 0 0 0 0 0 0 0 0 0 1 1 0 0 1 0 0 0 0 0 0 0 0 0 0 0 -1 0 0 0 0 1 0 -1 -1 0 1 0 0 0 -1 0 0 0 -1 0 0 0 0 0 0 0 0 0 0 0 0 0 0 -1 0 1 1 0 0 0 0 -1 0 0 0 1 0 0 0 0 0 1 0 0 0 0 0 0 0 
0 0 0 0 0 0 0 0 -1 0 0 0 0 0 0 0 0 0 -1 -1 0 -1 0 0 0 -1 -1 0 0 0 0 0 0 0 1 0 0 0 0 0 0 0 0 0 0 0 0 0 0 0 0 0 0 0 0 0 0 -1 0 0 0 0 0 0 -1 0 -1 0 0 0 1 0 0 0 0 0 0 0 0 0 1 0 0 0 0 0 0 0 0 1 0 1 0 0 0 0 0 0 0 -1 0 0 0 0 0 0 0 -1 1 -1 -1 0 0 0 -1 0 -1 0 0 1 0 0 0 0 0 0 0 0 0 0 0 0 0 -1 0 0 0 0 0 0 0 0 0 0 0 0 0 0 0 0 0 -1 0 0 0 0 0 0 0 0 0 0 0 0 0 1 0 0 0 0 0 -1 0 0 0 1 -1 1 0 0 0 0 0 0 0 0 0 -1 0 0 0 0 0 0 0 0 0 0 0 -1 
1 0 0 1 0 0 1 0 0 0 -1 -1 0 -1 0 0 0 0 0 0 0 0 0 0 0 0 0 0 0 -1 0 0 -1 0 0 0 0 0 0 0 0 0 1 1 0 0 -1 0 0 0 -1 0 0 0 0 0 1 1 0 0 -1 0 -1 0 -1 0 0 1 0 0 0 0 0 1 -1 0 0 0 0 0 -1 0 0 0 0 1 0 0 0 0 0 0 0 -1 0 1 0 0 0 0 0 0 0 0 0 0 0 0 0 0 0 0 1 1 0 0 0 0 0 0 0 1 0 0 0 1 0 1 0 0 0 1 0 1 0 -1 0 0 0 0 0 0 0 0 0 -1 0 0 0 0 0 0 0 0 0 0 0 0 0 0 0 -1 -1 0 0 0 -1 0 0 -1 0 0 0 0 0 0 -1 -1 1 0 -1 0 0 0 0 0 0 0 0 -1 0 0 0 -1 0 0 0 1 0 0 
-1 0 0 0 0 0 0 1 0 0 0 0 0 0 1 0 0 0 1 1 0 0 0 0 0 0 0 0 0 0 1 0 0 1 0 1 1 0 0 0 0 0 1 0 0 -1 -1 0 0 0 0 -1 1 0 0 0 0 -1 0 0 0 0 0 0 -1 0 0 0 0 0 1 0 0 0 -1 0 0 0 0 0 0 -1 1 0 0 0 0 -1 0 0 0 0 -1 0 1 0 0 0 -1 0 0 0 0 1 0 0 1 1 -1 0 1 0 0 0 0 0 0 0 0 0 0 0 0 0 0 0 0 0 0 0 0 0 0 0 0 0 0 0 0 0 0 0 -1 0 0 0 0 -1 0 0 0 -1 0 0 0 1 0 1 0 0 0 0 0 1 1 1 0 0 0 0 1 0 0 1 0 0 0 0 0 0 0 0 0 0 0 0 0 0 0 0 0 0 0 0 0 0 0 0 0 0 
0 0 0 -1 0 0 0 0 -1 -1 0 0 0 0 -1 0 0 -1 0 0 -1 0 -1 0 0 0 1 0 -1 0 0 0 0 1 0 0 0 0 0 0 0 0 1 0 -1 0 0 0 0 -1 0 0 0 0 0 0 0 0 0 0 0 0 1 1 1 0 0 0 1 0 0 0 0 0 0 0 1 0 0 0 0 0 0 0 -1 0 0 0 0 0 0 1 0 0 -1 0 1 -1 0 0 -1 0 0 0 0 0 0 0 0 1 0 -1 0 0 0 0 0 0 0 0 -1 0 0 0 0 0 0 0 0 0 0 0 1 0 -1 0 0 0 0 0 0 0 0 0 0 0 0 0 0 0 0 0 1 -1 0 -1 0 0 0 0 0 0 1 0 0 0 0 1 0 0 0 0 0 0 0 0 0 -1 0 0 0 0 0 0 -1 0 0 -1 0 0 0 0 -1 0 0 0 0 0 0 0 
1 0 0 0 0 0 0 -1 0 -1 1 0 0 0 0 1 0 0 0 0 0 -1 0 0 0 0 0 0 0 0 0 1 0 0 0 0 0 0 0 0 0 0 -1 1 0 0 0 0 0 0 0 0 0 0 0 1 0 0 0 -1 0 0 0 0 0 0 0 1 0 0 0 -1 0 0 0 0 0 0 0 1 0 0 0 0 0 0 0 0 0 0 1 0 0 0 1 -1 0 -1 0 0 0 1 0 0 0 0 0 0 0 0 0 1 0 0 0 -1 1 0 0 0 0 0 0 0 0 0 0 0 0 0 0 0 0 0 0 0 1 0 0 0 1 0 0 0 0 0 0 0 1 0 0 0 1 0 0 0 0 -1 1 -1 0 0 0 1 -1 0 0 0 0 0 0 0 -1 0 0 0 0 0 0 1 0 1 0 -1 0 0 0 0 0 0 0 0 0 0 0 0 0 0 0 0 
0 0 0 0 0 0 -1 -1 0 0 0 0 1 0 -1 0 0 0 0 0 0 0 0 0 0 0 -1 0 0 0 0 1 0 0 -1 0 0 0 0 0 0 0 0 -1 1 0 0 -1 0 0 0 0 0 0 0 0 0 0 0 0 0 0 0 1 0 0 0 0 0 1 0 0 0 0 0 0 0 -1 -1 0 0 1 0 0 0 0 0 0 0 0 1 -1 0 -1 0 0 1 0 0 0 0 0 0 0 0 -1 0 0 0 0 0 0 0 0 0 -1 0 1 0 0 0 0 0 0 -1 0 0 0 0 0 0 1 0 -1 0 1 0 0 0 0 0 0 0 0 0 1 0 0 0 1 0 1 0 0 0 1 0 0 0 0 -1 0 -1 0 0 1 0 0 0 0 0 -1 0 -1 0 0 0 0 0 0 0 0 0 0 0 0 0 0 0 -1 0 1 0 1 0 -1 0 0 0 1 
0 0 0 0 0 0 0 1 0 0 -1 0 0 0 -1 0 0 0 -1 0 0 0 0 0 0 0 0 0 0 0 0 0 0 1 0 0 0 0 0 1 0 0 0 0 0 0 0 0 0 0 0 -1 0 0 0 1 0 0 0 0 0 1 0 0 0 0 0 0 0 0 0 0 0 0 0 0 0 0 0 -1 -1 0 0 0 0 0 0 0 1 0 0 1 0 1 0 0 0 0 1 -1 -1 1 0 0 0 -1 1 0 0 0 0 0 0 -1 1 0 0 1 0 0 -1 1 0 0 0 0 0 0 0 0 0 0 0 0 0 -1 0 1 0 0 0 0 0 0 0 0 0 0 0 0 0 0 -1 0 1 -1 1 0 0 0 1 1 0 -1 0 0 0 1 -1 0 0 0 0 0 1 0 0 -1 0 1 0 0 0 0 0 0 1 0 0 -1 0 0 0 0 -1 0 0 1 0 0 
0 0 0 0 0 0 1 0 0 0 0 0 0 0 0 0 0 0 0 1 1 1 0 0 0 1 0 0 0 0 0 0 0 0 0 0 0 0 0 0 -1 0 0 0 0 0 0 0 1 0 1 -1 0 -1 1 0 0 0 0 0 1 0 0 0 0 0 0 0 0 -1 0 0 0 1 0 0 -1 0 0 0 0 0 0 0 0 0 0 0 0 0 0 0 0 1 0 -1 -1 0 0 0 0 0 1 0 -1 0 -1 0 0 0 1 0 0 0 0 0 0 0 0 0 0 0 0 0 0 0 0 0 0 0 0 1 0 -1 0 0 0 1 1 0 0 0 0 0 0 0 -1 0 1 0 0 0 0 1 0 0 0 0 0 0 1 0 0 0 0 0 0 0 0 0 0 0 0 0 0 0 0 0 0 0 1 0 0 0 0 -1 1 0 0 0 0 0 0 0 0 0 0 0 0 0 
0 0 0 0 1 1 0 0 0 0 0 0 0 0 0 0 0 0 0 0 -1 0 0 1 1 0 0 0 0 0 0 0 0 0 0 0 -1 0 0 0 0 -1 0 0 0 0 1 0 0 0 0 0 1 0 0 0 0 0 0 0 0 0 0 0 -1 0 0 1 0 0 0 0 0 1 0 0 1 0 1 0 0 0 0 0 0 0 0 0 0 1 0 0 0 0 0 1 0 -1 0 -1 0 0 0 0 0 0 0 0 0 0 1 0 0 0 0 0 0 0 0 0 0 0 0 0 -1 0 0 0 0 0 1 0 0 0 0 1 0 0 0 0 0 0 1 0 1 0 0 0 0 -1 0 0 0 0 0 0 0 0 0 0 0 0 0 0 0 0 0 0 -1 0 0 -1 0 0 0 0 1 0 -1 0 0 0 0 -1 0 0 0 0 0 0 0 0 0 -1 0 0 -1 0 0 0 
-1 -1 -1 1 0 0 -1 0 0 0 0 0 -1 0 -1 -1 0 0 0 1 0 0 1 0 0 1 -1 0 0 0 0 0 0 1 0 -1 0 0 1 0 0 0 0 0 0 0 1 0 0 0 0 0 0 0 0 0 -1 0 0 1 0 0 0 0 0 -1 0 0 0 -1 0 0 0 0 0 0 0 0 0 0 1 1 0 0 0 0 0 0 0 0 0 0 0 1 0 -1 1 1 0 -1 0 0 1 0 1 0 0 0 0 1 0 0 0 -1 0 0 0 0 1 0 0 0 0 0 0 0 -1 0 1 0 0 -1 0 0 0 0 0 0 0 0 0 0 0 0 0 0 0 0 0 0 1 0 0 0 0 0 -1 0 0 0 0 0 0 0 0 0 1 0 0 0 0 0 0 0 0 0 0 0 -1 -1 0 0 0 0 1 0 0 0 0 0 0 0 0 1 0 0 0 0 0 1 
0 0 0 0 0 0 -1 0 0 0 0 0 0 0 0 1 0 0 0 0 0 0 0 0 0 0 0 0 0 0 0 0 1 0 0 0 0 0 0 0 0 0 0 1 0 0 0 0 0 0 1 0 0 0 0 -1 -1 0 0 0 0 0 0 0 0 1 1 0 0 0 -1 0 0 1 0 0 0 0 0 0 1 0 0 1 0 0 0 0 0 1 0 0 -1 0 0 0 -1 1 0 -1 1 0 0 0 0 0 0 0 0 1 0 0 0 0 0 0 0 0 0 0 0 1 0 0 0 0 0 0 0 0 0 0 0 0 0 0 0 0 0 0 -1 0 0 0 0 0 -1 0 0 -1 0 0 0 0 0 0 1 0 0 -1 1 0 0 0 0 0 0 0 0 0 0 0 1 1 -1 -1 0 0 0 0 0 0 0 0 -1 0 0 0 0 0 0 -1 -1 -1 0 0 0 1 0 0 
0 0 0 -1 1 0 0 0 0 0 1 -1 0 0 0 0 0 1 0 0 0 0 0 0 0 0 0 0 0 0 0 0 0 0 0 0 0 -1 0 0 0 1 0 1 0 0 0 0 0 0 0 0 0 0 1 0 0 0 0 0 0 0 0 0 -1 1 1 0 -1 0 0 -1 0 -1 0 0 0 0 0 0 0 0 0 0 0 0 1 0 0 0 0 -1 0 0 1 0 0 0 -1 0 0 0 0 1 -1 0 0 0 0 0 0 0 1 0 0 0 0 0 0 0 0 0 0 0 0 0 0 0 0 0 0 1 0 1 0 0 0 0 0 0 0 0 0 0 -1 -1 0 0 -1 0 0 0 0 0 0 0 0 0 0 0 0 0 0 0 0 0 0 0 0 1 0 0 0 0 0 0 0 0 0 0 0 0 1 0 0 0 0 0 0 0 0 -1 0 0 0 0 1 0 0 0 
0 0 0 0 0 0 -1 0 0 0 0 0 0 0 0 0 1 1 0 0 -1 -1 0 -1 1 0 0 0 0 0 0 -1 0 0 0 0 0 0 0 0 1 0 0 0 -1 0 0 0 1 0 0 1 0 0 1 0 0 0 0 0 -1 0 -1 0 1 0 0 0 0 0 0 0 0 1 1 0 0 0 0 0 -1 -1 0 0 0 0 1 -1 0 0 0 0 1 -1 0 0 0 0 0 0 0 -1 0 0 0 0 0 0 0 0 0 0 0 0 1 0 1 0 0 0 0 0 0 1 0 -1 0 0 0 0 0 0 0 0 0 0 0 0 0 -1 0 0 0 0 0 0 0 0 0 0 0 0 0 0 0 -1 0 0 0 0 0 0 0 0 -1 -1 1 0 0 0 0 0 1 0 -1 0 0 -1 1 0 0 0 0 0 0 0 0 0 -1 0 0 0 0 0 0 0 0 0 0 0 
0 0 0 0 0 -1 -1 1 0 0 0 0 0 0 0 0 -1 0 -1 1 0 0 0 0 0 0 -1 -1 0 0 0 0 1 0 0 0 1 0 -1 -1 0 0 0 0 -1 0 0 -1 -1 0 0 0 -1 0 0 0 1 0 0 0 0 1 -1 1 0 0 0 1 0 0 0 0 0 0 -1 0 0 0 1 0 0 0 0 0 -1 0 0 1 0 0 0 1 0 0 -1 0 0 0 -1 0 0 0 1 -1 0 0 0 0 0 0 1 0 -1 0 0 0 0 0 0 -1 0 0 -1 -1 0 0 0 0 0 1 0 1 -1 0 0 0 0 0 0 0 0 -1 0 0 0 0 0 0 0 0 0 0 0 0 0 1 0 -1 0 0 0 0 0 0 0 0 0 0 -1 0 -1 0 0 0 0 0 0 0 0 1 0 0 0 0 -1 0 0 0 0 -1 0 0 0 0 1 0 0 1 0 0 
0 0 0 0 0 0 0 0 0 0 0 1 1 0 0 0 0 0 0 1 0 0 0 0 1 0 1 -1 -1 0 1 0 0 0 1 0 1 0 0 0 0 0 0 0 0 0 1 0 0 0 0 0 -1 0 0 0 0 0 1 0 0 0 0 1 0 0 0 0 0 0 0 0 0 -1 -1 1 0 0 0 0 0 0 0 0 -1 0 0 0 0 0 0 -1 0 1 0 0 0 0 0 0 0 0 0 0 1 -1 0 0 -1 0 0 1 0 0 0 0 0 0 0 0 0 0 1 1 0 0 1 1 -1 0 0 0 0 0 0 0 0 0 0 0 0 0 -1 1 -1 0 0 0 1 0 0 0 0 0 0 0 0 0 0 -1 0 0 0 0 0 0 0 0 0 -1 0 0 0 0 0 0 0 -1 0 0 0 0 -1 0 0 0 1 -1 0 1 0 -1 0 0 0 0 0 0 0 0 
0 0 1 0 0 0 0 0 0 0 0 0 0 0 0 0 -1 0 0 0 0 -1 0 0 0 0 1 0 0 0 0 0 0 0 1 0 0 0 0 0 0 0 0 1 1 0 0 1 0 0 0 1 0 0 0 1 0 0 0 0 0 1 0 -1 0 0 0 0 0 1 0 0 1 0 0 -1 -1 0 1 1 0 0 0 0 0 0 0 0 -1 0 0 0 0 0 0 0 0 1 0 0 0 0 -1 0 0 0 0 0 0 0 -1 0 0 0 0 -1 -1 0 0 1 0 0 0 0 -1 0 0 0 0 0 0 -1 0 0 1 0 0 -1 0 0 -1 0 0 0 0 0 0 0 0 0 0 0 0 0 0 0 1 1 0 1 0 0 0 0 0 0 0 0 0 0 0 1 0 0 0 0 0 0 1 0 -1 0 1 0 0 0 0 0 0 -1 0 0 0 0 0 0 1 -1 0 0 
0 1 0 0 -1 0 0 0 0 0 0 0 0 1 0 -1 0 0 0 0 0 0 0 0 0 0 0 0 0 0 0 0 1 -1 0 0 1 0 -1 0 0 0 0 1 -1 0 0 0 -1 0 0 0 0 0 0 0 0 0 0 0 1 0 0 1 0 0 0 0 0 -1 0 0 0 0 0 0 0 0 0 0 -1 0 1 0 1 0 0 -1 0 0 0 0 0 0 -1 0 0 0 -1 0 0 0 0 0 0 0 0 1 0 0 0 0 -1 1 0 0 0 0 0 0 1 0 0 0 0 0 1 0 0 0 1 0 0 0 0 0 0 0 0 0 0 0 0 0 1 1 1 1 0 1 0 -1 0 1 0 0 1 0 0 -1 0 0 0 -1 0 0 1 -1 0 0 0 0 0 0 -1 -1 0 0 1 0 0 0 0 0 -1 0 0 0 0 0 0 -1 0 0 0 0 1 0 1 0 
0 0 0 0 0 0 0 0 0 -1 1 0 0 -1 0 0 0 0 1 0 1 0 0 0 0 0 1 0 0 1 0 0 0 0 1 1 0 0 0 0 0 0 0 0 0 0 0 0 1 0 1 0 0 0 0 0 0 0 0 0 0 0 0 0 1 0 0 0 0 0 0 0 0 0 0 0 0 0 1 0 0 0 0 0 0 0 0 1 0 0 0 0 0 -1 -1 0 0 0 -1 0 0 0 0 0 0 0 0 0 1 0 0 1 0 0 0 1 0 0 0 0 0 0 0 0 0 0 1 0 0 0 0 0 -1 0 1 0 0 0 0 1 0 0 0 1 0 0 0 0 0 0 0 0 0 1 0 0 0 0 0 0 0 0 0 0 0 1 0 0 0 1 0 0 0 -1 0 1 1 0 0 0 0 0 0 0 -1 0 0 0 0 0 0 1 0 0 0 0 1 -1 1 0 
0 0 0 1 -1 0 0 0 0 0 0 0 0 0 1 0 0 0 0 0 0 0 0 0 0 1 0 0 0 0 0 0 0 1 0 0 0 0 0 -1 0 0 1 0 0 0 0 0 0 0 1 0 0 0 0 0 0 0 0 0 0 0 1 0 0 0 0 0 0 0 0 0 0 -1 0 0 0 0 0 0 0 0 0 0 0 1 0 0 0 1 0 -1 0 0 0 0 0 0 0 0 0 0 0 -1 0 0 1 0 0 1 0 1 1 0 0 0 0 -1 0 1 0 1 0 0 0 0 0 0 0 0 0 0 0 0 0 0 0 0 1 0 0 0 0 0 -1 0 -1 0 0 0 0 0 0 0 0 0 0 0 0 0 0 0 0 0 0 0 0 0 0 0 0 0 0 0 1 0 0 0 0 1 -1 0 0 0 0 1 -1 0 0 0 0 -1 0 0 -1 1 0 0 1 0 
0 0 0 0 0 0 0 0 1 0 0 0 0 0 0 0 0 0 0 0 0 0 0 0 0 0 0 0 0 1 0 -1 0 0 -1 -1 0 -1 -1 0 0 0 0 0 0 0 -1 0 1 0 -1 0 0 0 -1 0 0 0 0 0 0 0 0 0 0 0 -1 0 -1 0 0 0 0 0 0 0 0 0 0 0 0 0 1 1 0 0 0 0 0 1 0 -1 0 0 0 1 0 0 0 0 0 0 0 -1 0 0 0 0 0 0 0 1 1 -1 0 0 0 0 1 0 0 0 0 0 0 0 0 0 0 0 0 0 -1 -1 0 0 0 0 0 0 0 0 0 0 0 1 0 0 1 1 0 -1 0 0 0 0 -1 0 0 1 0 -1 0 1 0 0 0 0 0 0 1 0 0 0 0 0 0 0 0 0 1 0 0 0 0 0 0 0 0 0 0 1 0 0 0 0 0 0 0 0 
1 0 -1 0 1 0 0 0 0 0 1 0 0 0 0 -1 1 0 0 -1 0 -1 0 1 0 1 0 0 -1 0 0 0 0 0 0 0 0 0 0 0 1 -1 1 0 0 0 0 0 0 0 0 0 0 0 0 0 0 0 1 0 0 -1 1 0 -1 1 0 -1 -1 -1 0 0 0 1 0 0 -1 -1 0 0 -1 0 0 0 -1 -1 0 -1 0 0 1 0 0 1 0 0 0 0 0 1 0 1 0 1 0 0 1 0 0 0 -1 0 0 0 0 0 -1 0 0 0 0 0 0 0 0 0 0 0 0 1 0 0 0 0 0 -1 0 1 1 0 0 -1 0 -1 0 0 0 0 0 1 0 0 0 0 -1 0 0 0 0 0 0 0 0 0 0 -1 0 1 0 0 -1 0 0 -1 0 1 0 0 0 -1 -1 0 0 0 0 -1 0 -1 0 1 0 0 0 0 0 0 0 0 0 0 
0 0 0 0 0 0 0 1 -1 0 0 0 0 0 0 0 0 1 0 0 0 -1 0 0 0 1 0 0 0 0 0 0 0 -1 0 0 0 0 -1 0 0 0 0 0 0 0 -1 0 -1 0 1 -1 0 0 0 1 1 0 -1 1 0 0 0 1 0 0 0 0 0 0 0 1 0 0 0 0 0 -1 0 0 0 0 0 0 0 -1 0 0 1 0 0 0 0 0 1 0 0 1 -1 0 0 1 1 0 -1 0 0 0 0 -1 0 0 0 0 0 0 1 0 0 0 0 0 1 0 0 0 0 0 0 0 -1 0 0 0 0 0 1 0 -1 1 1 0 0 0 0 0 0 0 0 0 -1 0 0 0 0 0 0 0 0 0 0 0 0 0 1 1 0 0 0 0 0 1 0 1 1 1 0 1 0 0 0 -1 0 0 1 0 0 0 0 0 0 0 0 -1 0 0 -1 1 0 0 
0 0 0 0 0 0 0 0 0 1 0 -1 0 0 0 1 1 0 0 0 0 0 -1 0 0 0 -1 0 0 -1 0 0 0 0 0 0 0 0 -1 -1 0 0 1 0 1 0 1 0 0 0 0 0 0 -1 0 1 0 0 0 0 0 -1 0 1 0 0 0 1 0 0 -1 0 -1 1 0 0 0 0 -1 0 0 0 0 -1 0 0 0 0 -1 0 1 0 0 -1 0 1 -1 -1 0 -1 0 0 0 0 0 0 0 1 0 0 0 0 0 1 0 0 0 0 0 0 0 0 0 0 -1 0 0 -1 0 1 0 0 0 0 0 0 -1 -1 0 0 0 0 0 0 0 0 0 0 0 0 -1 0 0 0 0 0 0 0 0 1 0 0 0 0 0 0 0 0 0 0 0 0 0 0 0 0 0 -1 1 0 0 0 0 0 1 0 0 0 0 0 0 0 0 0 -1 0 0 0 0 1 
0 0 0 -1 0 0 0 1 0 0 1 0 0 0 0 0 0 0 0 -1 0 0 0 0 0 0 0 0 1 0 1 1 0 0 -1 -1 0 0 -1 0 0 0 0 0 0 0 1 -1 0 0 -1 0 1 0 0 -1 0 0 0 -1 1 0 1 0 0 0 1 0 0 0 1 -1 1 0 0 0 0 0 0 0 0 1 0 0 0 0 0 0 0 -1 -1 0 0 0 0 0 0 0 0 0 0 -1 0 0 1 1 0 0 0 0 0 0 0 0 -1 0 0 0 0 1 1 0 0 0 0 0 -1 0 0 1 0 0 0 0 1 0 0 0 0 0 0 0 -1 -1 0 0 0 0 0 0 0 0 0 0 0 -1 0 0 0 0 -1 -1 -1 0 0 0 0 0 1 0 1 0 -1 -1 0 -1 0 0 0 1 0 1 0 0 0 0 0 0 0 0 1 0 0 0 0 0 0 0 1 0 
0 0 0 0 0 1 1 1 0 1 0 0 0 0 0 -1 -1 1 0 -1 1 0 0 0 0 -1 0 0 0 0 0 1 0 0 -1 0 0 0 0 0 0 0 0 0 0 0 0 0 -1 1 0 0 1 0 0 1 0 0 0 1 0 0 0 0 0 0 1 0 1 0 0 0 0 0 -1 0 0 0 0 -1 1 0 0 1 0 1 0 0 -1 0 1 1 1 0 0 0 0 0 0 1 0 0 0 0 0 0 0 -1 0 0 1 0 0 0 0 0 0 0 0 0 0 0 -1 0 0 0 0 0 -1 0 0 0 0 0 0 0 0 0 0 0 0 0 0 0 0 0 0 0 0 0 1 0 0 0 0 0 0 0 0 0 0 0 0 0 0 0 0 0 0 0 0 -1 0 0 0 0 0 0 0 0 0 0 -1 0 0 0 0 1 0 0 0 0 0 1 0 1 0 0 1 0 
0 0 0 0 0 0 0 1 0 0 0 1 0 -1 0 0 -1 1 0 0 0 0 0 1 0 0 0 0 -1 -1 1 0 1 1 0 0 0 0 0 0 0 0 1 0 0 -1 0 0 1 0 1 0 0 0 0 0 0 0 0 1 0 0 0 0 0 0 -1 0 0 0 0 0 0 0 1 0 1 0 0 0 0 -1 0 0 0 0 0 1 0 0 0 0 0 0 0 0 0 0 0 0 0 0 0 0 0 -1 0 0 0 0 0 0 0 0 -1 0 0 -1 0 0 1 0 0 0 0 0 0 0 0 0 0 0 0 -1 0 0 0 0 0 0 0 0 0 1 0 -1 0 0 1 0 0 0 0 0 0 0 0 0 0 -1 -1 0 0 0 0 0 0 0 0 0 0 0 -1 0 0 0 0 0 0 0 0 0 0 0 -1 1 0 0 0 0 1 1 0 0 1 0 0 -1 0 1 
0 0 0 -1 0 0 -1 -1 0 0 0 0 0 0 0 0 0 0 0 0 0 0 0 0 0 0 0 0 0 0 0 0 0 0 0 0 1 0 -1 0 -1 1 0 0 0 0 0 0 0 -1 1 0 0 0 0 0 0 0 0 -1 0 0 0 1 0 0 0 0 -1 0 0 -1 0 0 0 0 0 0 0 0 0 0 0 0 0 0 0 0 0 0 -1 1 1 0 0 0 0 -1 -1 0 0 0 0 0 0 0 0 0 -1 0 1 0 0 0 0 0 0 0 1 0 0 0 0 0 0 0 0 0 0 0 0 0 0 1 0 -1 0 -1 0 0 0 -1 0 0 1 1 -1 -1 0 0 0 0 1 0 0 0 0 1 0 0 0 1 0 0 0 0 0 0 0 0 0 0 0 0 0 0 0 0 0 0 0 0 1 0 0 0 0 0 0 0 0 0 1 0 0 0 0 0 0 -1 
0 0 0 0 0 0 0 -1 0 0 0 1 0 0 0 0 0 0 0 0 0 0 0 1 -1 0 0 0 0 -1 1 0 0 1 0 0 0 0 0 0 0 0 0 0 0 0 0 -1 0 0 0 0 0 0 0 0 -1 0 0 0 0 0 0 0 0 0 1 0 1 0 1 0 0 0 -1 1 0 0 0 0 0 0 0 1 0 1 0 -1 0 0 1 0 1 0 0 0 0 -1 0 0 0 0 0 0 0 -1 0 0 0 0 0 0 -1 0 0 0 -1 0 0 0 0 0 -1 0 0 0 0 1 0 -1 0 0 0 0 0 -1 0 1 0 0 0 0 0 0 0 0 0 0 0 0 0 0 0 0 0 0 0 1 0 0 0 0 1 0 0 -1 1 0 0 0 1 -1 0 0 0 0 1 0 0 0 1 0 0 0 0 -1 1 0 0 0 0 0 0 0 0 0 0 0 0 0 
-1 0 0 0 0 0 0 1 0 0 0 0 1 0 0 0 1 0 0 0 0 0 0 0 0 0 0 0 1 0 -1 0 0 0 1 0 1 0 0 -1 0 0 0 0 -1 0 0 -1 -1 -1 0 0 -1 0 1 0 -1 0 0 0 0 0 0 0 0 0 0 0 0 0 0 -1 0 0 0 -1 0 0 0 0 1 0 0 0 0 0 0 0 0 0 0 0 0 0 0 0 0 1 0 1 0 0 0 0 0 0 1 0 0 0 0 1 0 0 0 0 0 0 0 0 0 0 0 0 0 1 0 -1 0 0 0 0 0 0 0 1 1 0 0 0 0 0 0 0 0 0 0 0 0 0 0 -1 0 0 0 0 0 0 1 0 0 0 0 0 0 0 0 0 0 0 0 1 0 0 0 0 0 0 0 0 0 0 -1 0 0 -1 0 0 0 0 0 -1 0 0 0 0 0 0 0 0 
0 0 0 0 0 0 0 0 0 0 0 0 0 0 -1 0 0 0 0 0 0 0 0 0 0 0 0 0 0 0 -1 -1 0 0 0 0 -1 -1 0 0 0 0 -1 -1 0 0 0 -1 0 1 0 -1 0 0 0 0 0 0 0 0 0 0 0 0 0 0 0 0 0 0 0 0 0 0 0 0 1 0 0 0 0 1 0 0 -1 0 0 0 0 0 1 0 0 0 0 0 0 0 0 0 0 0 1 -1 0 0 0 0 0 0 0 1 0 0 0 0 0 0 0 0 0 0 0 0 -1 0 0 0 0 0 0 0 0 0 0 0 0 0 0 0 0 0 0 1 0 0 0 -1 0 1 1 0 0 1 0 0 0 0 0 -1 0 0 0 0 0 0 0 1 0 1 0 1 0 0 1 0 1 0 0 1 0 0 0 0 0 0 -1 0 0 0 0 0 0 0 0 0 0 0 0 0 
1 0 0 0 0 0 0 0 -1 0 0 0 0 0 0 0 0 0 0 0 0 0 0 0 0 0 0 0 0 0 0 0 0 0 1 0 0 0 0 0 0 0 0 0 -1 0 0 0 0 0 0 0 0 0 0 0 0 0 0 -1 0 0 0 0 0 0 1 0 0 0 0 1 0 0 0 0 0 -1 0 0 -1 0 0 0 0 0 0 0 1 0 1 1 0 0 0 0 0 1 0 0 1 0 1 0 0 0 0 0 0 0 0 0 0 0 1 0 0 0 0 0 0 0 0 0 0 0 0 0 0 1 1 0 0 0 0 0 -1 0 0 -1 0 0 0 0 0 0 0 -1 0 0 0 1 0 0 0 0 0 0 -1 0 0 0 0 0 0 0 0 0 0 0 1 0 0 0 -1 0 0 0 0 0 0 0 1 0 0 1 0 0 -1 0 0 0 1 0 0 0 0 1 0 -1 
0 0 1 0 0 -1 0 1 -1 0 0 -1 0 0 1 0 0 0 0 1 0 0 0 1 0 -1 0 0 0 0 0 0 0 0 0 0 0 0 0 0 0 0 0 0 0 0 0 1 0 -1 0 0 0 0 0 0 0 0 0 0 -1 0 0 0 -1 0 0 0 1 0 0 -1 0 0 0 1 0 0 0 0 0 0 0 -1 0 0 -1 0 0 0 0 0 0 0 1 0 0 0 1 0 0 1 0 0 0 0 0 0 0 1 1 0 0 0 0 -1 0 0 0 0 1 0 0 -1 0 0 0 0 0 0 1 0 -1 0 0 0 0 0 1 0 -1 0 0 1 0 0 0 0 0 -1 -1 0 0 0 0 0 1 0 -1 0 0 0 0 0 0 0 0 -1 0 1 0 0 0 1 0 0 0 0 -1 0 1 0 0 0 0 -1 0 0 1 0 1 0 1 0 0 0 0 0 1 0 
0 0 0 0 1 0 0 0 0 0 0 0 0 0 0 0 0 0 -1 0 0 0 0 0 0 0 0 0 0 0 0 0 0 0 0 0 0 0 0 0 0 0 0 0 0 0 -1 0 0 0 0 0 0 -1 0 0 0 0 0 1 1 1 0 0 0 0 1 0 0 0 0 0 0 0 -1 0 0 0 1 0 0 0 0 0 -1 0 0 0 0 0 0 -1 -1 0 0 0 0 0 0 0 0 -1 0 0 0 0 -1 0 -1 1 0 0 0 0 0 0 1 -1 0 0 0 0 0 0 0 1 0 0 0 0 0 0 0 0 -1 0 -1 0 -1 -1 1 0 0 0 0 0 -1 0 1 0 0 0 1 0 0 0 0 0 1 0 0 -1 0 0 0 0 0 -1 0 0 0 0 1 0 0 0 0 0 0 0 0 0 0 0 -1 0 0 0 0 1 0 1 0 -1 1 0 0 0 -1 0 
0 0 0 0 0 0 0 0 0 0 0 0 -1 -1 0 0 0 0 0 0 0 0 0 0 0 0 -1 0 0 1 0 0 -1 0 0 0 1 -1 0 0 1 0 0 0 0 0 0 0 0 -1 0 0 -1 0 0 0 0 0 0 1 0 -1 0 -1 0 -1 0 0 0 1 0 0 0 1 -1 0 0 -1 0 0 0 0 0 0 0 -1 0 0 0 0 -1 0 0 0 0 0 0 0 0 0 -1 0 0 0 -1 0 -1 -1 0 0 0 0 0 0 0 -1 0 0 0 0 1 1 0 1 0 0 -1 0 0 0 1 1 0 0 0 1 0 0 0 -1 0 0 0 0 0 0 0 0 0 0 0 0 0 0 1 0 0 0 0 1 0 0 0 0 0 0 0 0 0 0 0 1 0 0 0 0 0 0 0 0 0 0 0 0 0 0 0 1 0 0 0 0 -1 0 -1 0 0 0 0 0 
1 1 0 -1 0 0 0 0 0 -1 0 0 0 0 0 0 0 1 1 -1 0 -1 1 0 0 0 0 0 0 0 1 -1 0 -1 0 -1 0 0 0 0 1 -1 -1 0 -1 0 0 0 0 0 -1 0 0 0 0 0 1 0 0 -1 0 0 0 0 0 1 0 0 0 0 0 -1 0 0 0 0 1 1 0 0 0 1 0 0 1 1 0 0 -1 1 0 -1 0 -1 -1 0 0 0 0 0 0 -1 0 0 0 -1 0 1 0 0 0 0 0 0 0 1 0 1 0 0 0 0 0 0 0 0 1 0 0 0 0 -1 0 0 0 0 0 1 0 0 0 0 0 0 0 0 0 0 0 0 0 0 0 -1 0 0 0 0 0 0 0 -1 0 1 -1 0 -1 0 0 0 0 1 0 -1 0 0 0 1 0 0 0 0 0 0 0 0 0 0 0 0 0 0 0 -1 0 1 0 0 0 0 
0 1 0 0 0 1 -1 0 0 0 0 0 -1 0 0 1 1 0 0 0 0 0 0 0 0 -1 0 0 0 0 0 0 0 -1 0 0 -1 0 0 0 0 0 0 0 1 0 0 0 1 -1 -1 0 0 0 0 0 0 -1 0 0 0 1 0 0 0 0 0 0 0 0 -1 0 0 1 0 0 0 1 1 0 0 0 0 0 0 -1 0 0 -1 0 0 0 1 1 0 0 0 0 0 1 0 0 0 0 0 0 0 0 0 0 0 0 0 0 0 0 0 0 0 0 0 0 0 -1 0 0 0 0 0 -1 0 0 0 1 0 0 0 0 0 -1 0 1 0 0 0 0 0 -1 1 -1 0 0 0 1 0 0 0 -1 1 0 0 0 0 0 0 0 0 0 0 0 -1 0 0 0 0 1 0 0 0 1 0 0 0 0 0 0 -1 0 1 1 0 0 0 0 0 0 0 0 0 0 
0 0 0 0 0 0 0 0 1 1 -1 0 0 0 0 0 0 0 1 0 1 0 0 0 0 0 1 0 0 0 0 -1 -1 0 0 0 0 0 0 0 -1 0 0 0 1 0 0 0 1 0 0 0 0 0 0 -1 0 0 0 -1 0 0 0 0 0 0 0 0 1 0 1 0 0 0 0 0 0 0 1 0 0 0 0 0 1 0 0 0 0 0 0 0 0 0 0 -1 0 0 0 0 0 1 0 0 -1 0 -1 0 0 0 0 -1 -1 0 0 0 0 0 1 1 1 0 0 1 0 -1 0 0 0 0 1 -1 0 0 0 0 -1 0 0 0 0 1 0 0 0 0 0 1 0 0 1 1 0 0 -1 0 0 0 0 0 0 0 0 0 1 0 1 0 0 -1 0 0 0 1 0 0 0 0 0 0 -1 0 0 0 0 0 0 0 0 0 1 0 0 0 -1 0 0 0 0 0 
0 -1 -1 -1 0 0 -1 0 0 0 0 1 0 0 0 0 0 0 0 0 1 0 0 0 0 0 0 0 0 0 0 0 1 0 0 0 0 0 -1 0 0 0 -1 0 0 0 0 0 0 0 0 0 0 0 0 0 0 0 0 0 0 0 0 0 0 1 0 0 -1 0 -1 0 0 0 0 0 1 0 0 0 0 0 -1 0 0 0 0 0 0 0 0 0 0 0 0 1 -1 0 0 0 0 0 0 0 0 0 0 0 0 0 -1 0 0 1 0 0 0 0 0 0 0 0 0 0 0 0 0 1 0 0 -1 -1 0 0 0 0 0 0 0 1 -1 0 0 0 0 0 0 0 0 0 0 1 0 0 0 1 0 0 0 1 0 0 0 1 -1 0 0 0 0 0 0 0 -1 0 0 0 1 1 0 0 0 0 0 -1 0 0 -1 0 0 0 0 0 0 1 0 0 -1 0 -1 1 
0 0 0 0 0 1 -1 0 -1 0 0 0 0 0 1 -1 0 0 -1 -1 0 1 0 0 0 0 0 0 0 0 0 0 0 -1 0 0 0 1 0 0 0 0 0 1 0 0 0 0 0 0 0 0 0 0 0 0 1 0 0 0 1 0 0 0 0 0 0 0 0 0 1 0 0 0 0 1 -1 0 0 -1 0 0 0 0 0 0 1 1 0 0 0 -1 0 0 0 1 0 0 0 0 0 0 0 0 0 0 0 0 0 0 1 0 0 0 1 0 0 0 -1 0 0 1 0 0 0 0 1 0 0 0 0 0 0 0 0 -1 0 0 0 0 0 0 1 0 0 0 0 0 0 0 0 0 0 0 1 0 0 -1 0 1 0 0 0 0 1 0 0 0 0 0 0 0 -1 0 0 0 0 0 0 1 0 0 -1 0 1 0 0 0 1 0 0 0 0 0 0 0 1 0 0 0 
0 -1 0 0 0 0 1 0 1 0 0 0 0 0 0 1 0 0 -1 0 0 0 0 0 0 0 0 0 0 0 0 0 0 0 -1 -1 0 0 0 0 -1 0 0 0 0 0 0 0 0 0 0 0 0 0 -1 0 0 0 1 0 0 1 0 0 0 0 -1 0 0 0 0 0 0 0 0 0 0 0 0 0 0 -1 -1 0 0 0 0 0 0 0 0 0 0 0 0 1 0 -1 0 0 -1 0 0 0 0 0 0 0 0 0 0 -1 0 0 1 0 0 1 0 0 0 0 0 0 -1 0 0 0 0 0 0 0 0 1 0 0 0 1 0 0 0 0 1 0 0 0 -1 1 0 0 -1 0 -1 0 -1 0 0 0 -1 0 0 1 0 0 -1 0 -1 0 0 0 0 0 0 -1 -1 0 0 0 0 0 0 0 0 0 0 1 0 0 0 -1 0 0 0 0 0 1 0 0 0 0 
1 0 1 1 0 0 0 1 0 0 0 0 0 1 0 0 0 0 0 0 0 0 0 0 0 0 1 0 0 0 0 0 0 0 -1 0 -1 -1 0 0 0 0 0 -1 0 0 -1 1 0 1 0 0 0 0 1 0 -1 0 0 0 -1 0 0 0 0 0 0 0 0 1 0 0 0 0 -1 0 0 0 0 0 0 0 0 0 0 0 0 0 0 0 0 0 -1 -1 0 -1 0 -1 -1 1 0 0 0 1 0 0 -1 0 0 0 0 0 0 0 0 1 0 1 1 0 0 0 0 0 0 0 0 1 0 1 0 1 1 0 0 0 0 0 1 0 0 0 0 0 0 0 0 0 0 0 0 0 0 -1 0 0 1 0 0 1 1 0 0 0 0 0 0 1 0 0 0 0 0 0 0 1 0 0 0 0 0 0 0 0 0 -1 0 -1 0 0 0 -1 0 1 0 0 0 0 0 0 
0 0 0 -1 0 0 0 0 0 0 0 0 0 0 0 -1 0 0 0 1 0 0 0 1 0 0 1 -1 1 0 0 1 0 0 0 0 0 0 1 0 -1 0 -1 -1 0 0 0 0 0 0 1 0 0 1 -1 0 0 0 0 0 0 0 0 0 0 0 0 0 0 0 -1 0 0 0 0 -1 0 -1 0 0 0 0 1 0 0 -1 0 0 0 0 0 0 0 0 0 0 0 0 0 0 0 0 0 0 0 -1 1 0 0 0 0 1 0 0 0 0 0 0 0 -1 0 0 0 0 -1 1 0 1 0 0 0 0 0 0 0 -1 0 0 0 0 0 0 -1 0 0 0 -1 0 0 0 0 0 -1 0 0 0 0 0 0 0 0 -1 0 0 0 -1 0 -1 0 1 0 0 0 0 0 1 1 0 0 0 -1 0 1 -1 0 0 0 0 0 -1 0 0 0 0 0 0 1 0 0 1 
1 0 0 0 0 0 0 0 0 0 0 1 0 0 -1 0 0 0 0 0 0 -1 0 1 -1 -1 1 0 0 0 0 0 0 0 0 1 0 1 0 0 -1 0 0 0 0 0 0 0 -1 0 0 0 0 0 0 0 0 1 -1 -1 0 0 0 -1 0 1 1 0 0 0 0 0 -1 0 -1 0 0 0 0 0 0 0 1 0 0 0 0 0 0 -1 0 0 0 -1 0 1 0 1 0 1 0 0 -1 -1 1 0 -1 0 0 0 0 0 0 1 1 1 1 -1 0 0 0 1 0 0 0 0 0 0 0 0 0 0 0 1 1 0 0 1 0 0 0 0 0 0 0 1 0 1 1 0 -1 0 0 0 0 0 0 0 0 0 0 1 0 0 0 0 0 0 0 0 -1 1 0 0 0 0 0 -1 1 -1 -1 0 0 0 0 0 0 0 0 1 -1 0 0 0 0 0 0 0 0 0 
1 1 0 0 0 0 0 0 -1 0 0 0 0 0 0 0 0 0 0 0 0 0 0 0 1 0 0 0 0 -1 0 0 0 1 0 0 -1 0 0 0 0 -1 0 0 0 0 0 1 1 0 0 0 0 0 0 1 0 0 0 0 0 1 0 0 -1 0 0 0 1 1 0 0 0 0 0 0 0 0 0 0 0 0 0 -1 0 0 -1 0 0 0 0 0 0 0 0 0 1 0 1 0 0 0 0 0 0 0 0 0 0 0 0 0 0 0 0 1 1 0 0 0 0 0 0 0 1 0 0 0 0 0 0 0 0 0 0 0 0 0 0 0 0 0 0 0 0 0 0 0 0 0 0 0 1 0 0 0 1 1 0 0 0 0 0 0 -1 -1 1 0 0 0 0 1 0 0 0 0 0 0 0 0 0 0 0 0 0 0 0 0 -1 0 1 0 0 0 0 -1 1 0 0 0 
-1 -1 0 0 -1 0 1 0 0 0 0 0 0 0 0 0 0 1 0 0 0 -1 0 0 0 -1 -1 0 0 -1 -1 0 1 0 0 0 -1 0 0 -1 0 1 0 0 0 0 0 0 1 0 0 0 0 0 0 0 0 0 0 0 0 0 0 0 0 0 0 0 1 0 1 1 1 0 0 0 1 0 0 0 0 0 0 0 0 0 0 1 1 0 0 0 0 0 0 0 0 1 -1 -1 0 -1 0 0 0 0 0 -1 -1 1 0 0 0 0 0 0 0 0 0 0 1 0 0 0 0 0 0 1 -1 0 1 0 0 0 1 0 0 0 0 0 0 -1 0 0 0 0 -1 0 0 0 0 0 0 0 0 -1 0 0 0 0 0 1 0 0 1 0 0 0 0 0 0 0 0 0 0 0 0 1 0 0 0 0 -1 0 0 0 0 0 0 1 0 0 0 0 0 0 -1 0 0 0 
-1 -1 0 1 0 0 0 0 0 0 0 0 0 0 -1 0 0 -1 0 0 0 0 0 -1 0 0 0 0 0 -1 0 0 0 0 1 1 0 0 0 0 0 0 1 0 0 0 0 0 0 0 -1 0 -1 0 0 0 0 1 0 0 0 0 0 0 0 0 -1 0 0 1 0 -1 0 0 0 1 1 0 1 0 0 0 1 -1 -1 0 0 0 0 0 0 -1 0 0 0 1 0 0 0 1 0 1 -1 0 0 0 0 0 0 1 0 0 0 1 0 0 -1 0 0 0 0 0 0 0 0 0 0 0 0 1 0 0 0 0 0 1 0 0 -1 0 0 -1 0 1 0 0 0 0 0 -1 -1 0 0 0 0 0 0 1 0 0 -1 0 0 0 0 0 0 0 0 0 0 0 0 -1 1 0 0 0 0 0 0 0 0 -1 0 0 -1 0 0 0 0 0 0 0 0 0 0 0 0 0 
0 0 0 0 0 0 0 0 -1 0 1 0 0 0 0 0 0 -1 0 0 -1 0 0 0 0 -1 0 0 0 0 0 0 0 0 -1 0 0 0 0 0 0 1 0 0 0 1 0 0 0 0 0 0 0 0 0 0 1 0 0 0 0 0 0 0 0 0 0 -1 -1 0 0 0 0 -1 0 0 1 1 -1 0 0 0 0 0 0 0 0 0 0 0 0 0 0 0 1 0 0 0 0 0 0 0 0 -1 0 -1 0 0 0 0 0 0 0 0 0 0 0 0 0 0 -1 0 0 0 1 0 0 0 0 1 0 0 0 0 0 -1 0 0 0 1 0 0 1 0 0 1 0 1 1 1 1 0 1 0 0 0 0 0 0 0 0 0 -1 0 -1 0 -1 0 0 1 -1 0 0 0 0 0 0 -1 0 0 0 0 0 1 0 0 0 0 0 0 -1 0 0 0 0 0 0 0 -1 0 
0 0 0 0 0 0 0 -1 0 0 0 0 0 0 0 0 0 0 0 1 -1 0 0 0 0 0 0 0 -1 0 0 1 1 0 0 -1 1 0 0 0 -1 1 0 0 0 0 0 0 0 0 0 0 -1 0 0 0 0 0 0 0 0 0 0 0 0 -1 0 0 0 0 0 -1 0 0 -1 -1 0 0 0 0 0 0 0 -1 -1 0 0 0 0 0 0 0 0 1 0 0 0 0 1 0 0 0 0 0 0 0 0 0 0 0 0 0 0 0 0 0 0 0 1 0 0 0 0 -1 0 0 1 0 0 1 1 0 0 -1 0 0 1 0 -1 0 -1 0 0 0 0 0 0 0 0 0 0 -1 1 0 0 0 0 0 0 0 0 1 1 -1 0 0 0 0 0 0 0 0 0 0 0 0 0 1 0 0 0 0 0 0 0 0 0 0 1 -1 0 0 -1 0 0 0 0 0 0 0 
1 0 0 0 1 0 0 -1 -1 0 -1 1 0 0 0 -1 0 0 0 0 0 -1 0 0 -1 0 0 0 0 0 0 1 0 0 0 0 0 0 0 1 0 0 1 0 0 -1 0 0 -1 0 0 0 0 0 0 0 -1 0 -1 0 0 -1 0 1 0 0 0 0 0 0 0 0 -1 0 0 0 0 0 0 0 -1 1 0 0 0 0 0 0 1 0 1 0 0 -1 0 1 0 0 0 -1 0 0 0 -1 0 0 1 -1 0 1 0 0 0 0 0 0 0 0 0 0 0 1 0 0 0 0 0 0 0 1 0 0 1 1 0 0 0 0 0 0 0 0 0 0 0 0 0 0 -1 0 0 0 1 0 -1 0 0 0 0 0 0 0 0 0 1 0 0 1 0 0 0 1 0 0 0 0 0 0 0 0 0 0 0 0 0 0 0 0 0 0 0 0 0 -1 -1 0 0 1 0 0 
0 0 0 0 0 1 0 0 0 -1 -1 0 0 0 0 0 0 0 1 -1 0 1 0 0 0 -1 0 0 0 0 0 0 1 0 0 0 0 0 1 0 1 0 0 0 0 1 1 1 0 0 0 1 0 0 0 0 0 0 0 1 0 -1 0 -1 0 -1 0 1 0 1 0 0 0 1 0 1 0 0 0 0 -1 0 0 0 0 0 1 0 0 0 0 0 0 0 -1 0 0 0 0 -1 0 0 -1 0 0 0 0 -1 0 0 0 0 0 0 0 0 0 -1 0 0 -1 -1 0 0 0 -1 0 0 0 1 0 0 0 -1 0 1 0 0 0 0 1 0 1 0 0 0 0 0 0 0 0 0 0 0 0 0 -1 -1 0 0 0 0 0 0 0 0 0 0 0 0 0 0 0 0 0 0 0 0 0 0 1 0 -1 0 0 0 0 1 0 1 0 0 0 -1 0 1 0 0 0 0 
-1 0 0 0 0 0 0 1 0 0 1 0 0 0 0 0 -1 -1 -1 0 0 0 0 0 0 0 0 0 0 0 0 0 0 0 0 0 0 0 1 0 0 0 1 0 -1 0 1 0 0 0 0 0 0 0 0 0 0 0 0 0 0 0 0 0 0 0 -1 0 0 -1 0 0 0 0 0 0 1 0 0 0 0 1 0 0 0 1 0 0 0 0 0 1 0 0 -1 0 1 0 0 -1 -1 0 0 0 0 0 0 0 0 0 0 0 1 0 0 0 0 0 0 0 0 0 0 0 0 0 0 -1 -1 0 0 -1 0 0 1 -1 0 0 -1 0 0 0 0 0 0 1 0 -1 1 0 0 0 0 0 0 0 0 1 0 0 0 0 0 0 0 0 0 0 -1 0 0 0 -1 0 0 0 0 0 0 0 0 0 0 0 0 0 0 0 0 0 0 0 0 0 0 1 0 0 0 0 
0 0 0 -1 0 0 0 0 0 0 0 0 0 -1 0 0 0 -1 -1 0 0 0 -1 0 1 0 0 0 0 -1 0 -1 0 1 -1 0 0 1 0 -1 0 0 0 0 0 0 0 1 0 0 -1 0 0 0 0 0 0 0 0 0 0 0 0 0 1 0 1 0 0 0 0 -1 0 0 -1 0 0 0 0 0 0 0 1 1 0 0 0 0 0 0 1 0 -1 0 0 0 0 0 0 0 0 0 0 -1 0 0 0 0 0 0 1 0 0 -1 0 0 0 0 0 1 0 0 0 0 0 0 0 1 0 0 0 0 0 0 0 0 1 1 0 0 0 0 0 0 0 0 0 0 0 0 0 0 0 1 0 0 0 0 -1 0 1 -1 0 0 -1 0 0 0 0 0 0 0 0 1 -1 0 0 0 1 0 0 0 0 0 0 0 0 0 -1 0 0 0 0 0 0 0 0 0 0 0 
0 1 1 0 0 0 1 0 0 0 0 0 0 0 -1 0 0 0 0 0 0 0 0 0 0 0 1 0 -1 0 0 0 0 -1 0 0 0 -1 0 0 0 0 0 0 0 0 0 0 0 0 0 0 0 0 0 0 0 0 0 1 1 0 1 0 0 0 0 0 0 1 0 0 0 0 0 -1 0 0 -1 0 0 0 0 -1 0 1 1 0 0 0 1 0 0 0 0 0 0 1 0 0 -1 -1 0 -1 0 0 1 0 1 0 0 0 0 0 0 0 1 0 0 0 -1 0 0 1 0 1 0 0 -1 0 0 0 0 0 1 0 0 0 -1 0 0 0 -1 0 0 1 0 0 -1 1 1 0 1 0 0 0 0 0 0 0 0 0 0 0 0 0 0 0 0 1 0 0 0 0 0 -1 1 0 0 0 0 0 0 0 0 0 1 1 1 0 1 0 0 0 0 0 0 0 0 0 
0 -1 0 0 0 0 0 0 0 -1 0 0 1 0 0 0 0 0 0 -1 -1 1 -1 0 0 1 0 -1 0 0 0 0 0 0 0 0 0 0 0 0 -1 0 0 0 -1 0 0 -1 0 -1 0 0 0 0 0 0 0 0 0 0 0 0 0 0 0 -1 0 0 0 0 0 0 0 0 0 0 1 -1 0 0 0 0 -1 1 0 0 0 0 0 0 0 0 0 0 0 0 0 0 0 -1 0 0 0 0 0 1 1 0 0 0 0 0 -1 0 0 -1 0 0 0 0 0 0 0 -1 1 0 0 1 0 0 1 0 0 1 0 0 0 0 0 0 -1 0 0 0 0 0 0 0 0 0 0 0 1 0 0 0 0 1 0 0 0 1 0 0 0 0 1 1 0 1 1 0 0 0 0 0 0 0 0 -1 -1 0 0 1 0 0 1 1 0 -1 0 1 0 0 0 -1 0 0 0 0 
0 0 0 -1 0 0 0 0 1 1 0 0 0 0 0 0 0 0 0 -1 0 0 0 0 -1 0 0 0 0 0 0 0 0 0 -1 0 0 0 0 0 -1 0 0 0 1 -1 0 1 1 0 0 0 0 1 1 0 0 0 0 0 0 0 1 0 -1 0 -1 -1 0 0 1 0 -1 0 0 0 -1 0 0 0 1 0 1 1 0 0 0 0 -1 1 0 0 1 0 -1 -1 0 0 0 0 0 -1 0 1 0 0 0 0 1 1 -1 0 0 0 0 0 0 0 0 1 -1 0 0 0 0 0 0 1 0 -1 0 0 0 0 0 0 0 0 1 0 0 0 0 0 0 -1 0 1 0 0 0 1 0 0 1 1 0 -1 0 -1 0 0 0 0 0 0 -1 0 0 0 0 0 0 1 0 0 0 0 0 0 -1 0 -1 0 0 0 0 0 0 0 0 0 0 0 0 0 1 0 0 1 
0 0 0 0 0 1 0 0 0 -1 -1 0 0 0 0 0 0 -1 0 0 0 0 0 0 0 1 0 0 0 0 -1 0 0 0 0 0 0 0 -1 0 0 0 0 0 0 0 0 0 -1 0 0 0 0 0 0 0 0 0 0 0 0 0 -1 0 1 0 0 0 1 0 0 1 0 0 0 0 0 0 0 1 0 0 0 -1 0 0 0 1 0 1 0 0 0 0 0 0 0 0 0 0 0 0 0 0 -1 0 0 0 0 0 0 -1 0 0 1 1 0 0 -1 0 0 1 0 0 0 0 0 0 0 0 0 0 0 0 0 0 0 0 0 0 0 0 0 0 0 1 0 0 0 0 -1 0 -1 -1 0 -1 0 0 0 0 -1 1 0 0 0 0 0 0 0 0 0 1 0 0 0 0 0 -1 0 0 0 -1 0 1 0 0 0 0 -1 0 0 1 -1 0 0 0 0 -1 0 0 
-1 -1 0 0 0 0 0 0 0 0 0 1 0 0 0 0 0 0 0 0 -1 0 0 0 0 0 0 0 0 0 0 0 0 0 0 1 0 0 0 1 0 0 0 0 0 0 0 0 0 1 0 1 0 0 0 0 0 0 -1 0 0 1 0 1 0 0 0 0 1 0 0 0 0 -1 0 0 0 0 0 -1 0 0 -1 0 -1 0 0 0 0 -1 0 1 0 0 0 0 0 0 0 0 1 0 0 0 0 0 1 0 0 0 -1 0 0 1 -1 0 0 0 0 0 1 0 0 0 0 0 0 0 0 0 0 0 1 0 0 0 0 1 1 1 0 -1 0 0 0 0 0 0 0 0 0 0 -1 0 1 0 0 0 0 0 1 0 0 0 0 0 0 0 1 0 0 0 0 1 0 0 0 0 1 0 -1 0 -1 0 1 0 0 0 0 0 0 0 0 0 0 0 0 -1 0 0 
0 0 -1 0 1 0 0 0 0 1 0 0 1 0 0 0 -1 1 0 0 0 1 0 1 -1 0 0 -1 0 0 0 0 1 0 0 1 0 0 0 -1 1 0 0 0 0 0 0 0 0 1 0 0 -1 0 -1 1 0 0 1 0 0 0 0 0 0 0 1 0 0 1 -1 0 1 0 0 0 0 0 0 0 -1 0 0 -1 0 0 0 -1 0 0 1 0 0 -1 1 0 0 0 0 0 1 1 -1 0 0 0 0 0 -1 0 0 0 0 0 0 0 0 0 0 0 0 0 0 0 0 0 0 0 0 1 1 -1 0 0 0 0 0 0 0 0 0 0 0 0 1 1 0 0 1 0 0 1 0 0 1 0 0 0 0 0 0 0 0 0 0 0 0 0 0 0 0 0 0 0 0 0 0 0 0 0 0 0 0 1 1 0 0 0 0 0 1 1 0 0 1 0 0 0 0 0 
0 0 0 0 -1 0 0 0 0 0 0 -1 0 0 0 -1 0 0 0 0 0 0 0 0 0 0 -1 0 0 0 -1 0 -1 0 0 0 0 0 1 0 0 0 0 0 0 0 0 -1 0 0 0 1 0 0 0 0 0 0 0 -1 1 1 0 -1 0 0 -1 0 0 0 0 0 -1 0 -1 0 0 0 0 0 1 0 0 0 -1 0 -1 0 0 0 0 1 0 0 0 -1 1 0 0 1 0 0 -1 0 0 0 0 1 0 1 0 0 0 0 1 1 -1 0 0 -1 -1 -1 0 -1 1 0 -1 0 1 0 0 1 0 0 0 1 -1 -1 0 0 0 0 -1 0 0 -1 0 1 0 0 0 0 0 1 -1 -1 0 0 0 0 0 0 0 0 -1 1 -1 0 0 0 0 -1 0 -1 0 1 0 1 0 0 0 0 0 0 0 0 0 0 1 0 1 1 0 0 1 0 0 0 0 0 
0 0 0 0 1 1 0 0 0 0 1 -1 0 0 1 0 0 0 0 0 0 0 0 1 1 1 0 -1 0 1 0 0 0 0 0 0 0 0 0 0 0 0 0 0 0 -1 0 0 -1 0 0 1 1 1 0 0 0 0 0 0 1 0 0 0 1 0 0 0 0 1 0 0 0 0 0 0 0 0 -1 0 0 0 0 0 0 0 0 1 -1 0 1 0 0 0 0 0 0 0 -1 0 -1 0 1 0 0 0 0 0 0 1 0 0 1 0 0 0 0 0 0 1 0 0 0 0 0 1 0 0 0 0 0 1 0 0 0 0 0 1 0 0 0 0 0 0 0 0 0 0 0 1 0 0 -1 0 0 0 0 0 1 0 0 0 0 -1 0 0 1 0 0 0 0 0 1 0 0 0 1 1 0 1 0 0 0 0 0 0 0 -1 0 0 0 0 1 0 0 0 0 0 0 0 
-1 0 0 0 0 1 0 0 0 0 0 0 0 0 1 0 0 0 0 0 0 0 0 0 0 0 0 0 0 0 0 -1 0 0 0 0 0 0 0 1 0 0 1 0 0 0 1 0 1 0 0 -1 0 0 0 -1 -1 0 0 0 0 0 0 0 0 0 0 0 0 -1 1 0 0 -1 0 0 0 1 0 0 -1 0 0 0 -1 0 1 -1 0 0 0 0 1 0 -1 0 0 0 0 0 0 0 0 0 0 -1 0 0 0 0 0 1 0 0 0 0 0 0 0 -1 0 0 -1 1 0 0 0 0 1 0 0 0 0 0 0 -1 0 0 0 0 0 -1 0 1 0 0 0 0 -1 -1 0 0 0 1 -1 0 1 1 0 0 0 0 -1 0 0 0 0 0 -1 0 0 0 -1 0 0 -1 0 0 0 0 0 0 -1 0 1 0 0 0 0 0 0 -1 0 0 0 0 1 0 0 0 
0 0 0 0 1 0 0 0 -1 0 0 0 0 0 0 0 0 0 0 0 0 -1 0 0 0 0 0 1 0 0 0 0 0 0 0 0 0 1 1 0 0 0 0 0 -1 0 1 0 0 0 0 0 0 -1 0 1 0 0 0 0 0 0 -1 0 1 0 0 0 0 0 0 0 1 0 -1 0 -1 0 0 1 0 1 0 0 0 0 0 0 0 0 0 0 0 0 0 0 1 0 0 0 0 0 -1 0 0 0 -1 0 -1 0 0 0 0 0 0 0 0 1 0 0 -1 0 -1 0 0 0 0 0 0 1 0 1 0 0 0 -1 0 0 0 0 0 1 1 1 1 0 0 0 0 0 0 1 0 0 0 0 0 1 -1 0 -1 0 1 0 0 1 0 0 0 0 0 0 0 0 0 1 0 0 0 0 1 0 0 0 1 0 0 0 0 0 0 0 0 0 0 0 0 0 0 0 
0 0 1 -1 -1 0 0 0 0 0 0 0 0 0 0 0 0 0 -1 0 0 0 0 0 0 0 0 0 0 0 0 0 0 0 0 0 0 0 0 0 1 0 0 1 0 1 0 0 0 0 0 0 -1 0 0 0 0 0 0 -1 0 0 0 0 0 0 0 -1 0 0 0 0 0 0 0 0 -1 1 0 0 -1 0 0 -1 0 0 0 0 -1 0 0 1 0 0 0 -1 0 0 0 0 0 0 0 -1 0 -1 0 0 0 0 0 0 -1 0 0 0 0 0 0 -1 0 0 0 0 0 0 0 0 0 0 0 -1 0 0 -1 0 0 0 0 0 0 1 0 -1 1 1 1 0 0 0 0 0 0 0 0 0 -1 0 -1 0 0 -1 1 0 0 0 0 0 0 1 0 0 0 0 0 -1 0 0 -1 1 0 0 0 0 0 0 0 0 0 0 0 0 0 0 0 0 0 0 1 0 
0 0 1 0 0 0 0 1 0 0 0 0 0 -1 0 -1 0 0 0 0 0 -1 0 0 0 0 0 0 -1 0 0 0 0 0 1 0 0 0 1 0 0 0 0 0 0 0 0 0 0 0 0 1 0 0 0 0 0 0 0 0 0 1 -1 0 0 0 -1 0 0 0 0 0 0 0 0 0 0 0 0 0 -1 1 0 0 1 0 0 0 -1 0 0 0 0 1 0 0 0 0 1 0 0 0 1 0 0 -1 0 0 0 0 0 1 0 -1 -1 0 0 0 0 0 1 0 0 0 0 0 0 0 0 0 -1 0 -1 0 1 0 0 0 0 0 0 0 1 -1 0 0 0 0 0 -1 0 0 -1 0 0 0 0 0 0 0 -1 1 0 0 -1 0 0 0 0 0 0 0 -1 0 -1 -1 0 0 0 -1 0 0 0 0 0 -1 0 0 0 -1 0 -1 0 0 0 0 0 0 0 -1 
0 0 0 -1 0 0 0 0 0 1 0 1 0 0 0 0 0 -1 0 -1 0 -1 0 0 1 0 0 0 0 0 0 1 0 0 0 0 0 0 0 0 1 0 0 -1 0 0 0 0 0 0 0 0 1 0 0 0 0 0 -1 0 0 0 -1 0 1 0 0 -1 0 0 0 0 1 1 0 0 0 1 0 0 0 0 0 0 0 0 -1 0 0 1 0 0 0 0 0 0 1 0 0 0 0 0 0 0 0 0 0 0 0 0 0 0 0 0 -1 0 0 1 1 0 0 0 0 0 0 0 0 -1 1 1 -1 0 0 0 0 0 0 0 0 0 1 0 -1 0 0 0 -1 0 -1 0 0 0 1 0 0 0 0 0 0 1 0 0 1 -1 0 0 -1 0 0 -1 0 -1 -1 0 0 1 0 0 0 0 0 0 1 0 1 0 0 0 0 0 0 0 0 0 0 0 0 0 0 0 
0 1 0 0 0 0 1 1 0 0 1 0 0 0 0 0 0 0 0 0 0 0 1 0 0 0 0 0 0 0 -1 0 0 0 0 0 -1 0 0 -1 0 0 0 0 -1 0 0 0 0 0 -1 0 0 0 0 0 0 0 0 1 -1 0 0 0 0 0 0 0 0 0 0 0 0 1 0 1 0 1 0 0 0 0 0 0 0 0 0 0 0 0 0 0 0 0 0 1 0 0 -1 0 0 0 0 0 1 0 0 0 0 0 0 0 -1 0 0 -1 0 -1 0 0 0 0 0 0 0 0 0 0 0 1 0 0 0 0 -1 -1 1 0 0 0 0 0 -1 -1 0 0 0 0 0 1 0 -1 0 0 0 -1 0 0 0 0 1 0 0 0 -1 0 0 0 0 -1 0 0 0 1 0 0 0 -1 0 0 0 0 0 1 0 -1 0 0 0 0 1 0 0 1 0 -1 1 0 0 0 
0 1 0 1 0 0 0 0 0 0 0 0 0 0 0 0 0 0 0 0 0 0 0 0 0 0 0 0 -1 1 0 0 0 0 0 0 -1 0 -1 -1 0 0 -1 0 1 0 0 0 0 0 0 0 1 0 1 0 -1 0 -1 0 1 0 0 0 0 0 0 0 0 0 0 0 1 0 0 -1 1 0 0 0 0 -1 0 1 0 0 0 0 0 0 -1 0 0 0 0 0 0 0 0 0 0 -1 0 0 1 -1 0 0 0 1 0 0 1 0 0 0 0 1 0 0 0 0 0 0 0 0 1 0 0 0 0 0 0 0 0 0 0 0 0 0 0 0 0 0 0 0 -1 0 -1 -1 0 0 0 0 0 0 0 -1 0 0 0 0 0 0 0 0 0 1 0 0 0 0 -1 0 0 0 0 -1 0 0 0 0 -1 0 1 0 0 0 0 0 0 0 -1 0 1 0 0 0 0 0 
0 0 -1 0 -1 0 0 0 1 0 0 0 0 0 0 0 1 0 0 0 0 0 0 -1 0 0 0 0 0 0 0 0 0 0 1 0 0 1 0 -1 0 0 0 0 0 0 0 1 0 1 0 0 1 0 0 0 0 0 0 0 0 -1 0 0 0 0 -1 0 1 1 -1 -1 0 -1 1 0 1 0 0 0 0 0 0 0 1 0 0 0 0 -1 0 0 0 -1 0 0 0 0 0 0 0 -1 0 0 0 0 0 0 0 0 0 0 0 0 0 1 0 0 -1 0 0 0 0 0 -1 0 0 0 0 0 0 0 1 0 0 0 -1 0 0 1 0 0 0 0 0 0 0 0 0 0 1 0 0 0 0 0 0 0 0 1 0 0 0 0 1 0 0 1 0 0 0 0 0 -1 0 0 0 0 0 -1 0 0 0 0 0 1 0 0 -1 0 0 0 0 0 0 0 0 0 0 0 
0 0 0 1 0 0 1 0 0 0 0 0 0 0 0 0 -1 0 0 0 0 0 0 0 0 0 0 0 0 0 0 0 0 0 0 0 1 0 0 1 0 1 0 0 0 0 0 -1 0 0 -1 0 0 0 0 0 1 0 0 1 1 0 -1 1 -1 0 0 -1 0 0 0 0 0 0 0 0 0 0 0 0 0 0 1 0 0 0 0 0 0 0 0 -1 0 1 0 0 0 0 0 -1 -1 0 0 0 0 -1 0 0 0 0 0 0 0 0 0 0 0 -1 0 -1 0 0 0 0 0 0 -1 0 -1 0 0 0 0 0 0 1 0 0 0 0 0 0 0 0 0 0 0 0 0 0 0 -1 0 0 0 0 0 1 0 0 1 0 0 1 0 0 0 0 0 0 0 1 0 0 0 0 0 1 0 0 0 0 0 0 0 0 0 0 0 0 0 0 0 0 0 0 0 0 0 0 
0 0 -1 0 0 0 0 0 0 0 0 0 0 0 0 0 0 0 0 0 1 0 0 0 0 0 1 0 0 0 0 0 0 1 1 0 0 0 0 0 -1 -1 0 1 0 0 0 0 0 0 0 1 0 0 0 0 0 0 0 0 0 0 1 0 0 0 0 0 1 0 -1 0 0 0 0 0 0 0 -1 0 -1 0 0 0 0 0 0 0 0 0 0 0 0 1 -1 1 -1 0 -1 0 -1 0 1 0 0 -1 0 1 0 0 0 0 0 0 0 1 0 0 -1 0 0 0 0 0 0 0 0 -1 0 -1 0 0 0 0 0 0 1 1 0 0 0 0 1 -1 0 -1 0 0 0 0 0 0 0 0 0 0 0 1 -1 0 1 0 0 0 0 0 0 0 0 0 0 0 0 0 0 0 0 0 0 0 0 0 0 0 0 0 0 0 0 0 0 0 0 0 0 0 0 0 0 0 
0 0 0 0 0 0 0 0 0 0 0 0 0 0 0 0 0 0 1 0 0 0 0 -1 0 0 0 0 0 0 0 0 -1 1 0 0 0 0 0 0 0 0 1 0 0 0 0 0 0 0 -1 0 1 0 0 0 0 0 0 0 0 -1 0 0 0 0 0 0 0 0 0 0 0 0 0 0 1 0 0 0 0 0 0 0 0 0 0 -1 -1 1 0 -1 0 0 0 -1 0 0 -1 0 1 0 0 0 0 0 0 0 0 0 0 0 0 0 -1 0 0 0 0 0 0 1 0 1 1 -1 -1 0 0 0 0 0 0 -1 1 0 0 0 0 -1 0 1 0 0 0 0 0 0 0 0 0 0 0 0 0 0 -1 -1 -1 0 0 0 0 0 0 0 -1 0 0 0 0 0 0 1 0 0 0 0 0 0 0 0 0 1 0 0 0 0 0 0 0 0 0 -1 0 -1 0 0 0 0 
0 0 0 1 0 0 0 -1 0 -1 -1 0 1 1 1 0 0 0 0 0 0 0 0 0 0 0 1 0 1 0 0 0 0 0 0 1 0 0 -1 0 0 0 1 0 0 0 0 1 0 0 1 1 0 0 0 0 1 -1 1 0 0 0 0 0 0 0 0 0 1 -1 0 0 0 -1 1 0 0 0 0 0 0 0 1 0 0 0 -1 0 0 0 0 -1 0 1 0 1 0 0 -1 0 0 0 0 0 0 -1 -1 0 0 1 0 0 0 0 0 0 1 0 0 0 0 1 0 0 0 0 0 0 0 0 0 0 0 0 0 1 -1 -1 0 0 0 0 0 -1 0 0 1 0 1 0 0 0 0 0 0 -1 0 1 0 0 0 0 -1 1 1 0 -1 0 0 -1 0 0 0 0 0 0 0 0 -1 0 0 0 0 0 0 -1 0 0 1 0 -1 0 -1 -1 1 0 0 0 -1 1 
0 0 0 0 0 1 0 0 0 0 1 0 0 0 0 0 -1 0 1 0 0 0 1 0 0 -1 0 0 0 0 0 0 -1 0 0 0 0 0 -1 1 1 0 0 -1 0 0 0 0 0 0 0 -1 0 0 0 0 0 0 0 -1 -1 1 0 0 0 0 0 0 0 0 0 0 0 -1 0 0 0 0 0 0 0 0 0 0 0 0 0 0 0 1 0 0 0 0 0 0 1 0 1 1 0 0 0 0 0 0 0 1 1 0 0 1 0 0 0 0 0 0 0 0 0 0 0 -1 -1 0 0 -1 1 0 0 0 0 -1 0 0 0 0 -1 0 0 0 0 0 0 1 0 0 0 1 0 0 0 0 0 0 0 0 0 0 -1 1 0 0 0 0 0 0 -1 -1 0 0 -1 -1 1 0 0 0 0 1 0 0 0 0 0 0 0 0 0 0 0 0 1 0 0 0 0 0 0 0 
0 0 0 0 0 0 0 -1 0 1 0 0 0 -1 0 1 0 0 0 0 0 0 0 0 0 0 0 -1 0 0 -1 0 1 0 -1 0 -1 0 1 0 0 0 0 -1 0 0 1 -1 -1 1 0 0 0 0 0 0 0 0 0 0 0 0 0 -1 1 0 1 0 1 0 -1 0 0 -1 -1 0 0 0 0 0 0 0 0 0 0 0 0 1 1 0 0 0 0 -1 1 1 0 0 -1 0 0 0 1 -1 0 0 0 -1 0 0 -1 -1 0 0 0 0 0 0 1 0 1 0 0 0 0 0 -1 0 0 0 0 0 -1 -1 0 0 1 0 0 0 0 0 0 0 0 0 -1 0 0 0 1 0 0 0 0 -1 0 0 0 1 -1 0 0 0 0 0 0 1 0 0 1 0 0 1 0 0 0 0 0 0 0 0 0 -1 0 0 0 0 0 0 0 0 0 0 0 0 0 0 0 0 
0 0 0 0 0 1 1 0 0 0 0 0 0 0 -1 0 0 1 1 0 0 0 0 1 0 -1 0 0 0 0 0 1 0 0 -1 0 0 0 0 0 0 0 0 0 0 0 -1 0 0 0 0 1 0 0 0 0 0 -1 0 -1 -1 -1 0 -1 0 0 0 0 0 0 0 1 0 0 0 0 0 0 0 0 0 0 0 0 0 0 0 0 0 0 0 0 0 0 0 0 0 0 1 0 0 0 -1 0 0 -1 0 0 0 0 0 0 0 1 0 0 0 0 0 0 1 0 0 0 0 1 0 0 1 0 0 0 0 0 0 0 -1 -1 1 0 0 0 0 -1 0 0 0 -1 0 0 -1 0 0 -1 1 0 0 0 0 0 0 0 0 0 0 1 0 1 0 0 0 0 0 0 0 0 0 -1 0 -1 0 0 0 0 0 0 0 1 0 0 0 0 0 0 0 0 0 0 0 0 
0 0 0 0 0 -1 0 0 0 0 1 0 1 1 0 0 -1 0 0 0 0 0 0 0 0 0 0 -1 0 0 0 0 0 0 -1 0 -1 0 -1 0 1 1 0 0 0 1 -1 0 0 0 0 0 0 -1 0 0 0 0 0 0 0 0 0 0 1 0 0 0 0 0 0 0 0 0 1 1 0 -1 0 0 0 -1 0 0 0 -1 0 0 0 0 0 0 0 0 0 0 1 0 0 -1 0 0 0 0 0 0 1 0 1 -1 0 0 0 0 0 0 0 0 0 0 0 -1 1 0 1 0 0 1 -1 -1 0 0 0 1 0 0 -1 0 -1 0 0 0 0 0 0 1 0 0 0 0 0 0 0 1 0 0 0 0 0 0 0 0 0 0 0 0 0 1 0 0 0 0 0 0 0 0 0 0 0 0 0 -1 -1 0 1 0 0 0 0 0 0 -1 0 1 0 0 -1 0 -1 0 
0 0 -1 1 0 0 0 0 0 0 0 0 0 0 0 0 1 -1 0 0 0 0 0 0 0 0 0 0 0 0 0 0 0 0 1 0 0 0 1 0 0 0 0 1 0 0 0 1 0 0 0 0 0 0 0 0 0 0 0 0 0 0 0 0 -1 0 0 0 0 0 1 0 0 0 0 0 1 1 1 0 0 1 0 0 0 0 0 0 0 0 0 0 0 -1 0 0 0 0 0 -1 -1 -1 0 0 0 0 0 0 0 0 0 0 0 0 0 0 0 0 0 0 0 0 0 0 0 0 1 1 0 1 0 0 0 0 0 0 0 0 -1 0 0 1 0 0 0 -1 0 0 1 0 0 0 0 0 0 0 0 0 0 0 0 0 0 -1 0 0 0 0 -1 -1 0 0 0 0 0 1 0 0 0 -1 -1 0 0 0 0 0 1 0 0 0 1 0 0 0 0 0 0 1 -1 0 
0 0 0 0 0 0 0 0 0 0 0 0 0 0 -1 0 0 0 -1 1 0 0 0 0 0 1 1 0 0 0 0 0 -1 0 0 0 0 1 1 0 0 0 0 0 0 0 -1 0 0 -1 0 0 0 0 0 0 0 0 0 0 0 0 0 -1 0 0 0 0 1 0 0 0 0 1 0 1 0 0 0 -1 0 0 0 0 0 0 0 0 0 0 0 0 0 0 0 0 1 0 0 0 -1 0 -1 -1 0 0 1 0 0 0 0 0 0 0 0 0 0 0 0 0 0 0 0 0 0 1 0 0 0 0 0 -1 1 0 0 0 0 1 0 0 -1 0 1 0 0 0 -1 0 0 0 0 0 0 0 0 1 0 0 1 0 0 0 0 0 0 0 0 0 0 0 0 0 -1 -1 0 0 0 0 -1 0 -1 -1 -1 0 0 0 0 -1 0 0 0 -1 0 0 0 0 -1 1 0 1 
-1 1 0 0 0 0 1 0 0 0 1 0 0 -1 0 0 0 0 -1 0 0 0 0 0 0 0 0 0 0 0 0 0 0 0 0 -1 0 0 0 0 -1 0 1 1 0 0 0 0 0 0 0 0 0 0 0 0 0 0 0 -1 1 0 0 0 0 1 0 0 0 1 0 0 -1 -1 1 0 1 0 -1 1 0 0 0 0 -1 0 1 0 0 0 0 0 0 0 0 0 0 1 0 0 0 0 0 1 0 0 0 0 -1 0 0 0 0 0 0 0 0 0 1 0 0 0 0 0 0 0 0 0 0 0 0 0 -1 0 0 0 0 0 0 0 0 0 0 0 0 0 0 0 0 0 0 0 0 0 0 0 -1 0 0 0 -1 0 -1 -1 1 0 0 0 0 0 0 1 0 -1 1 0 0 -1 0 0 -1 -1 0 0 0 0 -1 0 0 0 0 0 1 0 0 0 0 0 1 0 
0 0 0 0 0 1 1 1 0 1 0 1 0 0 0 0 0 1 0 0 0 0 0 0 0 0 -1 -1 0 0 0 1 0 0 0 -1 0 0 0 0 1 0 0 0 0 0 0 -1 0 0 0 0 0 0 0 0 0 0 0 0 0 1 -1 -1 1 0 0 0 -1 0 1 -1 0 0 0 0 0 0 0 -1 0 0 0 0 0 0 0 0 0 0 1 0 1 0 0 0 0 0 0 0 0 0 0 0 -1 0 0 0 0 0 0 0 0 1 -1 0 1 0 -1 0 0 0 0 1 0 0 1 0 0 0 0 -1 0 0 0 0 0 0 1 0 0 0 0 0 0 0 0 0 0 0 0 0 0 0 0 0 0 0 0 0 0 0 0 0 0 -1 1 0 0 0 0 0 0 0 0 1 0 0 0 0 0 0 0 0 -1 0 0 0 0 1 0 0 1 0 0 0 0 1 0 0 
0 0 0 -1 0 0 0 0 0 0 0 0 0 0 0 0 0 0 0 0 0 0 -1 0 0 0 0 0 -1 -1 0 -1 0 0 0 -1 -1 0 0 0 0 0 0 0 0 0 1 0 0 1 0 0 0 -1 0 0 -1 0 0 0 0 -1 -1 0 0 0 0 0 0 0 0 0 0 -1 0 0 0 0 0 0 0 0 0 0 0 0 0 0 -1 0 0 0 0 0 0 0 0 0 0 1 -1 -1 0 0 0 0 1 -1 0 0 0 0 -1 0 0 -1 1 0 1 -1 0 0 0 0 0 1 -1 0 -1 0 -1 0 0 0 0 0 0 0 0 0 0 0 0 -1 -1 1 0 0 0 0 0 0 0 0 0 -1 1 0 0 0 0 0 1 0 0 0 0 1 0 0 0 0 0 0 0 0 0 1 0 0 0 0 0 0 0 0 0 0 0 0 0 0 0 0 -1 1 0 0 0 0 
0 1 0 0 0 0 1 0 0 0 0 0 0 0 0 0 0 1 1 0 0 0 0 0 0 0 0 0 0 0 0 0 1 0 0 -1 -1 1 0 0 0 0 0 0 0 0 0 0 0 0 1 0 0 0 0 1 0 0 0 0 1 0 0 1 0 -1 1 0 0 0 0 -1 0 0 0 -1 0 0 0 1 0 0 0 0 0 0 0 0 0 0 0 0 0 0 0 0 0 0 -1 0 0 0 0 0 0 -1 0 0 0 0 1 0 0 1 0 0 0 0 0 1 0 1 -1 -1 0 0 0 1 0 0 0 0 0 -1 0 -1 0 0 0 0 0 -1 1 0 1 0 0 0 0 0 0 0 0 0 0 0 0 0 0 0 0 1 0 0 0 0 0 0 0 0 -1 0 -1 0 0 0 0 0 0 0 0 0 0 0 0 0 0 0 0 0 -1 1 0 0 0 0 0 0 0 -1 
0 1 1 -1 0 0 0 0 0 0 0 1 0 1 0 0 0 0 0 0 -1 0 0 0 0 0 0 0 0 0 1 -1 1 1 0 0 0 0 0 -1 0 0 0 -1 0 0 0 1 0 0 0 0 -1 0 0 0 0 0 0 0 -1 0 -1 0 0 0 1 0 1 0 0 0 0 0 0 0 0 1 0 0 0 0 0 0 1 1 0 0 0 0 0 0 0 0 -1 0 0 0 0 0 0 -1 0 0 0 0 0 -1 0 0 -1 0 0 1 0 1 0 0 1 0 0 1 0 0 0 0 0 0 0 0 0 0 0 0 0 0 0 1 0 0 0 0 0 0 0 0 0 0 0 0 0 0 0 0 1 0 0 0 0 0 1 0 0 0 -1 -1 0 0 0 -1 0 0 0 0 0 0 0 0 0 0 0 1 -1 0 0 0 0 1 0 0 0 1 0 0 0 0 -1 0 0 0 
0 1 0 0 0 -1 0 0 1 0 0 0 0 0 0 1 0 0 0 0 0 0 0 1 0 0 0 0 0 0 0 1 0 0 0 0 0 0 0 0 0 0 0 0 0 0 0 0 1 0 0 0 0 -1 0 0 1 0 0 0 0 0 0 -1 0 0 0 0 0 0 1 -1 0 0 -1 -1 0 0 0 0 -1 0 0 0 0 0 0 0 0 0 0 0 1 0 0 0 0 0 0 0 0 0 0 0 -1 0 0 0 -1 0 0 0 0 1 0 0 0 0 0 0 0 0 1 0 1 0 0 0 -1 0 1 0 0 0 0 -1 0 0 1 0 0 0 0 0 0 0 0 0 0 0 0 0 0 0 0 1 0 0 0 0 0 0 0 0 0 0 0 0 0 1 1 0 1 0 0 -1 0 1 1 0 0 0 0 0 0 0 0 0 0 0 0 0 0 0 0 0 0 0 0 1 
-1 0 0 1 0 0 0 1 -1 1 0 0 0 1 0 0 0 0 -1 0 -1 0 0 0 0 0 0 -1 0 0 -1 0 0 0 -1 0 0 0 -1 -1 0 0 0 0 0 0 0 0 0 1 0 0 0 0 0 0 0 -1 1 0 0 0 0 -1 0 0 0 0 0 0 0 0 -1 1 0 0 0 0 0 -1 1 1 1 0 0 0 -1 0 0 0 0 0 0 1 0 0 0 0 0 0 0 0 0 0 0 0 0 0 0 0 0 0 0 0 1 0 0 0 1 0 0 0 0 0 0 0 1 0 0 0 0 0 -1 0 1 0 -1 0 1 0 0 0 0 0 0 0 0 0 0 0 1 0 0 0 -1 0 0 0 0 0 -1 -1 0 0 0 0 0 0 0 0 0 0 -1 0 0 0 0 0 0 0 -1 0 0 -1 0 0 0 0 0 0 0 0 1 0 0 0 0 0 0 0 
0 -1 0 0 0 0 1 -1 0 0 -1 0 0 0 -1 0 0 0 0 0 0 0 -1 0 0 0 0 0 0 0 -1 0 0 0 0 0 0 -1 0 1 0 0 0 0 0 0 0 0 0 0 0 0 0 0 0 0 0 0 0 0 0 0 0 0 0 0 0 0 0 0 0 0 0 0 0 0 0 0 0 -1 0 0 0 0 1 0 -1 0 0 0 0 0 0 -1 0 0 0 0 -1 1 0 0 0 0 0 0 -1 0 0 0 0 0 0 0 0 0 0 0 0 0 0 0 0 0 0 -1 0 0 -1 0 1 1 0 0 0 0 1 1 0 -1 0 0 -1 0 -1 0 0 1 0 0 0 -1 0 0 0 0 1 0 0 0 0 0 1 0 -1 0 0 0 0 -1 0 -1 0 0 0 0 1 0 0 0 0 0 0 -1 0 0 0 0 0 0 0 0 0 0 0 0 0 0 0 0 
0 0 0 0 0 0 0 0 0 1 0 -1 0 0 0 -1 0 0 0 1 0 0 0 0 0 0 -1 0 0 1 0 0 0 0 0 1 0 0 0 -1 0 0 0 1 0 0 0 -1 0 0 0 0 0 0 0 0 -1 0 0 0 0 0 -1 0 -1 0 0 0 0 1 0 1 0 -1 0 0 0 0 0 0 0 0 0 0 1 0 0 0 0 0 0 0 0 0 0 0 0 0 0 0 0 0 1 0 0 0 0 0 0 0 0 1 0 0 0 0 0 0 0 0 1 0 0 -1 0 1 0 0 0 1 0 0 0 0 0 0 0 0 0 0 0 0 0 0 0 0 -1 0 0 0 0 1 0 0 0 0 0 0 0 0 0 -1 -1 0 1 0 0 0 0 -1 0 0 0 0 1 0 0 0 -1 -1 0 0 1 0 0 0 0 1 -1 0 0 0 0 -1 0 -1 0 -1 0 0 
0 0 0 0 0 0 0 0 0 0 0 1 0 -1 0 0 0 0 1 0 0 -1 0 0 0 0 0 0 0 0 0 0 -1 0 0 0 0 0 1 -1 0 0 1 0 0 -1 0 0 -1 0 0 1 0 0 0 1 0 1 0 0 1 0 0 0 0 0 0 0 -1 0 -1 0 0 -1 0 1 0 0 0 0 0 -1 0 0 0 -1 0 1 0 0 0 0 0 0 0 0 1 0 0 0 0 0 0 0 0 -1 0 0 0 0 0 0 0 0 0 0 0 0 0 0 0 0 0 0 0 -1 1 0 -1 -1 0 0 1 0 0 -1 0 0 0 0 0 0 0 -1 1 0 -1 0 0 0 0 0 0 0 0 0 0 -1 0 0 0 0 0 0 0 0 0 0 0 0 0 0 0 0 -1 0 1 0 0 0 0 0 0 0 -1 0 0 -1 1 0 -1 0 0 0 0 0 0 0 0 0 
0 0 0 0 0 -1 0 0 0 0 0 0 -1 0 -1 0 0 0 0 1 0 0 1 0 0 0 0 0 0 0 0 0 0 0 0 0 0 1 0 0 0 1 0 0 1 -1 0 0 -1 0 -1 0 0 0 0 0 0 1 0 0 0 0 0 0 0 0 0 0 1 -1 0 0 0 -1 0 -1 0 0 1 0 0 0 1 0 0 0 1 0 0 0 1 0 -1 -1 0 0 -1 0 0 0 0 0 0 0 0 0 0 0 0 0 0 0 0 -1 0 0 0 0 0 0 0 1 0 0 1 0 0 0 0 0 -1 0 0 -1 0 0 0 0 0 0 0 1 -1 0 0 0 1 0 0 0 -1 1 0 0 0 0 0 1 0 -1 0 0 0 0 0 0 0 0 0 -1 0 0 0 0 0 1 0 0 0 0 0 0 0 0 -1 0 0 0 0 0 0 0 0 0 0 -1 -1 0 -1 1 
0 1 0 -1 1 0 0 0 0 0 -1 -1 0 -1 -1 0 0 0 0 0 0 0 1 0 0 0 0 0 0 0 0 -1 0 0 0 0 0 1 0 1 0 1 0 0 0 -1 0 1 0 0 0 0 0 0 0 0 0 0 -1 0 1 0 0 0 0 1 -1 0 -1 0 0 1 0 0 0 1 0 0 -1 0 0 0 1 0 0 0 0 0 0 0 0 0 0 -1 -1 0 -1 0 1 0 0 0 0 1 0 1 0 0 0 0 0 0 0 0 0 0 0 -1 0 0 0 0 0 0 0 0 0 0 0 0 0 0 0 0 0 0 1 0 0 -1 0 0 0 0 0 0 0 0 1 0 0 0 0 1 0 0 0 0 1 0 0 0 0 0 -1 0 0 1 0 0 0 0 0 0 0 0 0 0 -1 0 0 -1 0 0 0 0 0 0 1 0 0 0 0 0 0 0 0 0 -1 -1 
-1 0 -1 0 0 0 0 -1 0 0 0 0 0 1 0 0 0 0 0 0 0 0 0 0 0 1 0 0 0 0 0 0 1 0 0 0 0 0 0 0 0 0 -1 0 0 0 0 0 0 0 1 0 1 0 0 0 0 -1 0 0 1 0 1 0 0 1 -1 0 0 0 0 1 0 0 0 0 0 0 -1 0 0 0 0 1 0 0 0 0 0 0 0 1 0 0 0 0 0 0 1 0 0 0 0 0 0 1 0 1 0 0 1 0 0 0 0 0 0 0 0 0 0 0 0 0 0 0 0 1 0 0 0 0 0 0 0 -1 0 1 0 0 -1 0 0 0 1 0 0 1 0 0 1 0 0 0 0 0 0 0 0 0 0 0 1 0 0 0 0 0 0 0 0 -1 0 0 0 1 0 -1 0 1 -1 0 -1 0 0 0 0 0 0 0 1 0 1 0 0 0 0 0 0 0 
0 0 0 0 0 0 0 1 1 -1 0 0 0 0 0 0 0 0 0 0 0 0 0 0 0 0 0 0 0 0 0 0 0 0 0 0 0 -1 0 1 0 0 0 0 0 0 1 0 -1 -1 0 0 1 0 -1 0 -1 1 0 -1 0 0 0 0 -1 0 -1 0 0 0 0 -1 0 1 0 0 0 1 1 0 0 0 0 0 0 0 1 0 1 -1 1 0 1 0 0 0 0 0 -1 0 -1 0 0 0 0 0 0 0 0 0 0 -1 1 0 0 0 0 0 0 0 -1 -1 0 0 0 0 0 0 1 0 0 1 0 -1 0 -1 0 -1 1 0 1 -1 0 0 -1 0 -1 1 0 0 0 -1 0 -1 0 0 0 0 0 0 0 0 0 0 0 1 0 0 0 0 0 0 0 0 0 0 0 0 0 0 0 0 0 0 1 0 1 1 1 0 0 0 -1 0 1 0 0 -1 0 0 
1 1 0 0 0 0 0 0 0 0 0 0 1 0 0 0 0 0 0 0 -1 0 0 0 0 0 0 0 0 -1 0 1 -1 -1 0 0 0 0 0 0 0 0 0 0 0 0 0 0 0 0 0 0 0 0 0 0 0 0 0 -1 0 -1 0 0 0 0 0 0 0 0 0 0 0 0 0 -1 0 0 0 0 -1 1 0 0 -1 0 -1 0 0 0 0 0 0 0 0 0 0 -1 0 0 0 0 0 -1 0 0 0 0 0 0 0 0 -1 0 0 0 0 -1 0 0 0 0 0 0 0 0 -1 1 0 0 0 0 0 0 0 0 0 0 0 0 1 0 0 -1 0 0 -1 0 0 1 0 1 -1 0 0 0 0 1 0 1 0 0 0 0 1 0 -1 0 -1 0 0 0 0 -1 0 0 0 0 0 0 0 0 0 0 0 1 0 -1 0 0 0 1 -1 0 0 0 0 0 1 0 
0 0 0 0 -1 0 0 0 0 0 0 0 0 0 0 0 0 0 0 0 0 0 0 0 -1 0 0 0 0 0 0 0 0 0 0 0 1 0 0 1 0 -1 -1 0 0 0 0 0 1 0 -1 0 0 0 0 1 0 -1 0 0 0 0 0 1 0 0 0 0 -1 0 0 0 0 0 0 0 0 0 0 0 1 0 0 0 0 1 0 0 0 0 -1 0 0 0 0 0 0 0 0 0 0 0 -1 0 0 0 0 0 0 1 0 0 0 0 0 0 1 1 0 0 0 0 -1 0 0 0 0 0 0 0 1 0 0 0 0 0 0 0 0 0 0 0 0 0 0 0 -1 0 -1 0 1 0 0 0 0 -1 0 1 0 0 0 -1 0 0 0 0 0 0 0 0 0 0 0 0 0 0 0 0 1 0 0 0 0 0 0 0 0 0 0 0 0 0 0 0 0 0 0 0 -1 0 
0 0 -1 0 0 0 0 0 1 0 0 -1 0 0 0 0 0 1 0 0 0 -1 0 -1 0 1 -1 1 0 0 0 0 0 -1 0 0 0 0 0 0 0 0 0 0 0 0 0 1 0 0 0 0 0 0 0 0 0 0 -1 0 0 -1 0 1 0 -1 0 0 0 0 0 0 0 1 1 1 0 0 0 0 -1 0 0 0 0 0 -1 0 0 0 0 0 0 0 1 -1 0 -1 0 0 0 0 1 0 0 0 -1 0 1 0 0 0 0 0 0 0 0 0 0 0 0 0 -1 0 0 -1 -1 0 0 0 0 0 0 0 0 0 0 -1 1 0 0 0 1 0 0 0 0 1 1 0 0 0 0 0 0 1 1 0 -1 0 0 0 0 0 0 0 1 0 -1 1 0 1 -1 0 1 0 0 0 0 0 0 0 0 0 0 -1 0 0 -1 1 0 0 0 0 0 -1 0 0 1 0 
1 0 0 0 0 0 -1 0 0 0 0 1 0 1 0 0 0 0 0 0 0 0 0 -1 0 0 1 0 1 0 0 1 0 0 0 -1 0 0 0 0 0 0 0 0 0 0 0 0 0 0 1 0 0 0 0 0 0 0 0 0 0 0 0 1 0 0 0 0 0 0 -1 0 0 1 0 0 -1 0 0 -1 1 0 0 -1 0 -1 0 -1 0 0 -1 0 0 0 0 0 0 1 0 0 0 1 0 1 0 0 0 0 0 0 0 -1 0 0 0 0 0 1 0 0 1 -1 0 0 0 0 0 0 0 0 0 0 0 0 0 0 0 0 0 0 0 0 0 0 0 1 0 1 0 0 0 0 0 1 0 0 0 0 0 -1 -1 0 -1 1 0 0 0 0 0 0 0 0 0 0 1 0 0 0 0 0 0 0 1 -1 0 -1 1 0 0 0 0 0 -1 0 0 0 0 0 0 0 
0 1 1 0 -1 0 0 0 -1 0 0 0 0 0 -1 0 0 0 0 0 0 0 0 0 0 -1 0 0 0 0 1 0 0 0 0 1 0 0 0 0 0 1 0 0 0 0 0 1 0 0 0 0 0 1 -1 -1 1 0 -1 0 0 1 0 0 0 -1 0 0 0 0 0 0 0 0 1 0 0 0 0 0 0 0 0 -1 0 0 1 0 0 0 0 0 0 0 0 0 0 0 0 0 1 0 0 0 0 0 0 0 0 0 0 0 0 0 1 0 0 0 0 0 0 -1 0 -1 0 1 -1 0 0 0 0 0 0 0 0 0 1 0 0 0 0 0 1 0 0 0 -1 0 -1 0 1 1 0 0 0 1 0 0 0 -1 0 0 0 0 0 0 0 0 0 0 0 -1 0 0 1 0 -1 0 0 0 0 0 0 0 1 0 0 0 0 1 0 1 0 -1 0 0 -1 0 1 0 

1 1 8 7 2 10 5 5 9 9 8 8 4 7 4 10 8 4 2 3 9 4 5 9 5 5 1 5 2 8 2 1 6 10 2 3 4 1 9 8 4 6 9 10 1 3 6 6 2 9 2 8 9 10 7 10 6 2 9 4 7 9 4 7 10 2 6 9 1 7 5 7 2 2 8 1 4 1 5 7 9 5 6 2 3 1 8 5 7 8 3 2 1 10 1 6 7 4 3 4 