50 100
-1 0 0 0 0 0 0 0 0 0 0 0 0 -1 0 0 0 0 0 0 0 0 -1 0 0 0 0 0 0 0 1 0 0 0 0 0 0 0 0 0 -1 0 0 0 1 0 0 0 -1 0 0 0 0 0 0 0 1 0 0 0 0 0 -1 0 0 0 -1 0 0 -1 0 1 0 0 -1 0 0 0 1 0 0 0 0 0 -1 0 1 0 0 0 0 -1 0 0 0 0 0 0 0 1 
0 0 0 0 0 0 0 1 0 0 -1 0 0 0 0 0 0 0 1 0 0 0 0 0 -1 0 1 0 0 0 0 0 0 0 0 0 -1 -1 1 0 0 0 0 0 0 0 0 0 0 0 0 1 0 1 0 0 0 0 0 0 0 0 1 -1 0 0 0 0 0 0 0 -1 0 0 0 0 0 0 0 0 0 0 -1 0 0 1 0 0 0 0 1 0 0 0 0 0 0 0 1 1 
0 0 0 0 1 0 0 0 0 0 -1 0 1 0 0 0 0 0 0 -1 -1 0 0 -1 0 0 1 0 0 1 0 -1 0 0 0 -1 0 1 0 0 0 0 0 0 0 0 0 0 -1 0 1 0 -1 -1 0 0 0 0 -1 1 0 0 0 0 0 0 0 0 0 0 0 0 0 0 0 0 0 0 0 0 1 0 0 0 -1 0 0 0 0 0 0 0 0 1 0 0 0 0 1 0 
0 0 0 0 1 1 0 0 1 0 -1 0 0 0 0 -1 0 1 0 -1 0 0 0 0 1 0 0 0 1 0 0 0 1 0 0 0 0 0 0 0 0 0 -1 0 0 0 0 0 0 0 0 0 0 -1 0 0 0 1 0 0 0 0 1 0 0 0 0 0 0 0 0 0 0 0 0 0 0 0 -1 1 0 -1 0 0 0 1 0 -1 0 0 0 0 0 -1 0 0 0 1 0 0 
0 0 0 0 0 0 0 0 0 0 0 0 0 0 0 0 0 0 0 0 -1 -1 0 0 0 0 0 0 1 0 1 0 -1 0 0 0 0 0 0 0 0 0 0 0 0 0 0 0 0 0 0 -1 0 0 0 0 0 -1 0 0 0 1 0 0 0 0 0 0 0 -1 0 1 0 0 0 0 0 -1 0 0 0 0 0 -1 0 0 0 0 0 0 0 0 0 0 1 1 -1 0 0 0 
0 0 0 1 0 -1 0 0 0 0 0 0 0 1 0 0 0 0 0 -1 0 0 0 0 0 0 0 0 0 0 -1 0 0 0 0 0 0 0 -1 0 0 1 0 0 0 1 0 -1 0 0 0 1 0 0 0 0 0 0 0 0 0 0 0 -1 0 0 0 1 0 0 0 -1 0 0 -1 0 0 0 0 0 1 0 0 1 0 0 0 0 0 0 0 0 -1 0 0 -1 0 0 0 0 
0 -1 -1 0 1 0 0 0 -1 -1 0 0 0 0 -1 0 0 0 0 -1 0 0 0 0 0 0 0 -1 0 0 0 0 0 0 0 0 1 0 0 1 1 0 0 0 0 0 0 0 0 -1 0 0 -1 0 0 0 0 0 0 0 0 0 0 -1 0 0 0 0 0 0 0 0 0 0 -1 0 0 0 0 0 0 0 0 0 0 0 0 0 0 1 0 0 0 0 0 0 -1 0 0 0 
0 0 0 0 0 0 0 0 1 0 0 0 1 0 0 0 0 0 0 0 0 0 0 0 0 -1 0 0 0 0 0 1 0 0 1 0 0 0 0 0 0 0 0 0 0 0 -1 0 0 1 0 -1 0 0 0 0 0 0 0 0 0 0 0 0 0 0 0 0 0 0 0 0 1 0 0 0 -1 -1 0 0 -1 -1 0 0 0 0 0 0 0 0 0 0 0 0 0 0 0 0 0 0 
1 0 -1 0 0 0 0 0 0 0 0 0 0 0 0 -1 0 0 0 0 0 -1 0 0 0 0 0 0 0 0 0 0 1 0 0 0 0 0 0 0 0 0 0 0 0 0 0 1 0 0 0 0 0 0 0 0 0 1 0 0 0 -1 0 0 0 0 0 0 0 0 -1 0 0 0 -1 0 0 0 1 0 0 0 0 0 0 0 0 0 0 0 0 0 1 0 0 0 0 0 0 0 
0 0 0 0 0 0 0 1 0 0 1 1 0 0 0 0 0 0 -1 0 0 0 0 0 0 0 0 0 0 0 0 0 0 -1 -1 0 0 0 0 1 0 0 0 -1 0 0 1 -1 0 0 0 0 0 0 0 0 0 0 0 0 0 -1 0 0 1 -1 0 0 0 0 0 0 0 0 1 0 0 1 0 0 0 0 0 0 0 0 0 0 -1 0 0 0 -1 0 0 0 0 0 0 0 
1 0 0 1 -1 0 0 0 0 0 0 -1 0 -1 0 0 -1 0 1 1 0 0 0 -1 0 0 0 0 1 0 0 -1 0 0 0 0 0 0 0 0 0 1 0 1 0 0 0 0 0 0 0 0 0 0 0 0 0 -1 0 0 0 0 0 0 0 0 0 1 0 -1 0 0 0 0 0 0 0 0 0 0 0 0 0 0 0 1 1 0 0 0 -1 0 0 0 0 0 0 0 0 -1 
0 0 0 0 1 0 0 0 -1 -1 0 -1 0 -1 0 0 0 0 0 0 0 1 0 0 -1 -1 0 -1 1 0 0 0 1 0 0 0 0 0 0 0 0 0 1 0 0 0 1 0 0 0 0 1 0 0 -1 0 1 0 0 -1 0 0 0 0 0 0 1 0 0 0 0 -1 0 0 0 0 0 0 1 1 0 0 0 0 -1 0 0 0 0 0 -1 0 -1 0 0 0 0 0 0 0 
1 0 0 -1 0 0 0 0 0 0 0 0 0 0 0 0 0 0 0 0 0 0 0 0 0 -1 0 0 1 0 0 0 -1 -1 0 0 0 -1 1 0 0 0 1 0 1 -1 0 0 1 1 -1 0 0 0 0 0 0 0 0 0 0 0 0 0 0 1 0 0 0 0 0 0 0 0 0 0 0 0 0 0 -1 0 0 0 0 0 0 1 0 -1 0 0 0 0 0 0 1 0 0 0 
1 0 0 0 0 1 -1 0 0 0 0 0 0 0 0 0 -1 0 0 0 1 0 0 0 1 0 0 -1 0 0 0 0 0 0 -1 0 0 0 0 0 -1 0 1 0 -1 0 0 1 0 0 0 0 0 0 0 1 1 0 0 0 -1 0 0 0 0 0 0 0 0 0 0 0 0 1 0 -1 0 0 0 0 0 0 0 0 0 0 0 -1 0 -1 0 -1 0 0 0 0 0 0 0 0 
0 0 -1 0 0 0 -1 0 0 0 0 1 1 0 0 0 0 -1 0 -1 0 0 0 0 0 0 0 0 0 0 0 0 0 -1 0 0 0 0 0 0 0 0 0 0 0 0 0 0 0 0 -1 -1 -1 0 0 0 0 0 0 1 0 0 -1 -1 0 0 0 1 -1 0 0 0 0 0 0 0 0 -1 0 0 0 0 0 0 0 0 0 0 -1 1 0 0 0 0 0 0 1 0 0 0 
-1 0 0 0 0 1 0 0 0 0 0 0 0 0 -1 0 0 0 -1 0 -1 0 0 0 0 0 0 0 0 1 0 0 1 0 0 0 0 0 0 0 0 0 -1 0 0 1 0 0 -1 0 0 0 0 0 0 0 1 0 0 0 -1 0 0 0 0 0 0 0 -1 -1 -1 0 0 0 0 0 -1 0 0 0 0 -1 1 -1 -1 0 0 0 0 0 0 0 0 0 0 -1 0 0 -1 0 
0 0 0 -1 0 0 0 -1 1 0 0 0 0 0 0 -1 0 0 0 0 0 1 0 0 -1 0 0 0 0 1 0 0 0 -1 0 0 1 0 1 0 0 0 0 0 0 0 0 0 0 0 0 0 -1 0 0 0 1 0 0 0 0 0 -1 0 1 0 0 0 0 0 0 0 0 0 1 0 0 0 1 0 0 0 1 0 0 0 0 0 1 0 0 0 0 0 0 -1 0 -1 0 -1 
0 0 -1 0 0 0 0 0 0 -1 0 0 0 0 0 0 0 0 0 0 1 0 1 0 0 0 0 0 0 -1 0 0 0 0 0 0 0 -1 0 0 -1 0 -1 0 1 0 0 1 -1 0 0 0 0 0 0 0 -1 0 0 0 0 0 1 0 0 0 0 0 0 0 1 0 1 -1 0 0 0 0 0 0 0 0 0 0 0 1 0 0 0 0 0 0 0 0 0 0 0 0 0 0 
0 0 -1 0 0 -1 0 0 1 0 0 0 0 0 0 0 0 -1 0 0 0 0 0 0 0 0 0 0 -1 0 1 0 -1 0 0 -1 0 0 1 0 0 0 0 0 0 0 0 1 0 0 0 -1 0 -1 -1 0 0 0 0 0 -1 0 0 0 -1 0 0 0 1 0 0 -1 0 0 0 0 1 0 0 0 0 0 0 0 1 0 0 0 0 -1 0 0 1 0 0 0 0 0 0 1 
0 0 0 0 0 0 1 -1 0 0 0 0 0 0 0 0 0 0 1 0 0 0 0 0 0 0 0 0 0 1 0 0 0 0 -1 0 0 0 0 0 0 0 -1 0 0 1 0 -1 -1 1 0 -1 0 1 0 1 0 0 1 0 0 0 0 0 0 0 0 0 -1 0 0 0 0 0 0 0 -1 0 0 -1 -1 0 0 -1 0 0 0 0 1 0 0 0 0 0 0 0 1 0 0 -1 
0 0 0 0 0 0 0 1 0 0 0 0 1 0 0 0 0 0 0 0 0 0 0 0 0 0 0 0 0 0 1 0 0 0 0 0 -1 0 0 0 0 0 0 0 0 0 0 1 0 1 0 -1 0 -1 0 0 0 1 0 0 0 0 0 0 0 0 -1 0 0 0 0 0 0 0 0 0 0 1 0 0 0 -1 0 0 0 -1 0 0 0 0 0 0 -1 0 0 0 0 -1 0 -1 
0 0 0 0 0 0 0 0 0 -1 0 0 0 0 0 1 0 -1 0 0 1 0 0 0 0 0 0 0 -1 0 0 0 0 1 0 0 -1 1 -1 1 0 0 0 0 0 -1 0 0 -1 0 -1 0 0 0 0 0 0 0 0 0 0 0 0 -1 1 0 0 0 0 0 0 -1 0 0 0 0 0 0 0 -1 0 0 0 0 0 0 0 0 0 0 0 0 0 0 0 0 0 -1 0 0 
0 0 -1 0 0 0 0 0 0 0 0 1 0 0 0 0 0 0 0 0 0 0 1 0 -1 0 0 0 0 1 0 0 1 0 0 0 0 0 0 0 -1 0 1 0 0 0 0 0 0 0 0 0 0 -1 1 1 0 0 1 0 0 0 -1 0 0 0 0 1 0 0 0 0 1 1 0 0 0 0 0 0 1 0 0 0 1 1 0 0 0 0 0 0 -1 -1 0 0 0 1 0 0 
0 0 1 1 0 0 1 0 0 1 1 0 0 0 0 0 0 1 0 0 0 -1 -1 0 0 0 0 1 0 0 -1 0 0 0 0 -1 1 0 -1 0 -1 0 0 -1 0 0 -1 0 0 0 1 -1 0 0 0 0 0 1 0 0 0 0 -1 0 1 0 0 -1 0 0 0 1 0 -1 0 0 0 0 0 0 0 0 0 0 0 0 0 0 0 0 0 0 0 0 0 0 0 0 0 1 
0 -1 0 0 0 0 0 0 0 0 0 0 0 0 0 0 0 0 0 0 -1 0 0 0 0 0 0 0 0 0 1 0 0 0 0 0 -1 0 -1 0 0 0 0 0 0 0 0 -1 0 0 0 0 0 0 0 0 0 1 0 0 1 0 0 0 0 -1 0 0 1 0 0 0 0 0 0 0 0 0 0 0 0 0 -1 0 0 -1 0 0 -1 0 0 0 0 0 0 -1 0 0 0 0 
0 0 0 0 0 0 0 0 1 0 0 0 0 0 0 0 -1 0 1 0 0 0 0 0 0 0 0 0 1 1 0 0 0 0 0 0 0 0 0 0 -1 0 -1 0 0 0 0 0 -1 0 0 0 0 0 0 0 0 0 1 0 0 0 0 0 -1 1 0 0 0 0 0 0 0 0 0 0 0 0 0 0 0 0 0 0 0 0 0 0 0 0 0 -1 0 0 0 1 0 0 0 0 
0 1 0 0 0 0 1 0 0 0 1 0 1 0 0 0 -1 0 0 0 0 0 0 -1 -1 0 0 0 0 0 0 1 0 0 0 0 0 0 -1 0 0 0 0 0 0 0 0 0 -1 0 0 -1 0 0 0 0 -1 0 0 1 0 0 0 0 0 0 0 0 0 0 0 1 0 0 0 0 0 0 0 0 1 0 1 1 0 0 -1 0 0 0 0 0 0 -1 0 0 0 0 0 -1 
-1 1 0 0 0 0 -1 0 0 0 0 0 0 0 0 0 0 0 0 0 0 0 1 0 0 0 0 0 -1 0 0 0 0 0 -1 0 0 0 0 0 0 0 0 0 0 0 0 1 1 0 0 0 0 -1 0 0 0 0 0 0 0 0 0 0 0 0 0 0 0 0 0 -1 -1 0 0 0 -1 0 0 0 0 0 0 0 0 -1 0 0 -1 0 0 0 0 0 0 0 0 0 0 0 
0 0 0 0 0 0 0 0 0 0 0 0 0 -1 1 0 0 0 0 1 0 0 0 -1 0 0 1 1 0 1 1 0 0 0 0 1 -1 0 0 0 -1 0 0 0 1 0 0 0 0 0 0 -1 0 0 -1 0 0 0 0 0 0 0 0 0 0 0 1 0 0 0 -1 1 -1 0 0 -1 0 0 1 0 -1 0 0 0 0 0 0 0 0 1 -1 0 0 0 1 0 0 0 0 0 
0 0 -1 -1 1 0 1 0 0 0 0 0 0 0 0 0 0 0 0 0 0 0 0 0 0 0 1 0 1 0 0 0 0 0 -1 -1 -1 0 1 1 0 0 -1 0 0 0 0 0 0 0 0 1 1 0 0 0 0 0 0 1 0 0 1 0 0 0 0 1 0 0 0 0 0 0 0 0 0 0 0 0 0 1 0 0 0 0 0 0 0 0 0 0 0 1 0 0 -1 0 0 -1 
0 0 0 1 0 1 0 0 0 1 0 0 0 -1 0 0 0 0 0 0 0 1 0 0 1 -1 0 0 0 0 0 0 0 0 0 0 0 0 0 0 0 0 0 0 0 0 0 0 0 -1 0 -1 0 0 0 0 0 0 -1 0 1 -1 -1 1 0 0 0 0 0 0 0 1 0 0 0 -1 1 0 0 0 0 0 0 0 -1 0 0 0 0 0 0 1 0 1 0 0 0 0 0 0 
1 0 1 1 0 0 1 0 -1 1 0 1 0 0 0 -1 0 1 0 0 0 1 0 0 0 -1 0 0 1 0 0 0 0 0 0 -1 1 1 0 0 0 1 0 0 0 0 0 0 -1 0 0 0 0 0 1 0 0 1 0 0 0 1 0 0 0 1 1 0 0 0 0 0 1 0 1 0 1 1 0 0 0 0 -1 0 0 0 0 0 0 -1 0 0 0 0 0 0 0 0 0 0 
1 0 0 0 0 0 0 0 0 -1 1 0 -1 0 0 0 0 0 1 0 0 0 -1 0 0 0 1 -1 1 0 0 0 1 0 0 0 0 -1 0 1 0 1 1 1 0 0 0 0 0 0 0 0 0 0 -1 0 0 0 0 -1 0 -1 1 0 0 0 0 0 0 0 -1 0 0 0 0 0 0 0 0 0 0 0 0 0 0 0 0 0 1 0 0 0 0 0 0 0 0 0 0 0 
0 -1 0 0 0 0 0 0 0 0 0 -1 0 0 0 0 0 0 0 0 0 1 0 0 0 -1 0 0 0 1 0 0 0 0 0 0 0 0 -1 1 0 0 0 0 0 0 0 0 0 0 0 0 0 0 0 1 0 0 0 0 0 0 0 0 0 1 0 0 1 0 0 0 0 0 0 0 0 0 0 0 0 0 0 1 0 0 0 0 1 0 1 0 0 0 0 0 1 0 0 0 
0 0 1 0 0 0 0 -1 0 0 0 0 0 1 0 0 0 0 1 0 0 0 0 0 0 0 0 0 -1 0 0 0 -1 0 0 0 0 0 0 0 0 0 1 0 0 0 -1 0 0 0 0 0 0 -1 1 1 0 0 0 -1 0 0 0 0 0 1 0 0 0 0 0 1 0 0 0 0 0 0 0 0 1 0 0 0 -1 0 0 0 0 0 0 0 0 0 0 0 0 -1 0 0 
0 0 0 0 0 1 0 0 0 -1 1 0 0 0 0 0 0 0 0 -1 0 0 0 0 0 0 0 0 0 0 0 0 0 0 0 0 0 0 0 0 1 0 1 0 0 1 0 0 0 0 0 0 0 0 0 0 0 0 0 0 0 0 0 0 0 0 0 0 0 0 1 1 0 0 0 -1 0 0 0 1 -1 0 1 0 1 0 -1 1 -1 0 -1 -1 -1 0 0 0 -1 1 0 0 
0 -1 0 0 0 0 0 0 -1 0 0 0 0 0 0 0 0 0 0 0 0 0 0 0 0 0 0 0 0 0 0 0 0 1 0 0 -1 0 0 0 1 0 1 0 0 0 0 0 -1 0 -1 0 0 -1 0 0 0 0 0 -1 1 0 -1 -1 0 0 1 1 0 0 0 0 0 0 1 0 0 0 1 -1 1 -1 0 0 0 0 0 -1 0 0 0 0 0 -1 0 1 0 0 -1 0 
0 0 0 -1 0 0 0 0 0 0 0 0 0 1 0 0 0 1 0 1 0 0 0 0 -1 0 -1 -1 0 -1 0 0 0 0 0 0 0 0 0 1 0 -1 -1 0 0 -1 1 -1 1 0 0 0 0 1 0 0 0 0 0 0 0 0 0 0 0 0 0 0 1 0 0 -1 0 0 0 0 0 0 0 0 0 0 0 0 0 0 -1 0 0 1 -1 1 -1 0 0 0 0 0 0 0 
0 0 0 0 0 0 0 0 1 0 0 0 0 1 -1 0 0 0 0 1 0 0 0 0 0 0 0 0 0 0 0 0 0 0 0 0 0 -1 0 0 1 0 1 0 0 1 0 0 1 1 0 1 0 0 0 0 0 0 0 1 0 0 0 0 -1 1 0 0 0 1 0 1 0 -1 0 -1 0 0 -1 0 -1 0 0 -1 1 1 0 0 0 0 1 0 0 0 -1 0 0 0 0 0 
0 0 0 -1 1 0 0 0 0 1 0 0 0 -1 0 0 0 0 0 0 0 0 0 -1 1 0 0 0 1 0 -1 0 0 0 0 0 -1 -1 0 0 0 0 1 0 0 0 0 -1 1 0 0 0 0 0 0 0 0 0 0 0 -1 -1 0 0 0 0 0 0 0 -1 0 0 0 0 -1 0 0 0 1 0 0 0 0 0 0 0 0 0 -1 0 0 0 0 0 0 0 0 0 0 0 
0 0 0 0 0 0 0 0 0 0 0 0 1 0 0 1 0 1 0 0 0 0 0 0 1 1 0 0 0 0 0 0 0 0 0 0 0 0 0 -1 1 0 0 0 0 0 0 0 0 0 0 1 0 0 -1 0 0 0 0 0 -1 0 0 0 0 0 -1 0 1 0 0 0 0 0 0 0 0 0 -1 1 0 0 0 0 0 0 1 0 0 0 0 1 -1 0 0 0 0 0 0 0 
0 0 0 0 1 1 0 0 0 -1 -1 0 0 0 0 1 1 0 0 -1 0 0 0 0 0 0 1 0 0 0 0 0 0 0 1 0 0 0 0 0 -1 0 0 0 1 0 0 0 -1 0 0 0 0 1 -1 0 0 0 0 0 0 -1 0 -1 0 0 0 0 0 0 0 0 0 0 0 1 0 1 1 0 0 0 0 0 0 0 0 1 0 0 0 0 0 0 0 0 0 0 1 1 
0 0 1 0 0 0 0 0 0 0 0 0 0 0 0 0 0 0 0 -1 1 0 0 0 0 0 1 0 0 0 0 0 0 0 0 0 0 0 0 0 0 0 0 0 0 0 0 -1 0 0 0 0 -1 0 -1 0 1 0 1 0 0 0 0 -1 -1 0 0 0 0 0 0 -1 0 0 0 0 0 1 0 -1 -1 0 1 0 0 0 0 1 -1 0 0 1 0 0 0 0 0 1 0 -1 
0 0 0 -1 0 0 0 0 0 0 0 0 0 -1 0 0 0 0 0 0 0 0 1 1 0 0 0 0 0 0 0 0 0 0 0 0 1 0 1 0 0 0 0 0 0 0 0 1 0 0 0 -1 0 -1 0 0 0 0 0 0 0 0 0 0 0 1 0 0 0 0 0 0 1 -1 0 0 0 0 0 0 1 0 0 0 0 0 1 -1 0 0 0 0 0 0 0 1 0 0 1 0 
1 0 -1 0 -1 0 0 0 0 0 0 0 -1 0 0 0 0 0 0 0 0 1 -1 0 1 0 0 0 0 0 0 0 0 0 0 0 0 1 0 0 0 0 1 0 0 1 -1 1 0 0 -1 0 0 0 0 0 -1 0 0 0 0 1 0 0 0 0 0 0 1 0 0 0 0 0 0 0 0 0 0 0 0 0 -1 0 1 0 0 0 0 0 0 0 0 -1 -1 0 0 0 -1 -1 
0 0 0 0 0 0 1 0 1 0 1 -1 0 0 -1 0 0 0 0 0 0 0 0 -1 0 0 0 0 0 1 -1 0 0 0 0 0 0 0 0 0 0 0 -1 0 -1 0 0 0 0 0 0 0 0 0 0 0 0 0 0 1 0 0 0 1 0 0 0 0 1 1 0 0 0 0 -1 0 0 -1 0 0 0 0 0 0 0 0 1 1 0 0 0 0 1 0 1 -1 0 0 0 0 
0 0 0 0 0 0 0 1 0 -1 0 0 0 1 -1 0 0 0 0 0 1 0 0 -1 0 0 0 -1 0 0 -1 0 -1 0 0 1 0 1 1 0 -1 0 0 0 0 0 0 0 0 0 1 0 0 0 -1 0 0 0 0 0 0 -1 0 0 0 -1 0 1 0 0 0 0 1 -1 0 0 -1 0 0 0 0 0 0 0 0 0 1 0 0 1 0 1 0 0 -1 0 -1 0 0 0 
0 0 -1 -1 0 0 0 0 0 0 0 0 0 0 0 0 0 0 0 -1 0 0 0 1 0 0 0 0 1 -1 0 0 0 0 0 0 0 1 0 0 0 -1 0 0 0 0 0 0 0 -1 0 0 1 0 0 1 0 0 0 0 0 0 0 1 0 0 -1 1 0 0 0 0 0 0 0 0 0 1 0 1 0 0 0 0 0 0 0 -1 0 0 1 0 -1 0 -1 0 0 0 -1 1 
0 0 1 1 -1 0 0 0 0 0 -1 0 0 0 0 0 0 0 0 0 1 0 0 -1 0 0 0 0 0 -1 0 -1 0 0 0 -1 0 -1 0 1 1 0 0 0 0 0 -1 0 0 0 0 0 0 0 0 0 0 -1 0 0 -1 0 0 0 1 0 0 0 0 1 0 0 0 0 1 1 0 -1 0 0 0 -1 0 0 0 0 -1 0 0 0 0 -1 0 0 -1 1 0 1 -1 0 
0 0 0 0 0 0 0 0 -1 0 0 0 0 0 0 0 0 0 0 0 0 -1 0 0 0 0 0 0 0 1 1 0 1 0 0 0 0 0 0 0 0 0 0 0 0 0 0 -1 0 1 0 0 0 0 0 1 0 0 0 0 0 0 0 0 0 0 0 1 0 1 0 0 0 0 1 0 0 1 0 0 0 0 0 0 0 0 0 0 0 -1 0 0 0 0 1 0 0 -1 0 0 

1 9 4 3 5 10 6 1 1 4 10 3 9 1 9 1 10 3 1 3 6 9 1 6 2 6 8 8 4 7 2 2 3 10 4 2 7 9 4 6 9 6 6 8 10 1 8 7 9 8 