100 200
0 0 0 0 0 0 0 -1 0 0 0 0 0 0 0 0 0 0 1 0 0 0 0 0 0 0 0 0 0 0 0 0 -1 0 0 0 0 0 -1 1 0 0 0 0 0 0 0 0 0 0 0 1 0 0 0 0 -1 -1 0 0 0 0 -1 -1 0 0 0 0 0 0 0 -1 -1 0 0 0 0 0 0 0 0 0 0 1 -1 0 -1 -1 1 0 1 0 0 0 0 0 1 0 0 1 0 0 0 0 0 1 0 0 1 0 0 0 0 0 -1 0 0 -1 -1 0 0 0 0 0 0 0 0 0 0 0 0 -1 0 0 0 0 0 0 0 0 0 0 0 0 1 0 0 0 -1 -1 0 1 0 0 0 0 0 0 0 0 0 0 0 0 0 1 -1 0 0 0 0 0 0 0 0 0 -1 1 -1 0 0 1 0 0 0 0 0 0 0 -1 0 0 0 0 0 0 0 0 -1 0 
0 0 1 0 0 0 0 0 0 0 0 0 0 -1 0 0 0 0 0 0 1 1 0 0 1 0 0 0 0 0 0 1 0 0 0 0 0 0 0 0 0 0 0 0 -1 0 0 0 0 0 1 1 0 0 0 0 0 0 0 -1 0 0 0 0 -1 0 0 0 1 -1 -1 1 0 0 0 0 0 0 0 0 0 0 0 0 0 -1 -1 0 0 0 0 0 0 -1 1 -1 0 0 0 1 1 0 0 -1 0 1 0 0 0 0 0 0 0 0 0 0 -1 0 0 0 1 0 0 0 1 -1 0 -1 -1 1 1 0 0 0 1 0 0 0 0 0 0 0 0 0 0 0 0 0 0 0 1 0 0 0 0 0 0 0 0 0 0 0 0 1 0 0 0 -1 -1 0 1 0 0 0 -1 0 0 0 0 0 1 1 1 0 -1 0 0 0 0 0 0 0 1 0 0 0 -1 -1 0 0 
0 0 -1 0 0 0 0 0 0 0 0 -1 0 0 0 1 0 0 0 0 0 0 0 0 0 0 0 1 0 1 0 0 0 0 0 0 0 0 1 0 0 1 1 0 0 0 0 0 0 0 0 0 1 0 0 0 -1 0 0 -1 0 0 1 0 0 0 0 0 0 0 0 1 0 0 0 0 0 0 0 0 0 0 0 0 0 0 -1 1 0 0 0 0 1 0 0 0 0 1 1 0 0 0 1 1 0 0 0 0 0 0 -1 0 0 0 0 0 0 0 1 0 0 0 0 0 0 0 0 0 0 0 0 0 0 0 0 0 1 1 0 0 0 1 -1 0 0 0 0 0 0 0 0 0 0 0 0 0 -1 0 1 0 0 1 0 0 0 0 0 0 0 0 0 -1 0 0 0 0 0 -1 0 0 0 0 0 1 0 0 0 1 0 0 0 0 0 0 0 0 0 -1 0 -1 
0 0 1 0 0 0 0 0 0 0 0 0 0 0 0 0 -1 0 -1 0 1 0 0 0 0 0 0 -1 0 -1 0 0 0 0 0 0 0 -1 0 0 0 0 1 1 1 0 0 0 0 0 0 -1 0 0 0 0 0 0 1 -1 0 0 0 0 1 0 0 0 0 0 0 0 0 0 0 -1 0 0 0 0 -1 0 1 0 0 0 0 0 0 0 0 1 0 1 0 -1 0 0 0 0 0 1 0 0 0 -1 0 0 0 0 0 0 0 -1 1 0 0 -1 1 0 0 0 0 0 -1 -1 0 0 0 1 0 0 0 0 0 0 1 0 1 0 0 0 -1 0 0 1 0 0 0 -1 -1 0 0 0 0 0 0 0 0 -1 -1 0 0 0 0 0 -1 1 0 0 0 0 0 -1 0 0 0 0 0 -1 0 1 0 0 0 -1 0 0 0 -1 0 0 -1 0 1 0 -1 1 -1 0 
0 1 -1 0 1 0 0 0 0 0 0 0 0 0 -1 0 0 0 -1 0 0 0 0 0 0 0 0 0 0 0 0 0 -1 1 0 0 0 0 0 -1 0 -1 0 0 0 0 0 0 0 0 0 1 0 0 0 0 0 0 0 0 0 0 1 0 1 1 0 0 1 0 0 0 0 0 0 0 0 0 0 0 0 0 0 0 0 0 0 0 0 0 0 0 0 -1 0 0 0 0 0 -1 0 0 0 0 -1 0 1 0 0 1 0 0 0 0 0 1 1 0 0 0 0 0 0 0 0 0 0 0 1 0 1 0 0 0 0 0 0 0 0 0 -1 0 -1 0 1 0 0 0 0 0 0 0 0 0 0 0 0 0 0 0 0 1 0 0 0 0 0 -1 1 1 0 0 0 0 0 -1 0 0 1 0 0 0 0 0 0 -1 0 -1 0 0 0 1 -1 0 0 0 0 0 0 -1 
1 0 0 0 0 0 0 0 0 0 0 0 0 0 1 -1 0 0 0 0 0 0 0 0 -1 0 0 0 0 -1 0 0 0 1 0 0 0 0 0 0 0 0 0 0 0 0 0 1 0 1 0 0 0 0 0 -1 0 0 0 0 1 0 0 -1 -1 0 0 0 0 1 0 0 0 0 0 0 0 -1 0 0 0 0 0 0 0 1 1 -1 0 0 0 1 0 1 0 0 0 0 0 1 -1 0 0 -1 0 0 0 0 0 0 0 0 -1 0 0 1 0 1 1 0 0 0 -1 0 0 0 0 0 0 0 1 0 0 0 0 1 0 -1 -1 0 0 0 -1 0 0 1 0 0 0 0 -1 0 1 0 -1 0 -1 0 -1 0 0 0 0 0 0 1 0 0 0 0 0 0 0 0 0 0 0 0 0 0 0 0 1 0 0 0 0 0 0 0 1 1 0 0 0 0 0 -1 0 0 
0 0 0 0 1 0 1 0 0 0 0 0 1 0 0 0 1 -1 -1 0 0 0 0 0 -1 0 0 0 0 0 0 0 0 0 0 0 0 0 0 0 0 0 0 1 0 0 0 0 0 0 0 0 0 0 0 0 0 0 0 0 1 0 0 1 0 0 0 0 -1 0 0 0 0 0 0 0 0 0 0 0 -1 0 0 0 -1 0 0 0 -1 0 0 0 0 0 0 0 0 0 0 0 -1 1 0 0 0 0 0 0 0 0 0 0 0 0 0 0 0 0 0 0 0 0 0 0 -1 0 0 -1 0 -1 0 0 0 0 0 1 0 0 0 0 0 0 0 0 0 -1 0 0 0 0 0 -1 0 0 0 0 0 0 0 0 0 0 0 0 0 0 0 0 0 0 0 0 0 -1 0 1 1 1 0 0 -1 0 0 1 0 0 0 0 0 0 0 1 0 0 1 1 0 0 1 0 
0 0 0 0 0 0 0 0 0 -1 0 0 -1 0 0 0 0 0 0 0 -1 0 0 1 1 0 0 0 0 0 0 0 -1 0 0 0 0 0 0 0 0 0 0 0 0 -1 0 0 0 0 0 0 0 0 0 1 0 -1 1 -1 0 0 0 -1 0 0 0 0 0 0 0 0 0 -1 0 0 0 0 0 1 0 0 0 0 1 0 0 0 0 0 0 0 0 0 -1 -1 1 0 0 0 1 1 1 0 1 0 0 0 0 1 0 0 0 0 -1 0 0 0 0 0 -1 0 0 -1 0 0 0 0 0 0 0 0 0 0 0 0 1 0 0 1 -1 0 0 0 0 0 0 0 0 0 0 1 0 0 0 0 0 0 0 0 0 0 0 0 0 0 0 1 0 0 0 0 -1 0 0 0 0 0 0 0 1 0 0 0 0 0 0 0 0 0 0 0 0 0 -1 0 1 0 -1 0 
0 -1 0 0 -1 0 1 0 0 0 0 1 0 1 0 0 -1 -1 0 0 0 0 0 1 0 1 0 0 0 0 0 0 0 0 0 0 0 0 1 0 0 0 0 0 0 1 0 -1 -1 0 0 0 0 -1 0 0 0 0 0 0 0 0 0 1 0 0 0 1 0 0 0 0 0 0 0 0 -1 0 0 0 0 1 0 0 0 0 0 0 1 0 0 0 0 0 0 0 0 0 0 0 0 0 0 0 0 0 0 0 0 0 -1 0 0 0 0 0 0 0 0 0 0 0 0 0 0 0 0 0 -1 -1 0 0 0 0 0 0 0 0 0 0 0 0 0 0 0 0 -1 0 0 0 0 1 0 1 0 1 0 0 0 0 0 0 0 0 0 1 0 1 -1 0 0 0 0 0 0 0 0 0 0 0 0 -1 0 0 -1 0 0 -1 0 0 0 1 0 0 0 0 1 1 0 0 
0 0 0 0 0 0 0 1 0 0 0 0 0 0 0 0 0 0 0 0 0 0 0 -1 0 0 0 0 0 0 0 -1 0 0 0 0 0 0 0 -1 0 0 0 0 0 0 0 1 -1 0 0 0 0 -1 0 0 0 0 0 1 0 0 0 0 1 0 0 -1 0 -1 0 -1 0 0 0 0 1 0 0 0 0 0 0 -1 0 -1 0 -1 0 0 0 0 0 0 0 0 -1 0 0 0 0 0 1 0 0 1 0 0 0 0 0 0 1 0 -1 0 0 0 0 0 0 0 0 0 0 0 0 0 0 0 -1 0 0 0 0 1 -1 0 1 0 0 0 -1 1 -1 0 0 0 1 0 0 0 0 0 0 0 -1 0 -1 0 1 0 0 0 0 0 1 0 -1 -1 0 0 1 0 -1 0 0 0 0 0 0 0 0 0 0 0 0 0 0 0 0 0 0 0 0 0 0 1 0 0 
0 1 0 0 1 0 0 -1 0 -1 0 0 0 0 0 0 0 -1 0 0 0 0 0 0 1 1 0 0 0 0 0 0 0 0 0 -1 -1 0 0 -1 0 0 0 0 0 0 0 -1 0 1 0 0 0 1 0 0 0 0 0 0 0 0 0 0 0 0 0 1 -1 -1 -1 0 0 0 0 0 0 1 0 0 0 0 0 0 0 -1 0 -1 0 0 0 0 0 0 0 0 0 -1 0 0 -1 0 0 -1 1 0 0 0 0 0 1 0 0 1 0 1 1 0 0 1 0 -1 1 0 0 0 0 0 -1 1 0 0 0 0 0 0 0 0 0 0 0 0 0 0 0 0 1 0 1 0 -1 0 0 1 0 0 0 1 0 0 -1 0 0 0 0 0 0 0 0 0 1 0 0 0 0 0 1 0 0 0 0 0 0 0 0 0 0 0 -1 0 1 0 0 0 0 1 0 0 0 0 
1 0 0 0 -1 0 0 0 0 0 1 0 -1 0 0 0 1 0 0 0 0 0 -1 0 0 -1 0 0 -1 0 1 0 0 0 0 0 -1 1 0 0 0 0 -1 0 -1 0 0 0 1 0 0 -1 0 1 -1 0 0 0 0 0 0 0 -1 0 -1 0 0 0 1 0 0 0 0 1 0 0 0 0 0 0 0 0 0 0 -1 0 0 0 0 0 0 0 0 0 0 0 0 -1 0 0 0 0 0 0 0 -1 0 0 0 0 0 0 0 0 0 0 0 -1 1 0 0 0 0 1 1 0 -1 1 0 0 0 0 0 0 0 0 0 0 0 0 -1 0 0 0 -1 0 0 0 0 0 0 0 0 0 1 -1 0 0 0 0 0 0 0 1 0 0 0 0 0 0 0 0 0 -1 0 0 0 0 -1 0 -1 0 -1 -1 0 0 0 0 1 0 0 0 0 0 0 1 0 1 0 0 
0 -1 0 -1 0 0 0 0 0 0 0 -1 0 0 0 -1 0 -1 0 1 0 0 0 0 0 0 0 0 0 0 0 1 -1 0 0 0 0 0 1 -1 0 1 0 0 0 0 1 0 1 0 0 0 0 0 0 0 -1 0 -1 0 0 0 0 0 0 0 0 0 0 -1 0 0 0 0 0 0 0 0 0 0 0 1 1 0 0 -1 -1 -1 -1 0 0 1 0 0 -1 0 1 0 0 0 0 0 0 0 0 0 0 0 0 0 1 0 0 0 0 0 0 0 0 0 0 0 0 0 0 -1 0 0 0 -1 0 0 0 0 0 0 -1 0 0 0 0 0 0 0 0 0 0 1 0 0 0 0 0 0 0 0 0 0 0 0 -1 0 0 0 0 0 -1 0 0 0 1 0 0 -1 0 0 -1 1 0 0 0 -1 0 0 0 0 0 -1 0 -1 0 1 1 0 1 0 0 0 1 -1 
0 0 0 0 0 0 0 0 0 1 0 0 0 -1 0 1 0 0 0 0 0 1 1 0 0 0 1 0 1 1 0 0 0 0 0 0 0 0 0 0 -1 0 -1 -1 1 1 0 0 0 -1 1 0 0 0 0 0 0 0 0 0 0 0 0 0 0 1 0 0 0 1 0 0 0 0 -1 0 0 0 1 0 -1 -1 0 0 0 0 0 -1 0 0 0 0 0 0 0 0 0 0 0 0 0 0 0 0 0 0 0 0 0 0 0 0 0 1 0 0 0 0 0 0 -1 0 0 0 0 0 -1 0 -1 -1 0 0 0 0 1 0 0 -1 0 0 0 1 -1 0 1 0 0 -1 0 0 -1 0 -1 -1 0 0 0 0 0 0 1 0 1 0 0 0 0 0 0 0 1 0 0 0 0 0 1 1 0 0 0 0 1 -1 1 -1 -1 0 0 -1 0 -1 0 0 0 0 0 0 0 0 
0 -1 0 0 0 1 0 0 0 0 0 0 0 -1 0 0 -1 0 0 1 0 1 -1 0 0 0 0 -1 0 0 0 1 0 -1 0 0 0 -1 0 0 0 0 0 0 0 0 1 0 1 0 -1 0 0 0 0 0 0 1 0 0 -1 0 0 0 -1 -1 0 0 0 0 0 0 0 0 1 0 0 0 0 1 0 0 -1 0 0 0 0 0 0 0 0 1 0 0 0 0 0 -1 0 0 0 0 1 0 0 0 0 0 0 0 0 0 0 1 0 0 0 0 0 0 0 0 0 0 0 0 0 0 -1 0 1 -1 0 0 0 1 -1 0 0 0 0 1 0 0 0 0 0 0 1 0 0 0 0 0 0 0 -1 0 0 1 0 0 0 0 -1 0 0 0 -1 0 0 0 0 0 0 0 0 0 0 0 1 0 0 0 -1 0 0 0 0 0 0 1 0 0 -1 0 0 -1 0 0 
0 0 0 -1 0 0 0 0 0 0 0 0 0 0 0 0 0 0 1 0 0 0 -1 0 0 0 0 0 0 0 0 0 0 -1 0 0 0 0 0 0 1 1 -1 0 1 0 0 0 -1 0 0 0 0 0 0 0 0 0 0 0 0 0 0 0 0 -1 0 0 0 0 1 0 0 0 1 0 0 -1 0 0 0 0 1 0 0 0 0 0 0 0 0 0 0 0 0 0 0 0 0 0 0 0 1 1 0 0 0 -1 0 0 0 0 0 0 0 0 0 -1 1 1 0 0 0 0 0 0 0 0 0 0 0 0 1 0 0 0 1 0 0 0 0 0 1 0 1 0 0 0 0 -1 -1 0 -1 0 -1 0 0 0 0 0 -1 -1 -1 0 0 0 0 -1 -1 0 0 0 0 0 0 0 0 0 0 1 0 0 0 0 0 0 0 0 -1 0 0 0 0 0 -1 0 0 1 0 0 
0 -1 0 0 0 0 0 0 0 0 0 0 0 0 0 0 0 0 0 0 1 0 1 -1 0 0 1 0 0 0 0 0 0 0 1 0 1 0 0 0 1 0 0 0 0 -1 0 0 0 0 0 0 1 0 0 0 0 0 1 0 0 -1 0 0 -1 1 0 0 1 1 0 0 -1 0 0 0 0 1 0 0 0 0 0 0 0 0 0 0 0 1 0 0 0 0 0 0 0 0 0 0 0 0 0 1 0 0 0 1 1 1 0 0 -1 0 0 0 0 0 0 0 0 0 0 0 0 0 0 1 0 1 1 -1 1 0 0 0 0 0 1 0 0 0 1 1 0 0 -1 0 0 0 0 1 0 0 -1 0 -1 0 0 0 0 -1 -1 -1 0 0 0 0 0 0 0 0 0 0 0 0 0 0 0 0 0 0 0 1 1 1 0 0 0 1 -1 0 0 0 0 -1 0 0 0 0 
0 0 0 0 0 0 0 1 0 0 0 0 0 1 -1 0 -1 -1 1 0 1 1 -1 0 0 0 0 0 0 0 1 0 0 -1 0 0 0 0 0 0 1 1 -1 0 0 0 -1 0 0 1 0 0 0 0 0 0 0 0 1 0 0 0 1 1 0 0 0 1 0 0 -1 -1 0 -1 0 0 0 0 0 0 0 0 0 0 0 -1 0 0 0 0 0 0 0 0 0 0 -1 0 1 0 0 0 0 1 0 1 0 1 0 0 0 0 0 0 1 0 0 0 1 0 -1 0 0 0 -1 0 0 0 0 0 0 0 -1 0 0 0 0 0 0 0 0 -1 1 0 0 0 -1 0 1 0 -1 0 0 0 0 -1 0 0 0 0 0 0 -1 0 1 0 0 -1 0 1 0 0 0 -1 -1 -1 0 0 1 0 0 0 0 0 0 0 0 0 0 0 0 0 0 0 0 -1 0 0 -1 1 
0 0 0 1 0 0 0 0 1 0 0 -1 0 0 0 0 0 -1 0 0 1 0 0 0 0 1 0 0 0 0 1 1 0 0 0 0 1 1 0 0 0 0 0 0 0 0 0 0 0 -1 0 0 0 0 1 0 0 -1 -1 0 0 0 1 0 0 1 1 0 0 0 0 0 1 -1 0 0 0 0 0 -1 -1 0 -1 0 0 0 0 0 0 0 0 0 0 0 0 0 0 0 0 0 0 0 0 0 0 0 0 0 0 0 0 0 0 0 0 0 0 0 0 0 0 0 0 0 0 0 0 -1 0 0 0 0 -1 0 0 0 0 -1 1 0 0 0 0 0 0 1 1 0 0 -1 0 -1 0 0 0 0 0 1 0 1 0 -1 0 1 0 0 0 0 0 0 0 1 0 0 0 0 -1 -1 0 0 0 0 0 -1 0 0 0 0 -1 -1 0 0 -1 -1 0 0 0 0 0 0 
0 0 0 0 0 -1 -1 1 0 0 0 0 0 0 0 0 0 0 -1 1 -1 0 0 0 -1 0 1 0 1 0 0 0 0 0 0 1 0 1 1 0 0 0 0 0 0 0 -1 1 0 0 0 0 0 1 0 0 0 0 0 0 0 0 0 0 0 0 0 0 0 -1 0 0 0 0 0 0 0 0 0 0 -1 0 0 0 0 0 0 0 1 -1 0 0 0 0 -1 0 0 0 0 0 -1 0 0 0 0 0 0 0 -1 1 0 0 -1 0 0 0 0 0 -1 0 -1 -1 0 0 0 0 0 0 0 0 0 0 0 0 0 0 0 0 0 0 0 0 0 0 0 0 0 0 0 0 0 0 0 0 0 1 0 -1 0 0 1 0 0 0 0 0 0 0 0 0 1 0 0 0 0 0 -1 0 -1 0 0 0 0 0 -1 0 0 0 0 0 0 0 0 -1 0 -1 0 -1 1 -1 
0 1 0 1 0 0 0 1 0 0 0 0 0 0 0 0 0 0 0 0 0 0 0 0 0 0 0 0 0 -1 0 0 0 0 0 0 0 0 -1 0 0 0 0 0 1 0 0 0 0 1 0 0 0 1 0 0 0 -1 0 0 0 0 0 -1 0 1 0 0 0 0 0 0 0 0 -1 0 0 -1 0 0 -1 0 1 0 0 0 0 0 0 0 0 1 1 0 -1 0 1 0 -1 0 0 -1 0 0 0 1 0 0 0 0 -1 1 0 1 0 0 0 0 0 0 0 0 0 0 0 0 0 0 0 -1 0 0 -1 0 0 1 0 0 0 0 0 -1 0 -1 0 0 -1 0 -1 0 0 0 -1 0 0 0 0 1 0 -1 0 -1 0 0 0 0 0 0 0 -1 0 0 0 0 0 0 0 0 0 0 0 0 0 -1 0 0 -1 -1 0 1 1 0 0 0 0 0 0 0 0 0 
0 0 0 1 -1 0 0 0 0 0 0 1 0 0 0 0 0 0 0 0 0 0 0 0 0 0 0 0 0 0 0 0 0 0 0 0 0 -1 0 0 0 1 0 0 0 0 0 0 0 0 -1 0 0 0 0 0 0 0 0 0 0 0 0 0 0 1 -1 0 1 0 0 0 1 0 0 0 -1 0 -1 0 0 0 0 0 0 0 0 0 0 -1 0 0 0 0 1 1 0 0 0 0 0 0 0 1 0 0 0 0 0 0 -1 1 -1 0 0 0 0 0 0 0 1 0 1 0 0 0 0 0 0 0 1 0 -1 0 0 0 0 0 0 0 0 0 0 0 0 0 -1 1 0 0 0 -1 0 0 0 0 0 -1 0 0 0 0 0 0 0 -1 -1 0 0 0 -1 1 0 0 -1 0 0 1 0 0 0 0 1 -1 -1 0 0 1 0 -1 0 0 1 0 0 1 1 0 0 0 
0 0 0 0 1 1 0 0 0 0 0 -1 -1 0 0 -1 0 0 0 0 0 -1 0 0 -1 0 0 0 -1 0 0 -1 0 1 0 0 0 0 0 0 0 1 0 0 0 1 0 0 0 0 0 0 0 0 0 0 0 0 0 0 0 -1 -1 0 1 0 0 -1 0 0 0 0 0 -1 0 0 0 0 0 0 0 0 0 0 0 1 0 0 0 -1 -1 0 0 0 0 0 0 0 0 0 0 0 0 1 0 0 0 0 0 0 0 1 0 0 0 0 0 0 0 0 0 0 0 0 0 0 -1 0 0 0 0 0 0 0 1 -1 0 0 0 0 0 0 0 0 0 0 0 0 1 0 0 0 1 -1 0 0 0 0 0 0 0 0 0 0 -1 0 0 1 -1 0 0 0 0 -1 0 0 0 0 1 0 0 0 0 0 -1 0 0 0 0 0 -1 1 0 0 0 0 0 0 0 -1 
0 0 0 0 0 0 -1 1 0 0 1 0 0 0 0 0 0 0 0 0 -1 0 0 1 0 1 -1 0 0 0 0 0 -1 1 0 0 0 0 0 0 0 0 1 0 0 0 0 0 0 1 0 -1 0 -1 0 0 -1 0 0 0 0 0 0 0 1 0 0 0 0 0 0 1 0 0 0 0 0 0 0 0 0 0 0 0 0 0 0 0 1 -1 0 -1 0 1 0 1 0 0 0 -1 0 0 0 1 -1 1 1 0 1 -1 0 -1 0 0 0 0 1 0 0 0 0 0 0 -1 0 0 0 0 0 0 0 0 0 1 1 0 0 0 0 0 0 -1 0 1 0 0 1 -1 0 1 -1 0 1 0 0 -1 0 0 0 0 0 1 -1 0 0 0 0 -1 0 -1 0 -1 0 0 1 0 1 -1 0 0 0 0 0 0 1 0 0 0 0 1 0 -1 1 1 0 0 0 -1 0 0 
1 0 0 0 0 1 0 0 -1 -1 0 0 0 0 0 0 0 0 0 -1 0 0 0 0 0 0 -1 0 1 0 -1 0 -1 1 0 0 0 0 0 0 0 -1 0 0 0 0 0 -1 0 0 0 0 0 0 0 0 0 -1 0 0 0 0 0 -1 0 0 0 0 0 0 0 1 0 0 0 0 0 0 0 0 0 0 0 0 0 0 0 0 0 0 0 0 0 1 0 -1 0 0 0 0 0 -1 0 0 0 0 0 0 0 0 -1 0 0 0 0 -1 -1 -1 0 0 0 1 1 0 0 0 0 0 -1 0 0 0 0 0 0 1 0 0 0 0 0 0 1 0 0 1 0 0 0 0 0 0 0 0 0 0 1 1 0 -1 0 0 0 0 0 0 0 0 1 0 1 0 0 0 1 0 1 0 0 0 0 0 -1 0 -1 0 0 -1 0 1 0 0 0 -1 0 0 0 0 0 0 
0 0 0 0 0 0 0 0 0 0 0 0 0 0 -1 0 0 0 0 -1 0 1 0 -1 -1 0 0 0 0 -1 0 0 0 0 0 0 0 -1 0 0 0 0 0 0 1 0 0 0 0 0 0 0 0 1 0 0 0 -1 0 0 0 0 1 0 0 0 0 0 0 0 0 0 0 -1 1 1 0 0 0 0 0 0 0 0 0 0 0 0 0 0 0 0 0 0 -1 0 0 0 0 -1 0 0 0 0 1 -1 0 0 1 0 -1 0 0 1 0 0 -1 0 -1 0 1 0 -1 0 0 -1 0 0 -1 0 0 0 0 0 0 0 0 0 0 0 0 0 0 -1 0 0 0 0 0 -1 0 0 0 -1 1 0 0 0 0 0 0 -1 1 -1 0 0 0 0 0 0 0 0 0 0 0 -1 0 0 0 -1 0 0 0 0 0 -1 0 0 0 0 0 0 -1 0 0 0 0 0 -1 0 
-1 0 0 -1 0 0 0 0 0 0 0 0 0 0 0 0 0 0 0 -1 0 0 0 0 -1 0 0 0 0 0 1 0 1 0 0 0 0 0 0 -1 0 0 0 -1 0 0 0 0 0 0 0 0 0 1 0 0 0 -1 1 0 0 0 0 0 0 0 1 0 -1 -1 1 0 0 0 0 0 0 0 0 0 0 0 -1 0 0 0 0 0 0 0 1 0 0 -1 0 0 0 0 -1 0 0 0 0 0 0 1 0 -1 0 0 0 0 0 -1 -1 0 0 0 0 0 0 0 1 0 0 0 0 0 0 1 0 0 0 0 0 0 0 1 0 0 0 0 0 1 0 0 0 -1 0 0 0 0 -1 0 0 0 0 1 1 0 0 0 0 0 0 0 0 0 0 0 0 0 1 0 0 0 0 0 0 -1 0 0 0 0 0 0 0 0 0 -1 0 1 0 0 0 1 -1 0 0 1 
0 0 0 0 0 0 0 0 0 0 0 0 0 0 0 0 0 0 -1 0 0 0 1 0 0 0 0 -1 0 -1 0 0 0 0 0 0 0 -1 1 -1 0 0 0 1 0 0 0 0 0 0 0 0 0 0 0 0 0 -1 0 0 0 0 0 0 -1 0 0 0 0 0 0 0 0 0 0 0 -1 0 0 0 0 0 -1 0 0 0 1 0 0 0 0 0 0 -1 0 0 0 0 0 -1 0 -1 0 0 1 1 0 0 0 -1 0 0 0 -1 0 0 0 0 -1 0 1 0 0 0 0 0 0 0 0 0 0 0 0 0 -1 0 -1 -1 0 0 0 0 0 0 0 0 0 0 0 0 0 0 0 0 -1 0 0 0 0 0 0 0 0 0 0 0 0 0 0 0 0 0 0 -1 0 0 0 0 0 -1 0 0 0 0 0 -1 0 0 -1 0 0 1 0 0 0 0 0 0 0 0 
0 0 1 0 0 0 0 0 0 0 0 1 0 1 0 0 1 -1 0 0 1 0 0 0 0 0 0 0 0 1 0 0 -1 1 0 0 0 -1 0 0 0 -1 0 0 1 1 0 0 -1 0 0 0 0 0 0 0 0 0 0 0 0 0 0 0 0 0 0 -1 0 0 0 0 0 0 0 0 -1 0 0 0 0 0 0 -1 0 0 0 0 0 0 0 0 0 0 0 1 0 0 0 1 -1 0 0 0 0 0 0 0 0 -1 0 0 -1 0 0 0 0 1 0 0 0 0 1 0 1 1 0 -1 0 0 0 0 0 0 0 1 0 0 1 0 -1 0 0 1 -1 0 0 0 0 0 0 -1 1 0 0 0 0 1 0 0 0 0 0 0 0 0 0 1 0 0 0 1 0 1 0 0 1 0 0 -1 0 0 0 -1 0 -1 0 -1 0 0 0 0 0 1 0 0 1 -1 0 0 
0 -1 0 0 0 0 0 0 0 1 0 0 0 0 0 -1 0 1 0 0 0 0 0 0 0 0 -1 0 0 0 -1 0 1 -1 0 0 1 1 0 0 0 0 0 0 0 -1 0 0 1 0 0 0 0 0 0 0 0 0 0 0 0 0 1 0 -1 0 0 0 0 0 0 0 0 0 0 0 0 0 0 -1 0 0 0 0 0 -1 0 0 0 0 0 0 1 0 0 0 0 1 0 0 0 1 0 1 1 -1 0 0 0 0 0 1 0 0 1 0 0 1 1 0 0 1 0 0 1 0 0 0 0 0 0 0 0 0 0 0 0 0 0 -1 0 -1 0 0 0 1 1 0 0 0 1 0 0 0 0 0 0 0 0 0 1 0 0 0 0 0 -1 0 1 0 1 0 0 0 0 0 0 0 0 0 0 0 0 0 0 0 0 0 0 0 0 0 0 0 0 0 0 0 0 0 
0 0 -1 0 0 0 -1 0 0 0 -1 0 0 0 0 0 0 0 0 0 0 0 0 0 0 0 0 1 0 0 0 0 0 0 0 0 1 0 0 0 0 0 0 0 0 0 0 0 1 -1 0 0 1 0 0 0 0 0 0 0 1 0 0 0 0 -1 0 0 -1 -1 0 -1 0 1 -1 1 -1 0 0 0 0 0 0 0 0 0 0 0 0 -1 0 0 0 0 0 0 0 0 0 0 0 -1 1 1 0 0 0 0 0 0 0 0 -1 0 1 -1 -1 0 0 -1 0 1 -1 -1 0 0 0 0 0 0 0 0 0 0 0 1 1 0 0 -1 0 0 -1 0 1 0 0 0 0 0 0 0 0 0 0 0 0 0 0 0 0 1 0 0 0 0 0 0 0 0 0 0 0 0 0 0 0 -1 0 0 0 0 0 -1 0 0 -1 0 0 0 -1 0 0 0 0 0 0 0 0 0 
0 1 0 -1 0 0 0 0 0 0 0 1 0 1 0 0 0 0 0 0 0 0 0 0 0 0 0 0 0 0 0 0 1 0 0 0 1 0 0 0 0 -1 -1 0 -1 0 0 0 0 0 0 1 -1 1 0 0 0 0 0 0 0 0 0 0 1 0 0 0 -1 0 0 0 0 0 0 0 0 0 0 0 0 0 0 0 0 0 0 0 -1 0 0 0 0 0 -1 0 0 0 0 0 -1 0 0 0 0 0 0 1 0 0 0 0 0 0 0 0 0 1 0 0 0 0 0 0 0 0 0 0 0 0 0 0 0 0 0 0 1 0 0 0 0 0 0 0 0 0 0 0 0 0 0 0 0 0 0 0 0 0 0 0 0 0 1 0 0 0 0 0 0 0 0 -1 0 -1 0 0 0 0 0 0 0 0 0 0 0 0 0 0 0 1 0 0 1 1 0 0 0 0 0 0 
0 0 -1 1 1 0 0 0 0 -1 0 0 1 1 0 0 0 0 0 0 0 1 0 0 -1 0 0 0 0 0 0 0 0 0 -1 0 0 0 -1 0 0 0 0 0 0 0 0 0 0 0 0 0 0 0 0 0 0 -1 0 0 0 0 1 0 0 0 0 1 0 1 -1 0 0 0 0 -1 -1 0 0 0 -1 0 0 0 0 0 0 0 0 0 1 0 0 0 0 0 0 0 0 -1 0 0 -1 0 0 0 0 0 0 0 0 0 1 0 -1 -1 0 0 0 0 0 0 0 0 0 0 0 0 0 -1 0 1 0 1 0 0 0 1 0 0 0 0 1 0 -1 0 1 0 0 0 1 0 -1 0 0 0 -1 0 0 0 -1 0 0 -1 0 1 0 0 0 0 0 0 0 0 -1 0 1 0 0 -1 0 -1 0 0 0 0 0 -1 0 0 1 0 0 1 0 -1 0 0 0 0 
0 0 0 0 0 0 -1 0 0 0 0 -1 0 0 1 0 0 0 0 0 1 0 0 0 0 0 0 0 -1 0 0 0 0 0 0 -1 0 0 0 0 0 -1 0 -1 0 1 0 0 0 0 0 0 0 0 0 0 0 0 0 1 0 0 -1 -1 -1 0 0 -1 0 -1 0 0 1 0 0 0 0 0 0 0 0 0 0 0 0 0 0 0 0 0 0 0 0 0 0 0 0 0 0 0 0 1 0 0 0 0 0 0 0 1 0 -1 0 0 0 0 0 0 0 1 0 0 0 0 1 0 0 0 0 0 0 0 0 1 0 -1 0 0 0 0 1 0 0 0 0 0 0 0 0 0 0 0 1 0 0 0 0 0 1 0 0 0 0 0 0 0 0 0 0 0 0 0 0 0 0 0 0 -1 0 0 0 0 0 0 0 0 0 0 1 0 0 0 0 1 0 0 0 0 0 -1 
0 0 0 1 0 0 0 0 1 0 -1 0 0 0 1 0 0 0 -1 0 0 0 0 -1 1 -1 0 0 0 0 0 0 0 0 0 0 0 0 0 1 0 1 0 0 0 0 0 0 0 1 0 -1 -1 0 -1 0 0 0 1 0 0 0 0 0 0 0 0 0 0 0 0 0 0 0 0 0 0 -1 -1 0 0 0 0 0 0 0 0 0 0 1 -1 0 -1 0 0 0 0 -1 0 0 0 0 0 0 0 0 0 0 0 1 0 0 0 0 1 0 1 0 0 0 0 0 0 1 0 0 0 0 1 0 0 0 1 0 0 0 0 0 0 0 0 0 0 0 1 1 0 0 0 0 0 0 -1 0 0 0 -1 0 0 0 0 0 -1 0 0 -1 0 0 0 -1 0 0 1 0 0 0 0 0 -1 0 0 0 0 -1 0 1 1 1 0 1 0 0 0 0 -1 0 0 -1 0 0 
0 -1 -1 0 0 0 0 0 -1 0 0 0 0 0 0 0 0 0 0 1 0 0 0 0 0 1 0 0 1 0 0 0 0 -1 1 0 0 0 -1 0 0 -1 0 0 -1 0 0 0 -1 0 0 0 -1 1 1 0 0 0 0 0 0 0 0 0 0 0 0 0 1 0 0 1 0 0 0 0 0 0 0 -1 0 0 1 0 1 0 0 0 1 0 0 0 0 0 0 0 -1 0 1 0 1 0 1 -1 0 0 0 0 0 -1 -1 0 0 0 0 1 1 0 0 0 0 0 0 0 0 0 0 0 0 0 0 0 1 0 0 0 1 0 0 0 0 0 0 0 -1 0 0 0 0 0 0 -1 0 -1 0 -1 1 -1 0 -1 1 0 1 0 0 1 1 0 0 0 0 0 0 0 0 0 0 0 -1 0 0 0 0 0 0 0 1 0 0 0 0 0 1 0 0 0 0 0 0 0 
0 0 0 0 0 0 0 1 1 1 0 0 0 -1 0 0 0 0 0 0 -1 -1 0 0 0 1 0 -1 -1 0 0 0 -1 -1 0 0 0 0 1 -1 0 0 0 0 0 0 0 0 0 1 1 0 0 0 0 0 0 0 0 0 1 0 0 -1 -1 0 0 0 -1 0 0 0 1 0 0 0 0 0 0 0 0 0 0 1 0 0 0 -1 -1 0 -1 1 -1 0 0 0 0 1 0 0 0 -1 -1 0 0 0 0 0 0 0 1 0 0 0 0 0 0 0 0 0 0 0 0 0 0 0 0 0 0 0 1 0 0 0 1 0 0 0 -1 0 0 0 0 0 0 0 0 0 0 0 -1 0 0 0 0 -1 -1 0 0 0 0 0 0 -1 0 0 0 0 1 0 0 0 0 1 0 0 0 0 1 0 0 -1 0 0 -1 0 0 -1 -1 0 -1 0 0 0 0 0 0 0 0 0 
0 0 1 0 -1 0 0 0 0 1 0 1 0 0 0 0 0 -1 0 0 0 0 1 0 0 0 0 0 0 0 0 1 0 0 0 0 0 0 0 0 0 0 0 0 -1 0 0 0 0 0 0 0 0 0 -1 0 0 1 0 0 0 0 0 0 0 0 0 1 1 0 0 0 0 0 0 0 0 1 0 -1 0 0 0 -1 0 0 1 -1 0 0 1 0 -1 0 0 0 0 0 -1 0 0 0 0 0 0 0 0 0 0 0 -1 0 0 0 0 0 0 0 0 0 0 0 0 0 0 0 0 0 0 0 0 0 0 0 0 1 -1 0 0 0 0 0 0 -1 -1 0 0 0 0 0 0 0 -1 0 0 0 0 0 0 -1 -1 1 0 -1 0 0 0 0 0 0 0 1 1 1 0 0 0 0 0 0 0 0 -1 1 0 -1 0 0 0 1 0 0 0 -1 0 0 0 0 0 0 
0 0 0 0 -1 -1 0 0 0 0 0 0 0 0 0 0 0 -1 0 0 -1 0 1 0 0 0 0 0 0 0 0 0 0 0 -1 0 0 0 0 0 -1 0 0 1 0 1 0 0 0 -1 0 0 0 1 1 0 0 0 1 1 0 0 0 0 0 0 0 0 0 0 0 0 0 0 -1 0 0 0 0 0 0 0 0 0 0 0 0 0 0 0 0 0 0 0 1 0 0 0 -1 0 0 0 0 0 0 0 0 0 0 0 1 0 -1 0 0 0 0 0 0 0 0 0 0 0 0 0 0 0 0 0 0 -1 0 0 0 0 -1 0 0 0 0 0 0 0 0 -1 0 0 1 0 0 0 0 -1 -1 0 0 1 1 0 0 0 -1 0 0 0 0 0 -1 0 0 0 1 -1 0 -1 0 0 0 1 0 0 0 0 0 0 1 0 0 0 0 0 1 0 0 0 0 0 0 0 
0 -1 -1 -1 -1 0 0 0 -1 0 0 0 0 0 0 0 0 0 0 0 0 0 -1 0 1 0 0 -1 1 1 0 0 0 1 0 -1 0 -1 0 0 0 0 0 0 0 0 0 0 0 0 0 1 0 0 0 0 0 0 0 0 0 0 0 0 0 0 0 0 0 0 0 0 0 0 0 0 0 -1 0 0 0 0 0 0 0 0 0 0 1 0 0 0 -1 -1 0 0 -1 0 0 1 0 0 -1 0 1 0 0 -1 -1 1 -1 0 0 0 0 0 0 0 -1 0 0 0 0 0 0 0 0 0 0 0 0 0 0 0 0 0 -1 0 0 0 1 0 0 0 1 0 0 1 0 0 0 0 0 0 0 1 -1 0 0 0 0 0 -1 1 0 0 0 0 -1 0 0 0 0 0 0 0 0 0 0 0 0 0 0 0 0 0 0 0 0 0 0 -1 0 0 0 -1 0 1 0 0 
-1 0 0 0 0 0 0 0 0 0 0 0 0 0 0 0 -1 1 0 0 0 0 0 0 0 0 0 0 0 0 0 0 -1 0 0 0 0 0 0 0 0 1 0 0 0 0 0 0 0 0 0 1 0 0 -1 0 0 0 0 0 0 0 0 0 -1 0 0 0 0 0 0 1 0 0 0 0 0 0 0 0 0 0 0 0 0 1 0 1 0 0 0 0 0 0 0 0 0 0 0 0 0 0 0 0 0 0 0 0 0 0 0 0 0 0 1 0 0 0 0 -1 0 0 -1 0 0 0 0 -1 0 0 0 0 1 0 0 0 0 1 0 1 1 0 0 0 0 0 0 0 0 1 0 0 0 0 0 -1 0 -1 0 0 0 1 0 0 0 0 -1 0 0 0 1 1 0 0 0 1 0 -1 0 0 0 0 1 0 0 0 0 1 0 0 0 0 0 0 -1 0 0 0 0 0 
0 1 0 0 0 0 0 0 0 0 0 0 0 0 -1 0 0 0 1 0 0 0 0 0 0 0 0 0 0 0 1 0 0 1 0 1 0 0 0 0 0 0 0 -1 0 1 -1 1 0 0 0 0 -1 1 0 0 0 0 0 0 0 0 1 0 0 0 0 0 0 1 0 -1 0 1 0 0 1 1 0 0 0 0 -1 -1 1 1 0 0 0 0 0 0 0 0 0 0 1 0 1 0 1 0 0 0 0 0 0 0 0 0 -1 -1 -1 0 1 0 1 0 0 0 1 0 0 0 0 -1 1 0 -1 0 0 -1 1 0 0 1 0 0 0 0 0 1 0 0 0 0 0 -1 1 1 0 0 -1 0 0 -1 0 0 0 0 0 0 0 0 0 0 0 0 0 0 1 0 0 0 0 0 0 0 0 0 0 0 0 0 1 0 0 0 0 1 0 0 0 -1 0 0 0 0 0 1 
0 0 0 0 0 0 0 0 0 0 0 0 0 0 -1 1 0 0 0 0 0 0 0 0 0 0 0 0 0 -1 0 0 0 0 1 1 0 0 0 -1 -1 0 -1 -1 0 0 0 0 0 0 0 1 0 0 0 -1 0 -1 0 0 -1 0 0 0 0 0 0 0 0 0 1 0 -1 0 0 -1 0 0 0 0 0 0 0 0 0 0 0 -1 0 1 0 0 0 0 0 0 0 -1 0 0 0 0 0 0 0 0 1 0 0 0 -1 0 0 0 0 0 0 -1 0 0 0 0 0 0 0 0 0 0 0 0 0 1 0 0 0 0 0 0 0 0 -1 0 0 0 0 0 0 0 0 1 0 0 0 0 0 0 0 1 0 0 0 1 0 0 0 0 0 0 0 1 0 0 1 -1 0 0 0 1 -1 0 0 0 0 1 0 0 0 0 0 0 0 0 0 0 -1 0 1 0 0 -1 
0 1 0 1 0 1 0 1 0 0 0 -1 -1 0 0 0 0 0 0 0 0 0 0 0 0 0 0 0 0 1 0 0 1 0 0 0 -1 0 0 0 0 0 0 0 0 0 0 0 0 0 0 0 0 0 0 1 0 0 0 0 -1 0 0 1 0 0 0 0 0 0 0 0 0 0 0 -1 0 0 0 0 -1 0 1 -1 0 0 0 0 0 -1 0 0 0 -1 0 1 0 0 -1 0 0 0 1 0 0 0 -1 0 0 0 0 0 0 0 0 0 0 0 0 0 0 0 0 0 0 0 -1 0 1 0 0 0 0 -1 0 0 -1 0 0 0 0 -1 0 0 0 0 0 0 0 0 0 0 0 -1 0 1 0 0 0 0 0 0 0 0 0 0 0 0 0 0 0 0 0 0 0 0 0 -1 0 0 0 0 -1 0 0 0 0 0 0 1 0 0 0 0 0 0 0 0 1 -1 
0 0 0 0 -1 0 -1 0 0 0 0 0 0 0 0 0 0 0 0 0 0 0 -1 0 0 0 1 0 0 0 1 0 0 0 0 0 0 0 0 -1 1 0 0 0 0 0 0 0 0 -1 0 0 0 0 0 0 0 0 0 0 0 0 0 1 1 -1 0 0 0 0 0 0 0 1 0 1 -1 0 0 0 0 0 0 0 0 0 0 0 0 1 0 1 0 0 0 0 0 -1 0 0 0 1 1 0 0 0 0 0 0 0 1 0 0 0 0 0 1 1 -1 1 0 0 0 -1 0 0 0 0 0 0 0 0 0 0 0 0 0 0 0 1 0 0 0 1 -1 -1 0 0 0 1 0 0 0 -1 0 0 0 0 0 -1 -1 0 0 0 0 0 0 1 0 -1 0 0 0 0 1 0 0 0 0 0 0 0 1 0 0 0 -1 0 1 0 0 0 1 -1 0 0 0 0 -1 0 
1 0 0 0 0 0 0 0 0 0 0 0 1 0 -1 0 0 -1 0 0 0 0 0 1 0 0 -1 0 0 0 0 1 0 1 0 0 0 -1 1 0 0 0 0 0 0 1 0 0 0 1 0 0 0 -1 0 1 0 0 0 0 0 0 0 0 0 0 0 0 0 0 -1 1 0 1 1 0 0 -1 -1 0 1 0 0 0 1 0 0 0 0 0 0 0 0 0 0 0 0 0 0 0 0 0 0 0 -1 0 0 0 0 0 0 -1 -1 0 0 0 0 0 0 -1 1 0 0 0 0 0 0 0 0 1 -1 0 1 0 0 0 0 0 1 0 0 0 -1 0 0 -1 0 1 1 0 0 0 0 0 0 0 0 0 0 0 0 0 0 0 1 0 0 0 0 0 0 0 0 0 0 0 1 -1 0 0 -1 0 0 0 0 0 0 0 0 0 0 0 0 0 0 0 1 1 0 0 
0 0 0 0 0 0 0 1 0 0 1 0 0 0 1 0 1 0 0 0 0 0 0 0 1 0 0 0 0 -1 0 0 1 1 1 0 0 0 0 0 0 0 -1 0 0 0 0 0 0 0 0 0 0 -1 0 -1 0 0 1 0 0 1 0 0 1 0 0 0 0 1 0 0 -1 0 0 0 0 0 0 0 0 0 0 0 0 0 0 0 0 0 0 0 -1 0 0 0 0 0 -1 0 0 0 0 0 0 0 0 0 0 1 0 0 1 0 -1 1 0 0 0 0 0 1 -1 0 0 1 0 -1 0 -1 0 0 0 -1 0 0 0 0 0 0 0 0 0 0 0 0 0 0 0 -1 0 0 0 0 1 0 0 -1 0 0 0 -1 -1 0 1 0 0 0 0 0 -1 -1 0 0 1 -1 0 0 0 0 0 0 -1 0 0 1 0 -1 1 0 -1 0 0 0 0 -1 0 0 0 0 
0 0 -1 0 0 0 -1 0 -1 0 1 0 0 0 0 0 0 -1 -1 0 0 0 1 0 0 0 0 0 -1 0 0 0 -1 0 1 -1 1 0 0 0 -1 0 0 0 0 0 0 0 0 0 1 0 0 1 1 0 -1 0 -1 0 -1 0 -1 0 0 0 0 1 0 0 0 -1 0 0 0 0 0 0 1 0 0 0 0 0 0 0 0 0 0 0 0 0 0 0 0 0 0 1 0 0 1 0 0 0 0 -1 0 0 -1 0 0 0 0 0 0 0 -1 0 0 0 0 0 0 -1 0 -1 0 0 0 0 0 0 0 0 0 0 0 0 -1 0 0 0 0 0 -1 0 1 0 -1 0 0 0 0 0 0 1 0 0 0 0 0 1 0 0 0 0 0 0 0 -1 1 0 0 0 0 0 0 0 -1 0 0 -1 -1 0 0 0 0 0 0 0 0 1 0 0 0 -1 0 0 0 0 
0 0 0 0 0 0 0 0 0 0 0 1 0 0 1 0 0 0 0 0 0 0 0 0 0 0 0 0 0 0 0 0 0 1 1 0 0 -1 0 0 0 1 0 0 0 0 0 0 0 0 0 0 -1 1 0 -1 -1 0 1 0 0 -1 0 0 0 0 0 0 1 1 0 0 0 0 0 0 0 0 0 0 0 0 1 0 1 0 0 0 0 0 0 0 0 0 0 0 0 0 1 1 0 0 0 0 0 0 0 0 0 0 0 0 0 0 0 0 0 0 1 0 0 1 0 0 0 1 0 0 0 0 -1 0 0 1 0 0 0 0 0 0 0 0 -1 0 0 0 0 0 0 0 0 0 0 0 0 0 0 0 0 1 0 0 0 1 0 0 0 0 0 0 0 0 -1 0 0 0 1 0 1 0 0 0 1 -1 0 0 0 0 0 1 0 0 0 0 0 0 -1 0 1 0 
-1 0 0 0 0 0 0 0 0 0 0 0 0 0 0 0 0 0 -1 0 0 0 0 1 0 0 0 0 0 1 0 0 -1 0 0 0 0 1 0 0 0 1 0 -1 0 0 0 0 0 0 0 0 0 0 0 1 0 0 0 0 0 0 1 0 0 1 0 0 1 -1 1 0 0 0 0 0 0 0 0 0 0 0 0 0 1 0 0 0 1 0 0 0 1 -1 -1 0 0 0 0 0 -1 0 -1 0 0 -1 1 0 0 0 0 0 0 0 0 0 0 0 0 0 0 0 1 0 0 -1 0 -1 0 0 0 0 0 0 0 1 0 0 0 0 0 0 0 0 0 0 -1 0 0 0 0 0 -1 0 0 0 0 0 1 1 0 -1 0 0 1 0 0 0 1 0 -1 -1 0 0 0 0 0 0 0 -1 0 0 0 1 1 1 0 0 0 -1 0 0 0 0 -1 0 0 1 -1 0 
-1 1 0 0 0 0 0 0 0 0 0 0 0 0 0 0 0 0 0 -1 -1 -1 0 0 0 0 0 1 0 -1 0 0 0 0 0 1 0 0 0 1 -1 -1 0 1 1 0 0 0 0 0 0 0 0 0 0 0 0 1 0 0 0 0 0 0 0 0 0 0 0 0 0 1 0 0 0 0 -1 0 -1 0 0 0 0 0 1 -1 0 1 1 0 0 0 0 0 0 0 -1 -1 0 0 0 0 0 0 0 0 0 0 0 0 0 1 0 1 0 0 0 0 0 0 1 0 0 -1 0 0 0 0 0 0 -1 0 0 0 0 0 0 0 0 0 0 0 0 0 0 0 0 0 0 0 0 0 0 0 0 -1 0 0 0 0 -1 0 0 0 0 0 0 0 0 1 0 -1 -1 0 0 1 0 0 0 1 0 1 0 0 0 0 -1 0 0 0 0 0 0 -1 1 0 0 0 0 -1 
-1 0 1 0 0 0 0 0 0 0 0 0 0 0 0 0 0 0 0 0 -1 0 0 0 0 -1 0 1 0 0 0 0 0 0 0 1 0 0 1 0 0 0 1 1 0 0 0 0 0 0 0 1 0 -1 0 1 0 1 -1 0 -1 0 0 0 0 0 0 0 0 0 0 0 0 -1 0 -1 1 0 0 0 1 0 0 0 0 0 -1 0 0 0 1 0 -1 -1 1 -1 -1 0 0 0 0 -1 0 0 0 0 0 0 0 1 0 0 1 0 0 0 0 0 0 0 0 0 0 1 0 0 0 0 0 -1 -1 0 0 0 0 0 0 0 0 0 0 0 0 0 0 0 -1 0 0 -1 0 0 0 -1 -1 -1 1 0 -1 -1 1 0 0 -1 0 1 0 0 0 1 1 1 0 0 0 0 0 0 0 1 0 0 0 0 0 0 1 0 0 0 0 0 0 0 0 1 0 0 -1 0 
0 0 0 0 0 0 0 0 0 0 0 -1 -1 0 1 0 0 0 0 0 0 0 -1 0 -1 1 0 0 0 0 0 0 0 0 0 0 1 0 0 0 0 0 0 0 -1 0 1 0 0 0 0 0 0 0 0 0 0 0 0 0 -1 0 0 0 0 0 1 1 -1 0 0 0 0 0 0 0 0 0 -1 0 1 1 0 0 -1 -1 0 0 0 0 0 -1 0 0 1 0 0 0 0 0 0 0 0 0 0 1 0 0 0 0 0 0 -1 0 0 0 0 0 0 0 1 0 0 0 0 -1 0 0 0 0 1 -1 0 0 0 0 0 0 0 0 0 0 0 0 0 0 0 0 0 0 0 -1 0 0 -1 0 0 0 0 1 0 0 0 0 0 1 0 1 0 0 0 0 0 0 0 0 0 0 0 0 0 0 0 0 0 0 0 0 0 0 0 0 0 0 1 0 0 0 -1 0 
0 0 0 0 0 0 0 1 0 0 0 0 0 0 0 0 0 -1 0 0 0 1 0 0 0 0 0 -1 0 0 0 0 0 1 1 0 0 0 0 1 0 1 1 -1 0 -1 0 0 0 0 0 0 0 0 0 0 0 0 1 0 0 0 0 1 0 0 0 0 -1 0 0 1 0 0 1 -1 0 -1 0 0 0 0 0 0 -1 0 0 0 0 0 0 1 0 0 1 0 0 -1 0 0 0 0 0 0 0 0 0 0 0 0 0 0 -1 0 1 0 1 0 -1 1 1 0 0 0 0 0 0 0 1 0 1 0 1 0 0 -1 0 0 0 0 1 -1 0 0 -1 0 0 0 1 0 0 0 0 0 0 0 0 0 -1 -1 0 0 0 0 -1 0 0 0 0 0 1 1 0 -1 1 0 0 0 0 -1 0 0 0 0 0 0 0 0 0 0 0 1 0 0 0 0 0 0 1 0 
0 0 -1 0 0 0 0 0 0 0 0 0 0 0 0 0 0 -1 0 0 0 0 0 0 0 0 0 0 0 0 1 -1 0 0 0 0 0 1 0 0 0 0 0 0 0 0 0 1 0 -1 0 0 0 0 0 0 0 -1 -1 -1 0 0 0 0 1 0 0 -1 0 0 0 0 0 0 -1 0 0 0 0 -1 -1 0 0 0 0 0 0 0 0 0 0 0 0 0 0 0 0 0 0 0 0 -1 0 -1 1 0 0 0 0 0 0 0 0 0 -1 0 0 0 0 0 0 0 0 0 0 0 -1 0 1 0 0 0 0 0 0 0 0 0 0 0 0 0 0 0 0 0 0 1 1 0 1 0 0 0 0 1 -1 1 0 0 0 0 0 1 0 -1 0 0 0 0 0 1 0 0 0 0 0 -1 0 0 0 0 0 0 0 1 0 0 0 0 0 0 0 -1 0 0 0 0 0 0 
0 0 -1 -1 0 0 0 0 1 0 0 0 0 1 0 0 0 0 0 0 0 1 0 0 0 1 1 0 0 0 0 0 0 0 0 1 0 0 0 0 0 0 1 0 0 0 0 -1 0 0 0 0 0 0 0 0 0 -1 0 0 -1 -1 -1 0 0 0 0 -1 1 0 0 0 0 0 0 0 0 0 0 0 0 1 1 0 0 0 0 0 0 0 0 0 -1 1 0 -1 0 -1 0 1 0 0 0 0 0 0 0 0 1 0 0 0 0 0 0 1 1 1 0 0 0 0 0 -1 0 1 0 0 0 0 0 1 1 0 0 0 0 -1 0 0 0 0 0 0 0 0 -1 0 1 0 0 0 0 1 1 0 0 0 0 0 -1 0 0 -1 0 0 0 1 0 0 -1 0 0 0 0 0 0 0 0 0 0 0 -1 0 0 1 0 1 -1 0 0 0 0 0 0 0 0 0 0 0 
0 1 1 -1 0 0 0 -1 0 1 0 0 0 0 0 0 0 0 0 1 0 0 0 0 0 1 0 0 0 0 0 1 0 -1 0 0 0 0 0 0 0 -1 0 0 -1 0 0 0 0 1 -1 0 0 0 0 0 0 1 0 0 0 -1 0 0 -1 0 0 0 0 0 0 0 0 1 -1 0 0 0 0 0 0 -1 0 0 1 1 0 0 0 0 0 0 0 1 0 -1 0 0 0 1 0 1 0 0 0 0 0 0 -1 0 0 0 -1 0 0 0 -1 0 0 0 0 0 0 0 0 0 -1 0 0 0 0 0 0 0 0 0 0 0 0 0 0 0 0 0 0 0 0 0 1 0 0 0 0 0 0 -1 0 0 0 0 -1 0 0 0 0 0 0 0 -1 0 0 0 0 0 0 0 0 0 0 0 0 0 0 0 0 0 0 0 -1 0 -1 0 0 1 -1 0 0 1 0 0 
0 0 0 0 0 0 0 0 -1 0 0 0 0 0 0 0 0 1 0 0 -1 1 0 0 0 0 1 0 0 -1 0 0 0 0 0 0 0 1 0 0 1 1 0 0 0 0 0 1 1 0 0 0 -1 0 0 -1 0 1 0 0 0 0 0 0 0 -1 1 0 0 0 1 0 0 0 -1 0 1 0 1 0 0 0 0 0 0 0 1 1 0 0 0 -1 0 0 1 0 0 0 0 -1 1 0 0 0 1 0 0 0 0 0 1 0 0 0 -1 0 0 0 0 -1 0 0 0 0 -1 -1 1 0 0 0 0 0 1 0 0 1 1 0 0 0 0 0 0 0 0 0 0 0 -1 0 -1 0 0 0 1 0 0 0 0 0 0 0 0 0 1 -1 -1 0 1 1 -1 0 0 0 0 0 0 -1 0 0 1 0 0 0 0 1 0 0 1 0 -1 1 0 0 -1 0 -1 1 0 0 
0 -1 0 -1 0 0 1 0 1 0 0 0 1 -1 0 -1 0 0 -1 1 0 0 1 0 1 0 0 0 -1 1 0 0 0 0 0 1 -1 0 1 0 0 0 0 0 0 0 0 0 0 0 0 0 0 0 0 0 0 0 0 0 0 0 0 0 -1 1 -1 -1 0 0 0 0 0 0 -1 0 0 0 0 0 0 -1 0 1 0 0 -1 0 1 0 1 1 0 0 1 0 1 0 0 0 -1 0 0 0 0 0 0 -1 0 0 0 0 0 -1 -1 0 0 1 0 0 0 0 0 0 0 0 0 -1 0 0 0 0 0 0 0 0 0 0 0 0 0 0 -1 0 0 -1 0 1 0 0 1 0 0 0 0 0 0 0 0 0 0 -1 0 0 0 0 0 1 0 0 0 1 0 0 1 0 0 0 -1 0 0 0 0 0 0 0 0 0 0 1 0 -1 0 0 0 0 0 0 0 0 
0 0 0 0 1 1 0 0 0 1 0 0 0 0 0 0 0 0 -1 0 0 0 1 0 0 0 0 0 0 0 0 0 1 0 0 0 1 -1 0 0 0 0 0 0 0 0 0 0 0 0 0 -1 0 0 0 1 0 -1 0 0 -1 0 0 0 0 0 1 0 0 1 -1 0 -1 0 0 0 0 -1 0 0 0 0 0 0 0 0 0 1 0 0 1 0 -1 1 0 0 -1 0 1 0 0 0 0 0 0 0 0 0 1 0 0 1 0 0 0 0 0 0 0 0 0 0 1 0 0 0 0 0 -1 0 0 -1 0 0 0 1 0 0 0 0 0 0 0 0 0 0 0 0 0 0 0 0 1 0 0 0 0 0 -1 0 0 0 1 0 0 1 1 0 0 0 0 0 0 0 0 0 0 0 0 0 1 0 0 0 0 0 0 0 0 0 -1 0 0 0 1 0 0 0 0 0 
0 -1 0 -1 0 0 0 -1 0 1 0 0 0 0 0 0 0 0 0 0 0 0 0 0 0 0 0 0 0 0 1 0 -1 -1 0 0 0 0 -1 1 0 0 0 0 0 0 0 0 0 0 -1 -1 0 0 0 0 -1 0 0 0 1 0 0 0 0 0 0 0 0 0 0 0 0 1 0 0 0 0 0 1 0 0 0 0 0 -1 0 0 0 0 -1 0 1 0 -1 0 -1 0 -1 0 0 0 0 0 0 0 0 0 0 0 0 1 -1 0 0 0 0 0 0 0 0 0 -1 -1 0 0 0 0 0 0 -1 0 -1 0 0 0 0 0 0 0 1 0 0 0 0 0 0 0 1 0 0 0 -1 0 0 0 -1 0 1 -1 0 0 0 -1 0 0 0 0 0 0 1 0 0 0 0 0 0 0 0 1 0 0 0 -1 0 0 0 0 0 -1 0 0 0 0 0 0 1 0 1 0 
-1 -1 0 -1 0 -1 1 0 0 0 -1 0 1 0 0 0 0 1 0 0 0 0 0 0 1 0 0 0 0 0 0 0 0 0 0 0 0 0 0 0 0 1 -1 0 1 0 1 -1 0 0 0 0 0 0 0 0 0 -1 0 0 0 -1 0 0 1 1 0 0 1 0 0 0 0 0 0 0 0 1 0 1 -1 0 0 0 1 0 0 0 0 0 0 1 0 -1 0 0 0 0 0 0 0 0 0 0 -1 0 0 0 0 0 1 0 0 1 0 1 0 -1 0 0 1 1 0 0 0 0 0 0 0 0 0 0 -1 0 0 0 0 -1 0 0 0 0 0 0 1 0 1 0 0 0 0 -1 0 0 1 0 0 0 0 0 0 0 0 0 0 0 -1 0 0 0 1 -1 -1 0 0 0 0 0 0 0 0 0 -1 0 0 0 0 0 1 1 0 0 0 0 0 0 -1 1 0 0 
0 -1 0 0 -1 0 0 0 0 0 0 0 0 0 0 0 0 0 0 0 1 1 0 0 0 0 -1 0 0 0 0 -1 0 -1 0 0 0 0 0 0 0 0 -1 -1 0 0 -1 -1 0 0 0 0 -1 0 0 0 0 0 0 -1 -1 0 0 0 0 0 -1 0 0 0 0 1 0 0 0 1 0 -1 0 0 0 0 0 0 0 0 0 0 0 0 0 1 0 0 0 0 -1 1 0 1 0 0 0 0 0 0 0 0 0 0 0 0 0 0 0 1 0 0 0 0 0 0 0 1 0 0 0 0 0 0 0 0 0 0 0 0 0 0 0 0 0 0 0 0 -1 -1 1 -1 0 0 0 0 0 0 0 0 0 0 0 0 0 0 1 0 0 0 -1 0 0 0 0 0 0 0 0 0 0 0 0 0 0 0 0 0 0 0 0 0 0 0 0 1 0 -1 0 0 0 1 0 0 
0 0 0 0 0 0 1 1 1 0 0 -1 0 0 1 0 -1 0 0 0 0 1 0 0 0 -1 0 0 0 0 -1 0 0 -1 0 0 0 0 0 -1 -1 0 0 0 0 1 0 1 0 0 0 0 0 -1 0 0 0 0 -1 0 0 0 1 1 0 -1 0 0 0 1 0 0 1 1 0 0 0 0 0 0 0 0 0 0 0 0 0 0 0 0 0 0 0 0 0 0 -1 1 0 0 0 0 0 0 0 0 0 0 0 1 0 0 0 0 0 0 0 0 0 0 0 0 -1 0 0 0 0 0 0 0 0 0 0 0 0 1 0 0 0 0 0 -1 0 0 0 0 0 1 -1 0 0 0 0 0 0 0 0 0 0 0 0 0 0 0 1 -1 1 0 0 -1 1 1 0 0 1 0 0 -1 0 0 -1 0 0 0 0 0 0 0 -1 1 1 0 0 1 0 0 0 0 -1 0 
0 0 0 -1 0 0 0 0 1 0 -1 0 0 0 0 0 1 -1 0 0 0 0 0 0 0 1 -1 0 0 0 0 1 -1 0 1 0 0 0 0 0 0 0 0 0 0 1 0 0 0 0 1 0 0 0 0 1 0 0 1 0 0 0 0 0 0 0 0 1 0 -1 -1 0 0 0 0 0 -1 0 0 0 0 0 0 0 0 0 0 1 0 0 0 0 0 0 0 0 0 0 0 1 0 -1 0 0 0 0 0 0 0 0 -1 0 1 0 0 0 -1 0 0 0 0 0 0 0 0 0 0 0 0 0 0 0 0 0 -1 0 0 0 0 0 0 0 0 0 1 0 0 0 0 0 -1 1 1 0 0 0 -1 0 0 0 0 0 0 0 0 -1 0 0 1 0 0 0 -1 0 0 0 0 1 0 -1 0 0 0 0 0 0 0 0 0 0 0 0 1 0 0 0 0 0 0 -1 
0 0 -1 0 0 0 -1 0 0 -1 0 0 0 0 0 0 0 0 0 0 0 1 0 -1 1 0 0 0 0 0 0 0 1 0 0 1 0 0 0 0 -1 0 0 0 0 0 1 0 0 0 1 0 0 0 0 0 0 1 1 0 0 0 1 0 0 1 0 0 0 0 0 0 0 0 -1 1 1 0 0 -1 0 0 0 0 0 0 0 -1 0 1 0 1 0 0 0 0 0 0 0 -1 0 0 0 0 0 0 0 0 0 0 0 0 0 0 0 0 0 0 0 0 -1 0 -1 -1 -1 0 0 0 0 -1 0 0 0 0 0 -1 0 0 0 0 0 0 0 1 0 0 0 1 1 0 0 0 0 0 0 0 0 0 0 0 0 0 0 0 0 0 0 0 0 0 0 0 1 -1 -1 1 0 0 0 0 0 -1 0 1 0 1 -1 0 0 0 -1 0 0 1 0 -1 0 0 0 0 
0 -1 0 0 0 0 0 0 0 0 0 0 0 0 0 0 0 1 1 0 0 0 0 0 0 0 0 0 0 0 -1 1 0 0 0 1 0 0 0 0 0 0 0 -1 0 1 0 0 -1 0 0 0 0 0 0 0 0 0 0 -1 0 0 0 0 0 0 1 0 0 0 0 0 0 0 0 0 1 1 0 0 0 0 0 0 0 0 0 0 -1 0 0 0 0 0 0 -1 0 0 -1 0 0 0 0 -1 0 0 0 -1 0 0 0 0 0 0 0 0 0 0 1 -1 0 1 0 1 0 -1 0 0 0 0 -1 0 0 -1 0 1 0 1 -1 0 0 0 0 0 0 0 0 0 0 0 0 1 0 0 0 0 0 0 -1 1 -1 0 0 0 0 0 0 1 0 0 0 0 0 0 0 0 0 0 -1 1 1 0 0 0 0 0 0 1 0 0 0 0 0 0 0 0 0 0 0 0 
0 0 0 -1 0 0 0 1 1 0 0 1 0 0 1 0 0 0 0 0 0 0 0 0 1 -1 0 1 0 0 0 -1 0 0 0 0 0 1 0 0 -1 0 0 1 0 -1 -1 0 0 0 0 0 0 0 0 0 0 1 0 0 1 0 -1 1 1 0 0 1 0 -1 0 -1 0 0 0 0 0 0 0 0 0 1 0 0 1 0 0 0 0 0 0 0 0 0 0 0 0 0 0 0 -1 0 0 0 0 0 0 0 0 1 1 1 0 0 0 0 0 0 0 0 0 0 0 0 0 -1 0 1 0 0 0 0 0 0 0 0 0 0 0 1 0 0 0 0 0 0 0 0 0 0 0 1 0 0 0 0 0 1 0 0 0 0 1 1 0 0 0 -1 0 0 0 0 0 0 0 0 0 -1 0 0 0 0 0 -1 0 -1 0 0 -1 1 0 1 0 1 -1 0 0 0 0 -1 
1 0 -1 0 0 0 0 0 0 1 0 0 1 -1 0 1 0 0 0 0 0 0 0 0 0 0 0 0 0 0 1 1 0 0 0 0 -1 1 1 0 1 1 0 0 0 0 0 0 0 0 0 1 0 0 0 0 0 0 1 0 0 0 0 0 0 0 -1 0 0 1 0 0 0 0 0 0 -1 0 0 0 0 0 0 0 0 0 0 1 0 0 0 0 0 0 0 0 0 1 -1 0 0 0 0 0 0 -1 0 0 0 0 0 0 0 0 0 1 0 1 0 0 0 0 0 0 -1 0 -1 0 0 0 0 0 0 0 1 0 0 0 0 0 0 0 0 0 0 0 0 1 -1 1 0 0 -1 0 0 0 0 0 0 0 0 0 -1 0 0 0 0 0 0 0 0 0 -1 0 -1 0 0 -1 1 0 0 0 0 -1 0 0 1 0 0 0 0 0 0 0 0 0 0 0 0 -1 
0 0 0 0 0 0 0 0 0 0 0 0 1 0 0 0 0 0 0 0 1 0 0 0 1 0 1 0 0 0 0 0 0 0 0 -1 0 0 0 -1 0 0 0 0 0 0 0 1 0 0 -1 0 -1 -1 0 0 0 0 0 0 1 0 0 0 0 0 0 0 0 0 1 0 0 0 0 0 0 0 0 1 1 0 0 0 0 -1 0 0 0 1 0 0 0 -1 0 0 0 0 0 -1 -1 0 0 0 0 1 0 1 0 1 0 0 0 0 0 0 0 0 0 0 0 1 0 0 0 0 0 -1 0 0 0 0 0 0 0 0 0 -1 0 0 0 0 1 0 0 0 1 -1 0 0 0 0 0 0 -1 0 0 0 0 0 0 0 0 1 0 0 0 0 1 0 0 0 0 1 0 0 0 0 0 0 -1 0 0 0 0 0 0 0 0 0 0 0 0 -1 0 0 0 -1 0 0 
0 0 1 0 0 -1 0 1 0 0 0 0 0 -1 -1 0 0 0 0 0 -1 -1 1 0 0 -1 -1 0 -1 0 0 -1 0 -1 0 0 0 0 0 0 0 0 0 0 0 0 0 0 1 1 0 0 0 0 0 1 0 0 0 0 0 0 0 0 0 0 0 0 0 0 0 0 -1 0 0 1 0 0 0 0 0 0 0 0 0 0 0 1 0 0 0 0 0 0 0 0 0 0 0 0 0 0 0 0 -1 0 0 0 0 0 0 0 0 0 0 0 0 0 1 0 1 0 0 1 1 0 0 0 0 0 0 0 0 0 -1 0 0 0 0 1 0 0 0 1 0 0 0 0 0 0 0 0 0 0 0 0 0 0 0 0 0 0 0 1 0 0 0 1 0 0 0 -1 0 0 -1 -1 0 0 0 1 0 -1 -1 0 0 1 0 -1 1 0 0 1 0 0 -1 0 1 -1 0 0 
0 0 0 -1 0 0 0 0 -1 0 0 0 -1 0 0 -1 1 0 0 0 1 0 0 0 -1 0 1 0 0 0 1 0 0 0 0 1 0 0 0 0 1 -1 0 0 0 0 -1 0 0 0 0 -1 0 -1 0 0 -1 0 -1 0 1 0 0 1 0 1 0 0 0 0 0 0 0 1 0 0 0 1 -1 0 0 0 0 0 0 0 1 0 0 1 -1 0 0 0 0 1 1 0 0 0 0 0 0 0 0 0 0 0 0 0 0 0 0 0 1 0 0 0 0 0 0 0 -1 0 0 0 0 0 0 1 -1 -1 0 0 0 0 0 -1 0 0 0 0 0 -1 0 1 0 0 0 -1 0 -1 -1 0 -1 0 0 1 0 0 0 0 0 0 0 0 0 1 -1 0 0 0 0 0 0 -1 1 0 1 0 1 0 1 0 0 0 0 0 0 0 0 0 0 0 1 0 0 1 0 0 
1 0 0 1 0 -1 0 0 0 0 0 0 0 0 0 0 0 0 0 0 0 0 0 0 -1 0 -1 0 0 0 0 0 0 0 0 -1 0 1 0 0 0 0 0 -1 0 0 0 0 0 0 0 0 0 0 0 0 0 0 0 0 0 0 0 0 -1 0 -1 0 0 -1 -1 0 1 0 0 0 0 0 0 0 0 0 0 0 -1 0 0 1 -1 0 0 0 0 -1 0 -1 0 1 0 0 0 0 0 0 0 1 0 0 0 0 0 0 0 1 0 0 0 0 0 0 0 0 -1 0 1 0 -1 0 0 0 0 0 0 0 0 0 1 0 0 -1 -1 0 0 0 0 0 1 0 0 -1 0 0 0 0 0 0 0 0 1 0 -1 0 -1 0 0 0 0 -1 -1 0 0 0 0 1 0 -1 1 1 0 1 0 0 0 0 1 0 1 -1 0 0 -1 0 0 0 0 0 0 -1 0 0 
0 1 0 -1 0 0 0 0 0 0 0 0 0 1 0 0 0 0 0 0 1 0 0 1 0 0 0 0 0 0 0 1 0 -1 0 0 0 0 0 0 0 -1 0 0 0 0 0 -1 0 0 0 1 0 0 0 0 0 -1 0 0 0 -1 0 0 0 0 0 0 0 0 0 0 1 0 0 0 -1 0 0 0 0 0 0 0 0 0 0 0 0 0 1 0 0 0 0 0 0 0 1 0 0 -1 -1 1 0 0 0 0 0 0 0 0 0 0 0 0 1 0 -1 1 0 0 0 0 0 0 0 0 0 0 0 0 0 1 0 0 0 0 0 -1 1 0 0 0 0 0 0 0 1 0 0 0 0 0 0 0 1 0 1 0 0 0 -1 0 0 1 0 0 0 0 0 0 0 0 0 0 0 0 0 0 0 -1 -1 0 0 0 1 0 1 -1 0 0 0 1 0 1 -1 0 -1 0 
0 0 0 0 0 0 0 1 1 0 1 0 0 0 1 0 0 0 0 0 0 0 0 0 0 0 0 0 0 0 0 -1 0 0 0 0 0 0 0 0 0 1 0 0 -1 0 0 0 0 0 0 0 1 0 0 1 0 0 0 0 0 -1 0 -1 0 0 -1 0 0 -1 0 0 0 0 0 0 -1 0 0 0 0 0 0 0 0 0 0 -1 0 0 0 0 0 0 0 0 0 -1 -1 -1 0 0 0 1 0 0 0 0 0 1 0 0 0 -1 0 0 0 0 0 0 0 0 0 1 0 0 0 0 -1 0 0 0 0 0 -1 0 0 0 0 0 0 0 0 0 0 0 0 0 0 0 0 1 0 0 0 0 0 1 0 0 0 0 -1 0 0 0 0 0 0 -1 0 0 0 -1 0 0 0 1 -1 0 0 0 0 0 0 -1 0 0 0 0 0 0 0 -1 0 -1 1 0 0 0 
0 0 1 0 0 0 0 0 0 -1 0 0 1 1 0 0 0 0 1 -1 0 0 0 0 -1 -1 -1 0 0 0 0 0 0 -1 0 0 0 0 1 1 0 -1 0 1 -1 0 0 -1 -1 0 0 0 0 0 0 -1 0 0 0 0 0 0 -1 0 0 0 -1 0 0 0 0 0 0 0 0 0 0 0 0 1 0 0 0 0 0 1 0 1 0 0 0 0 -1 0 0 0 1 0 0 0 0 0 0 0 0 1 0 0 0 -1 0 0 0 -1 0 0 0 0 0 -1 -1 0 0 0 1 0 1 0 0 0 0 0 -1 0 0 0 0 0 0 0 0 1 0 1 1 0 0 -1 0 0 0 0 0 0 0 0 0 0 0 0 0 1 0 0 0 0 0 0 0 0 0 0 0 0 0 0 0 0 0 0 0 0 1 0 0 0 0 0 0 0 0 0 0 0 0 0 0 0 0 0 
0 0 0 1 0 -1 0 1 0 0 0 0 0 0 0 0 0 0 0 -1 0 -1 0 0 0 0 0 1 -1 0 0 0 1 0 0 0 0 0 0 0 -1 0 0 0 0 0 1 0 0 0 0 0 0 1 0 1 -1 0 0 0 0 0 0 0 0 0 0 0 0 0 -1 0 0 0 0 0 0 0 0 0 0 0 0 0 0 0 0 0 0 0 0 1 0 0 0 0 0 -1 0 0 -1 1 0 0 0 0 0 0 0 0 0 0 0 -1 0 0 0 0 0 0 1 0 0 1 0 0 0 0 0 1 0 0 -1 0 0 0 0 0 0 0 1 0 0 0 0 1 0 0 0 0 1 0 0 -1 0 0 0 0 0 0 1 0 0 -1 0 0 0 0 0 0 0 0 0 0 0 -1 0 1 0 0 0 -1 0 0 0 0 0 0 0 0 0 0 0 0 0 1 -1 -1 0 0 
0 0 1 0 0 0 0 0 0 0 0 0 0 0 0 0 0 0 0 0 0 -1 0 0 0 0 0 1 0 0 0 0 0 0 0 0 0 -1 0 0 0 0 -1 0 0 0 -1 0 1 0 0 0 -1 -1 0 0 0 0 -1 0 0 0 -1 1 0 0 0 0 0 0 0 0 0 0 0 0 0 0 0 -1 0 0 0 1 0 0 0 -1 -1 0 -1 0 0 0 0 0 0 -1 0 -1 0 0 1 0 0 0 0 0 0 0 0 1 0 0 0 0 1 0 0 0 0 0 0 0 0 0 1 -1 0 0 0 0 0 0 0 0 1 0 0 1 0 0 0 0 -1 0 -1 0 0 0 -1 1 1 0 0 0 -1 0 0 0 1 0 0 -1 0 -1 0 0 0 0 0 0 0 0 0 0 0 0 0 0 0 0 0 0 0 0 0 0 1 0 -1 -1 0 0 -1 0 0 -1 0 0 
0 -1 0 0 -1 -1 0 0 0 0 0 0 -1 0 0 1 0 0 0 0 0 -1 0 0 0 0 0 -1 0 0 0 1 0 0 0 0 0 0 1 0 0 0 0 1 0 0 -1 0 0 0 0 1 0 0 0 0 0 0 0 0 0 0 0 0 0 0 -1 0 0 -1 1 1 -1 -1 1 1 0 0 0 0 0 1 0 -1 1 0 -1 0 0 0 0 0 0 0 0 0 0 0 0 0 0 -1 -1 0 0 0 0 0 0 0 0 -1 -1 0 0 0 0 0 0 0 0 0 0 0 1 0 0 0 1 0 0 0 0 0 0 0 1 -1 0 0 0 1 0 1 0 1 -1 -1 0 0 0 0 1 0 0 0 0 -1 -1 1 0 0 0 0 0 0 0 0 -1 0 1 0 0 0 0 0 0 0 0 0 0 0 0 1 0 0 1 -1 0 0 0 -1 1 1 0 0 0 0 -1 0 
0 -1 0 1 0 0 0 -1 0 -1 0 0 0 0 0 0 0 0 0 0 0 0 0 0 0 0 0 1 0 0 0 0 1 0 0 1 0 0 0 0 0 -1 0 0 0 0 1 0 0 0 -1 0 -1 -1 0 -1 0 0 0 0 0 1 0 0 -1 0 0 0 0 0 0 0 0 0 0 0 0 0 0 1 0 1 0 0 0 0 0 0 1 0 1 0 -1 0 0 0 0 0 1 -1 0 0 -1 0 0 -1 0 0 0 0 1 1 1 -1 -1 0 1 0 -1 0 0 0 0 0 0 0 0 -1 0 1 0 0 0 1 0 0 -1 1 0 0 0 0 -1 -1 0 0 0 1 0 0 0 0 0 0 0 1 0 0 1 0 0 1 0 0 0 0 0 1 0 0 0 1 0 0 0 0 0 0 0 0 0 -1 0 0 0 0 0 0 0 -1 0 0 0 0 0 0 0 0 0 0 
0 0 0 0 0 0 0 0 1 0 0 0 0 0 0 0 -1 0 0 0 1 0 0 -1 0 0 0 0 0 0 0 0 -1 0 0 0 0 -1 0 0 0 0 0 0 1 0 0 0 1 0 0 0 0 1 0 -1 0 0 0 0 0 -1 0 0 0 0 0 1 0 0 -1 1 0 0 0 0 -1 -1 0 0 0 0 0 0 0 0 0 0 0 0 -1 0 1 0 0 0 0 0 0 0 0 0 0 0 0 0 0 1 0 0 1 0 0 0 0 0 -1 0 -1 0 0 -1 0 0 0 0 0 0 0 1 -1 0 0 0 0 0 0 0 0 0 0 -1 0 0 0 0 0 0 0 0 0 1 -1 0 0 0 0 0 0 -1 0 0 0 -1 1 0 0 0 0 0 0 1 0 0 0 0 -1 0 0 0 0 0 0 0 0 0 0 0 0 1 0 0 0 1 0 -1 0 0 0 0 
0 1 0 0 0 0 1 0 0 0 -1 1 1 0 0 0 -1 0 0 0 0 0 1 1 1 -1 0 0 0 -1 0 0 0 0 1 1 0 0 0 -1 -1 -1 0 0 0 0 0 1 1 1 0 0 0 0 0 -1 0 0 -1 0 0 0 0 0 0 0 0 0 0 1 0 1 0 0 1 -1 0 0 0 0 0 0 -1 0 0 0 1 0 0 0 0 0 0 0 0 -1 0 0 0 0 0 -1 0 0 0 0 0 1 0 1 -1 0 0 1 0 0 0 -1 0 1 0 -1 0 0 0 0 1 0 0 1 0 0 0 0 0 0 0 0 0 0 0 1 0 0 0 0 0 0 0 0 1 0 0 0 0 0 0 0 0 1 0 0 0 -1 0 0 0 0 0 -1 0 0 0 1 0 0 0 0 -1 0 0 0 1 0 0 0 -1 0 0 0 0 0 0 0 0 0 0 0 0 0 
0 0 0 0 0 0 0 0 0 0 0 0 0 1 0 0 0 0 0 0 0 0 -1 0 0 0 0 0 0 0 0 0 0 0 1 0 0 -1 0 -1 0 0 0 0 0 0 1 0 0 0 0 0 1 -1 -1 0 0 0 0 0 0 0 0 0 0 0 0 0 0 -1 0 0 0 0 0 0 0 0 0 0 0 0 0 0 0 1 0 0 0 0 0 1 0 0 0 0 0 -1 0 0 0 0 -1 0 -1 0 0 -1 -1 0 0 0 0 0 0 0 0 0 0 1 0 0 0 0 0 0 0 0 0 0 0 0 0 0 1 0 0 -1 0 0 0 0 0 0 0 0 0 0 0 -1 0 1 0 0 0 0 0 0 0 0 0 1 0 0 -1 0 -1 0 0 0 -1 0 0 -1 0 0 0 0 -1 1 0 0 0 0 0 0 0 0 0 0 0 0 0 0 0 0 0 -1 0 0 
0 -1 -1 0 0 1 0 0 0 0 0 0 1 0 -1 -1 -1 0 0 1 1 0 -1 0 0 0 0 0 1 0 0 0 0 0 0 0 0 0 1 1 0 0 0 0 0 0 0 0 0 0 0 0 1 0 0 0 0 1 0 0 0 0 0 0 0 0 0 0 1 0 -1 0 0 0 -1 0 0 0 0 0 0 0 0 0 0 1 0 0 0 -1 0 0 0 -1 0 -1 0 0 0 1 1 0 0 -1 0 0 1 0 0 -1 0 0 0 0 0 0 0 1 0 0 0 0 0 0 1 0 0 0 0 0 0 1 1 0 0 0 0 0 0 0 1 0 0 0 0 -1 0 1 0 0 0 0 0 0 0 0 0 0 0 -1 0 0 -1 0 0 0 0 0 0 0 0 1 1 0 0 0 0 0 0 0 0 1 0 0 0 0 0 0 0 0 0 0 0 0 1 0 -1 0 0 0 
1 0 -1 0 0 1 0 0 0 0 0 0 0 0 -1 0 1 1 0 0 0 0 0 0 -1 0 0 0 0 0 -1 0 0 0 0 0 0 -1 0 1 -1 0 0 0 0 0 0 0 -1 -1 0 0 0 0 1 0 1 0 0 0 1 0 0 0 0 0 0 0 0 0 0 0 0 0 0 0 0 0 0 1 -1 0 0 0 1 1 0 0 0 0 0 1 0 0 0 0 0 0 1 0 0 0 0 0 1 0 0 0 1 0 0 0 0 0 0 1 0 1 0 1 0 1 0 0 0 -1 -1 0 1 0 -1 -1 0 -1 -1 0 1 0 -1 -1 0 0 0 0 0 0 0 0 -1 0 0 0 0 1 0 1 0 0 0 0 0 -1 0 0 1 0 0 1 0 0 0 0 0 0 0 0 0 0 0 1 0 0 0 1 0 1 0 0 1 0 0 1 0 0 0 0 -1 0 0 0 
0 0 0 0 -1 0 0 0 1 0 0 -1 0 1 1 0 0 0 0 0 1 0 0 0 0 0 0 0 0 0 0 1 0 1 0 0 1 0 0 0 0 0 0 0 1 0 0 -1 1 0 0 0 -1 0 0 0 0 0 0 0 0 0 -1 0 -1 0 0 0 0 1 0 0 -1 0 0 0 -1 -1 0 0 0 0 1 0 1 1 1 0 0 0 0 0 0 0 0 0 0 0 0 1 -1 0 0 0 0 0 0 0 1 -1 0 -1 0 0 0 0 0 0 0 0 -1 0 0 0 0 -1 -1 1 0 0 0 0 0 -1 0 0 0 0 0 0 0 0 0 0 0 0 0 0 0 -1 1 -1 0 0 0 0 0 0 1 0 0 1 1 0 0 0 0 -1 0 0 1 1 -1 0 0 0 0 0 0 0 0 0 0 0 0 -1 0 0 0 0 0 0 0 0 -1 0 1 0 0 0 
0 0 0 0 0 0 0 -1 0 0 0 0 0 0 0 0 0 0 0 0 1 0 0 0 0 0 -1 0 0 0 0 -1 0 0 0 0 0 1 1 0 1 0 0 0 0 0 1 0 0 1 -1 1 -1 0 0 -1 0 0 1 0 0 0 0 0 0 0 -1 0 1 0 0 0 0 0 0 0 0 1 0 -1 0 0 0 1 0 0 -1 -1 0 0 1 0 -1 -1 0 -1 -1 0 -1 0 0 1 0 0 0 0 1 0 1 0 0 0 0 0 0 0 0 0 0 0 0 0 0 0 0 0 0 0 1 0 0 1 0 0 0 -1 -1 -1 0 0 0 0 0 -1 0 0 0 0 0 0 0 0 0 0 0 -1 0 0 -1 0 0 0 0 0 0 0 -1 0 0 0 0 0 -1 0 0 0 0 0 0 0 0 0 -1 0 0 1 0 0 1 0 0 0 0 0 0 0 0 1 0 0 
0 0 0 0 0 0 1 1 0 0 -1 0 1 0 0 0 0 0 0 -1 0 0 0 0 0 0 0 0 0 0 0 0 0 0 0 0 0 0 0 -1 0 0 -1 0 0 0 0 -1 0 0 0 0 0 0 0 0 0 0 0 0 0 0 1 0 0 0 1 0 0 1 0 0 1 0 0 0 0 0 -1 -1 -1 0 0 0 0 1 1 1 0 0 0 0 0 0 0 0 0 1 0 0 -1 0 0 0 0 0 -1 0 0 -1 0 -1 -1 1 0 0 0 -1 -1 0 0 0 0 0 0 0 0 0 0 0 0 0 -1 0 0 0 1 0 0 0 0 0 -1 1 0 1 0 0 0 1 0 1 0 0 0 -1 0 0 0 0 0 0 1 0 0 0 0 0 0 0 0 0 0 -1 1 0 0 0 0 -1 0 0 0 0 1 -1 0 0 0 0 0 1 0 -1 0 0 0 -1 1 0 
0 0 0 -1 0 1 -1 0 0 0 0 1 0 0 -1 0 0 1 0 0 0 0 0 0 0 0 0 0 0 0 -1 0 0 0 0 0 -1 0 0 0 0 0 0 0 0 1 0 0 -1 0 0 0 0 0 0 0 0 0 0 0 0 0 1 -1 0 0 -1 0 0 0 -1 0 0 0 0 -1 1 0 0 0 1 0 0 0 0 0 0 0 0 0 0 0 -1 0 0 0 0 0 0 0 1 0 -1 0 0 0 0 0 1 0 1 0 -1 0 0 0 0 0 0 0 -1 1 0 0 -1 0 -1 0 0 1 -1 0 -1 0 0 0 0 0 0 -1 0 0 0 0 1 0 0 0 0 0 1 0 0 0 0 -1 0 0 0 -1 0 0 0 -1 0 -1 -1 -1 0 0 0 0 -1 0 0 0 0 0 0 0 -1 0 0 0 0 0 0 -1 1 -1 0 1 1 0 0 1 0 0 0 0 
0 0 -1 0 -1 0 1 0 0 0 0 0 0 -1 0 0 -1 0 1 0 1 0 -1 0 0 0 0 0 0 0 0 0 0 0 0 -1 0 0 0 0 -1 0 0 -1 0 1 0 0 0 0 1 1 0 0 0 -1 0 0 1 0 0 0 -1 0 0 0 0 0 1 0 0 0 0 0 0 -1 1 0 0 0 0 -1 0 -1 0 0 0 0 0 -1 0 0 0 0 -1 0 1 0 0 0 0 0 0 0 0 0 -1 -1 1 0 0 0 0 0 0 -1 0 0 0 0 -1 0 0 1 0 0 0 0 1 0 0 0 0 0 0 0 -1 0 0 0 0 -1 0 0 0 0 0 0 0 0 0 0 0 0 0 0 0 0 0 0 0 0 0 0 0 0 0 0 0 0 0 0 0 1 0 0 -1 0 0 0 0 0 0 0 0 -1 0 0 1 0 0 0 0 0 0 0 0 0 0 0 
0 0 0 0 0 0 -1 0 0 0 0 0 0 0 0 1 1 0 0 0 1 0 0 0 0 0 0 0 -1 0 0 0 0 0 0 0 0 0 0 0 1 0 0 0 0 -1 0 0 0 0 0 0 0 0 0 0 0 -1 1 0 0 0 0 0 0 0 0 0 0 -1 0 1 0 0 1 0 0 0 0 0 0 0 0 0 0 0 0 0 0 0 0 1 0 0 0 1 0 0 0 -1 0 0 0 0 0 0 0 0 1 0 0 0 1 -1 0 0 0 0 0 0 0 0 0 0 0 0 -1 0 -1 -1 0 0 1 0 0 -1 -1 -1 1 0 0 0 0 -1 0 0 0 0 0 -1 0 0 0 0 -1 0 0 0 0 0 0 0 0 0 0 -1 0 0 0 1 0 0 -1 1 0 0 1 0 0 0 0 -1 0 0 0 0 1 0 0 0 0 0 0 0 0 1 0 0 0 0 
0 -1 0 0 0 0 0 0 0 0 0 1 0 0 -1 0 -1 0 0 0 0 0 0 0 0 0 0 0 0 0 0 0 0 0 0 0 0 0 0 -1 0 0 0 0 0 1 0 0 0 0 0 0 0 0 0 1 0 0 -1 0 0 0 0 0 0 0 0 0 -1 0 0 0 0 0 -1 1 0 1 0 0 -1 -1 0 0 0 0 0 0 0 0 1 0 -1 -1 0 0 0 0 0 0 0 0 0 0 0 -1 0 0 0 0 0 1 0 0 0 0 0 0 -1 0 0 0 0 0 0 0 0 1 0 0 1 0 0 0 0 0 0 0 0 0 1 0 0 0 0 1 0 -1 1 0 0 0 0 0 0 0 0 -1 0 0 0 0 0 0 0 0 0 0 0 0 0 0 0 0 0 1 0 0 1 0 0 -1 1 0 0 1 0 0 0 0 0 0 0 0 0 0 0 0 1 0 
1 0 0 0 0 0 0 -1 0 0 0 0 0 0 0 0 -1 0 0 0 0 0 0 1 0 1 0 -1 0 0 -1 0 0 0 0 0 1 0 0 1 1 -1 -1 0 0 0 0 0 0 1 0 0 0 -1 1 0 0 0 0 0 0 0 0 0 1 -1 0 1 0 0 0 0 0 1 0 0 0 0 -1 1 0 0 0 0 0 0 0 0 0 0 0 0 -1 0 0 0 0 0 0 0 0 1 0 0 0 0 0 0 0 0 1 0 0 0 0 0 0 0 0 0 -1 0 0 0 0 0 0 0 0 0 0 0 0 -1 -1 0 0 0 0 0 1 0 0 0 0 1 0 0 0 0 0 0 -1 0 0 0 0 0 0 0 1 0 0 0 0 0 0 0 0 1 0 0 0 0 0 0 0 0 0 0 1 -1 0 0 1 -1 0 0 1 -1 0 1 0 0 0 0 0 0 0 0 
1 1 0 -1 0 0 0 1 0 0 0 0 0 0 0 0 0 0 0 0 1 0 0 0 1 -1 0 1 -1 1 0 0 0 0 0 1 1 0 0 1 0 0 0 0 0 0 0 0 0 0 0 0 0 0 0 0 0 0 1 0 0 0 0 0 0 0 0 0 0 -1 0 0 0 0 -1 1 0 0 0 -1 0 0 0 0 0 0 0 0 0 0 -1 1 0 0 1 0 0 0 0 -1 0 0 -1 0 0 0 0 0 0 1 0 1 -1 0 1 0 0 0 0 0 0 0 0 0 1 0 -1 -1 0 0 0 0 0 0 0 0 0 0 0 0 0 0 0 0 1 -1 0 -1 0 0 0 1 0 0 0 0 0 1 1 0 0 1 0 0 0 0 0 0 0 0 0 0 0 -1 0 0 0 0 0 0 0 -1 0 0 0 1 1 0 0 0 0 0 0 0 0 0 0 0 0 1 
-1 -1 0 0 0 0 0 0 1 0 0 0 0 0 0 0 0 0 0 1 1 0 -1 0 0 0 0 0 0 0 0 0 1 0 0 0 0 0 0 0 0 -1 0 0 0 1 1 -1 0 0 0 0 0 0 0 -1 0 0 0 0 0 -1 0 1 0 0 -1 0 -1 1 0 1 -1 0 0 0 0 -1 0 0 1 0 0 0 0 0 0 0 0 0 0 -1 0 0 0 0 0 -1 0 0 0 0 0 0 0 0 0 0 0 0 0 0 0 -1 -1 0 0 1 -1 0 -1 0 0 0 1 -1 1 1 0 0 0 0 0 0 0 0 0 0 0 -1 0 0 0 0 0 0 0 -1 -1 0 0 1 0 0 0 0 0 0 0 0 0 0 0 0 0 0 0 1 0 0 0 0 -1 0 0 0 0 0 0 0 0 0 0 0 0 1 0 0 -1 0 0 -1 1 0 -1 1 0 0 0 1 
0 0 0 0 0 0 1 1 0 0 0 1 0 0 0 0 0 0 0 0 0 0 0 0 0 0 1 0 0 0 -1 0 0 1 0 0 1 0 1 -1 0 0 0 0 0 0 0 0 0 0 0 0 0 0 1 0 0 0 0 0 -1 0 0 0 0 1 0 0 0 0 0 1 0 0 1 0 0 0 -1 0 0 0 0 1 0 0 0 0 0 0 0 0 0 1 0 1 -1 0 0 0 0 0 0 0 0 0 0 0 0 1 0 0 0 0 0 0 0 1 -1 0 0 -1 0 0 0 0 0 1 0 0 0 0 0 0 -1 0 0 0 0 0 0 0 1 0 0 0 -1 0 -1 1 0 0 0 0 0 0 0 0 0 0 1 0 -1 0 0 0 1 0 1 0 0 0 0 1 -1 0 0 0 0 0 1 0 -1 0 0 0 0 0 0 0 0 0 0 0 1 0 0 0 0 0 
0 0 0 0 0 -1 -1 1 0 1 0 0 -1 0 0 0 0 0 0 0 0 0 0 0 0 0 0 0 0 0 0 0 0 -1 -1 -1 -1 0 0 1 0 -1 0 1 0 0 0 -1 -1 0 -1 0 0 0 1 -1 0 0 0 -1 0 0 0 0 0 0 0 0 1 1 0 0 0 1 0 0 0 0 0 0 0 0 0 1 0 0 -1 0 0 0 0 0 0 0 0 0 0 0 0 0 0 0 0 0 0 0 1 0 0 0 1 0 0 1 0 0 0 0 1 0 0 0 0 0 0 0 0 -1 0 0 0 0 0 0 0 0 0 0 0 0 0 0 0 0 0 1 0 0 0 0 0 0 0 0 0 -1 0 0 0 -1 0 -1 0 0 0 -1 0 0 0 0 1 0 0 0 0 0 0 0 0 0 0 0 0 0 1 0 -1 0 0 0 1 0 0 0 0 0 0 0 0 1 
0 0 -1 0 1 0 0 0 0 0 0 1 -1 0 -1 0 0 0 0 0 0 0 0 0 0 0 0 0 0 1 0 1 1 0 1 1 0 0 0 0 0 0 -1 0 0 0 0 0 0 0 0 0 0 1 0 0 0 -1 0 0 0 0 0 0 -1 0 0 0 -1 0 0 0 0 0 0 -1 -1 0 0 0 0 0 -1 0 -1 0 0 0 0 0 0 0 0 0 0 0 0 0 0 0 0 -1 0 0 0 0 -1 0 0 0 0 0 0 -1 0 0 0 0 0 0 0 0 -1 -1 0 0 0 0 0 0 1 1 0 0 0 0 0 0 0 0 0 -1 -1 1 0 0 0 1 0 0 0 0 0 0 0 0 0 0 0 0 1 1 -1 0 -1 0 0 0 0 -1 -1 1 0 0 -1 0 0 0 0 0 0 0 0 0 0 1 1 0 0 0 0 0 -1 0 0 -1 0 0 -1 0 
0 0 0 0 0 0 0 0 0 0 0 1 1 0 -1 0 0 0 0 0 0 0 0 0 0 0 0 0 0 0 -1 0 0 0 0 0 0 0 0 0 0 -1 0 0 1 0 0 0 1 0 0 0 1 0 0 0 0 1 0 0 0 0 0 0 0 -1 0 0 0 0 0 0 0 0 0 0 0 0 0 1 1 0 0 0 0 0 0 0 0 1 0 0 0 0 0 0 0 -1 0 0 0 0 0 0 0 1 0 0 0 0 0 0 -1 0 0 0 1 -1 0 0 0 0 0 0 0 -1 1 0 0 0 1 0 0 0 0 -1 0 1 0 0 0 0 0 0 0 0 0 0 0 0 0 -1 1 1 0 -1 -1 0 0 -1 0 1 0 0 0 -1 1 0 -1 1 1 0 1 0 0 0 0 0 0 0 0 0 0 0 0 -1 0 0 0 0 -1 0 0 0 0 1 0 0 0 0 
-1 0 0 1 0 0 0 1 0 1 0 0 0 0 0 0 0 1 0 0 0 0 0 0 0 0 0 0 0 1 0 0 0 0 0 0 1 0 -1 0 0 0 0 0 0 0 0 0 0 0 0 1 0 -1 0 0 0 0 0 0 0 -1 0 0 0 -1 0 0 0 0 0 0 0 -1 0 0 0 0 0 0 0 0 0 0 0 0 1 0 1 0 0 0 0 0 -1 0 0 0 0 1 1 1 0 0 0 -1 -1 1 0 -1 0 0 0 0 1 -1 0 0 0 0 1 0 0 0 -1 0 -1 0 0 0 0 0 -1 -1 -1 0 -1 1 0 0 0 0 0 0 0 0 0 0 1 0 0 0 0 0 -1 0 0 -1 0 -1 0 0 0 0 0 0 1 1 0 0 0 0 0 0 0 0 0 0 0 0 0 -1 -1 0 1 0 0 0 0 0 0 0 0 0 1 0 0 0 0 0 

8 1 9 9 2 2 5 8 3 5 7 10 7 4 1 10 9 8 5 6 6 9 10 5 6 10 5 8 8 4 9 9 7 9 3 4 1 4 10 4 10 10 5 5 7 7 10 8 9 4 1 8 10 7 6 8 10 7 8 7 1 7 1 7 1 8 10 8 5 4 9 10 2 4 4 6 5 8 10 2 6 8 8 7 8 1 6 5 5 2 10 4 2 1 8 5 4 5 3 1 