20 40
0 0 0 0 0 0 0 0 0 0 0 0 0 0 0 0 -1 0 0 0 1 -1 0 1 1 1 1 0 0 0 0 0 1 0 0 1 0 0 0 0 
0 0 -1 0 0 0 0 0 0 0 0 0 0 0 0 0 -1 0 0 0 0 0 0 0 0 1 0 0 0 0 0 0 0 0 0 0 0 1 0 0 
0 0 1 0 0 0 -1 0 0 -1 0 0 0 1 1 0 0 -1 0 0 0 0 0 -1 0 0 0 0 0 -1 1 0 1 0 -1 0 -1 -1 0 0 
0 0 -1 -1 -1 0 0 0 0 0 1 0 -1 1 0 0 0 0 0 0 0 0 0 1 0 1 0 0 0 0 0 0 0 0 0 0 0 0 0 0 
0 0 -1 0 0 0 0 0 -1 -1 0 0 0 0 0 0 0 0 0 0 0 -1 0 0 -1 0 0 0 0 -1 1 0 0 0 1 -1 0 0 0 0 
-1 0 0 0 0 0 0 0 0 0 1 0 0 0 0 0 0 0 0 0 0 0 0 0 0 0 1 0 0 -1 0 0 0 1 0 0 0 0 1 0 
0 1 0 -1 0 1 -1 0 -1 0 0 0 0 0 0 0 0 -1 0 0 0 0 0 0 0 0 0 0 0 0 0 0 0 0 0 1 1 1 0 0 
1 0 0 0 0 -1 -1 0 0 0 -1 0 0 0 -1 0 0 0 0 0 0 0 1 0 0 1 0 1 0 0 0 -1 0 0 0 0 0 0 0 0 
0 -1 0 0 0 0 1 0 -1 0 0 0 0 1 0 0 0 0 0 0 0 -1 0 0 0 0 0 0 0 0 0 0 1 0 1 1 0 0 0 0 
-1 0 1 0 1 0 0 0 0 0 0 0 -1 1 -1 1 0 0 0 0 0 0 1 0 -1 0 0 0 1 1 0 0 0 0 0 0 0 0 1 -1 
0 0 1 0 0 0 1 0 0 0 0 0 0 0 1 0 0 0 0 0 0 0 0 0 -1 0 -1 0 0 0 0 0 0 1 1 0 -1 -1 0 0 
0 0 0 0 1 0 0 0 0 0 0 0 0 0 1 1 0 0 0 -1 -1 0 1 0 0 0 1 0 0 1 0 0 0 0 0 0 0 0 1 0 
0 0 0 0 -1 0 0 0 0 0 -1 0 0 0 0 -1 -1 0 -1 0 -1 0 0 0 0 0 0 1 0 0 0 0 0 0 0 0 -1 1 0 0 
0 1 0 1 0 0 -1 0 -1 0 0 -1 0 1 0 0 1 0 0 1 0 0 0 -1 0 0 0 0 0 1 0 0 0 0 -1 0 0 0 0 0 
0 0 0 0 0 -1 0 -1 1 0 -1 0 0 0 0 0 0 0 0 0 0 0 0 -1 1 0 0 0 0 0 1 1 0 0 0 0 0 1 0 1 
0 1 1 0 0 0 1 1 0 0 1 1 1 0 0 0 0 0 0 1 0 -1 0 0 0 0 0 0 0 -1 0 0 1 0 0 0 0 -1 0 0 
0 0 0 0 0 0 0 0 0 0 0 0 0 0 0 0 0 0 1 0 0 0 0 0 0 1 -1 0 0 0 0 0 0 1 0 0 0 0 0 0 
0 1 0 0 0 0 0 0 0 0 0 0 0 -1 1 0 0 0 0 0 0 -1 0 0 0 0 1 0 0 0 0 0 0 0 0 0 0 0 0 1 
0 0 1 1 0 -1 -1 0 0 1 0 0 0 0 1 0 0 0 0 0 0 0 0 -1 1 0 0 0 0 0 0 0 0 0 1 0 0 0 1 0 
1 0 0 0 0 -1 0 0 0 0 0 -1 0 0 0 0 0 0 0 0 0 0 0 0 1 0 0 0 0 0 1 0 0 1 1 0 0 0 0 -1 

1 1 10 2 10 9 1 3 7 10 2 2 5 5 4 10 7 2 6 3 