50 100
1 0 -1 0 0 -1 0 0 0 0 0 -1 0 -1 1 0 0 0 0 0 0 0 0 0 0 0 0 0 0 1 0 0 0 0 -1 0 0 0 0 0 0 0 -1 0 0 0 0 -1 0 0 0 0 0 0 0 0 0 0 0 0 0 0 0 0 0 0 0 0 1 0 -1 -1 -1 0 0 0 0 0 0 0 0 1 -1 0 1 0 0 0 0 0 -1 0 0 0 0 0 1 0 1 0 
0 -1 0 0 0 0 0 0 0 0 0 0 0 0 0 0 0 0 0 0 0 -1 0 0 0 0 0 0 0 0 0 0 0 1 -1 0 1 1 0 0 0 0 0 -1 0 0 0 0 -1 0 1 0 0 1 0 0 0 0 -1 0 0 0 -1 1 0 0 0 0 0 1 1 0 0 0 -1 1 0 0 0 0 0 0 0 0 0 0 0 0 0 0 -1 0 -1 0 -1 0 0 0 0 0 
0 0 0 0 1 0 0 0 0 1 0 0 0 0 0 0 0 0 0 0 0 -1 0 0 -1 0 0 0 0 0 0 0 0 0 0 0 0 0 1 0 0 0 0 0 0 -1 0 0 0 1 0 0 1 0 0 0 0 0 -1 0 1 0 0 1 0 0 0 0 0 0 0 -1 1 0 0 0 0 -1 0 0 0 0 1 0 0 0 1 1 -1 -1 0 0 0 -1 1 1 0 0 0 0 
0 0 0 1 0 0 0 0 0 1 0 0 0 0 0 0 1 0 0 0 0 1 1 0 0 1 0 0 0 0 0 0 0 0 1 0 0 0 0 0 -1 0 0 0 0 0 0 0 0 0 0 0 0 0 0 0 1 0 0 0 0 0 0 0 0 0 0 0 0 -1 0 0 0 0 0 -1 0 0 0 0 -1 0 0 -1 0 0 0 -1 0 0 0 0 0 0 -1 0 1 1 0 0 
-1 0 0 0 -1 0 0 0 0 0 1 0 0 0 0 0 -1 0 0 0 0 0 1 1 0 0 0 0 1 0 0 0 0 0 0 0 -1 0 1 0 0 -1 0 0 -1 0 0 0 0 -1 0 0 0 -1 1 0 0 0 0 0 -1 0 0 0 0 1 0 -1 -1 0 0 -1 0 1 -1 0 1 0 0 0 0 0 -1 -1 0 -1 -1 0 0 0 0 0 1 1 0 1 0 1 0 0 
0 0 1 0 0 0 1 0 0 -1 0 0 0 0 0 0 1 0 0 0 -1 0 0 0 0 1 1 -1 0 0 0 0 0 0 0 0 0 -1 0 0 0 0 0 0 0 0 0 0 0 0 0 0 0 0 0 0 0 0 0 1 0 0 0 1 -1 0 0 0 -1 0 0 0 0 0 0 1 0 0 1 0 0 0 0 0 0 0 0 0 0 0 1 0 0 0 0 0 0 0 0 1 
0 1 0 0 0 0 1 0 -1 0 0 0 0 0 0 1 0 0 0 0 0 0 0 0 0 0 0 0 0 1 1 0 0 0 0 0 0 1 0 0 1 0 0 -1 0 0 0 0 1 0 0 1 -1 0 0 0 0 0 0 0 0 0 0 1 -1 1 1 0 0 0 1 1 1 0 0 0 0 0 0 0 0 0 0 0 0 -1 0 0 1 0 0 0 0 1 0 0 0 0 0 0 
-1 0 1 0 0 0 0 1 0 0 -1 0 0 0 1 0 0 0 -1 0 -1 -1 0 1 0 0 1 0 -1 0 0 0 1 0 -1 0 0 0 0 0 0 0 0 -1 0 1 0 0 0 -1 0 0 1 0 0 0 0 0 0 0 0 0 0 1 0 0 0 -1 0 -1 0 1 0 0 1 0 0 0 0 0 0 0 0 0 0 1 0 0 0 0 0 0 0 0 0 0 0 -1 0 0 
0 0 0 0 0 0 0 0 0 -1 0 0 0 -1 0 0 0 0 0 0 0 0 1 0 0 -1 1 0 1 1 1 0 0 0 0 0 0 0 0 0 0 0 0 1 0 0 0 1 0 0 0 1 1 1 0 0 0 0 0 0 0 0 0 0 0 0 0 0 0 0 1 0 0 0 0 1 1 0 0 0 -1 0 1 0 0 -1 0 0 0 0 -1 0 0 0 0 1 0 1 0 -1 
0 0 0 0 0 0 0 0 0 0 0 0 0 0 0 0 0 0 -1 0 0 0 0 0 0 0 0 0 0 1 0 1 0 0 -1 0 0 0 -1 1 0 0 0 0 0 0 0 0 -1 0 0 0 1 0 -1 0 0 0 0 0 0 0 0 0 0 0 0 0 0 0 0 1 -1 0 1 0 0 0 0 0 0 1 0 -1 0 0 1 0 0 0 0 0 0 1 0 0 0 0 0 0 
0 0 0 1 0 0 1 0 1 0 1 0 0 0 0 0 0 0 0 -1 0 0 1 0 0 0 0 1 -1 0 -1 0 -1 0 -1 0 0 0 1 0 0 0 -1 0 0 0 0 -1 -1 0 0 1 0 0 0 1 0 -1 0 0 0 0 0 0 0 0 0 0 0 0 0 0 0 0 1 0 0 0 0 0 1 0 0 0 1 0 0 0 1 0 0 0 0 -1 1 1 0 0 0 0 
1 0 0 0 0 0 0 0 0 0 0 0 1 0 0 0 0 0 0 0 0 0 0 0 1 0 0 0 0 0 -1 0 0 1 0 1 0 0 0 0 -1 -1 0 0 0 0 0 1 1 0 0 0 1 1 0 0 0 0 0 0 0 0 0 0 0 0 -1 0 0 1 0 0 0 0 0 0 0 1 0 0 -1 0 -1 0 0 -1 0 -1 0 0 0 0 0 0 0 1 0 0 0 0 
0 0 0 0 0 0 0 0 0 0 0 0 0 0 0 0 0 0 1 0 0 0 0 1 0 0 1 0 0 1 0 0 0 0 0 0 0 0 0 0 0 0 0 0 0 0 0 0 1 -1 0 0 1 0 0 0 0 0 0 0 0 0 0 0 1 0 0 -1 0 0 0 0 0 0 -1 1 0 0 0 -1 0 0 0 0 0 0 1 0 0 0 0 1 0 0 0 0 -1 0 1 0 
0 0 1 0 0 0 0 0 1 0 0 0 0 0 0 0 1 0 0 0 0 0 0 0 0 -1 0 0 0 0 0 0 0 0 0 0 0 0 0 -1 0 1 0 0 -1 1 0 0 0 -1 1 0 1 0 0 0 0 1 1 1 0 1 0 0 0 0 0 0 0 0 0 0 -1 -1 0 0 0 0 0 0 0 -1 0 0 0 0 0 1 0 1 0 0 -1 0 0 0 0 -1 0 0 
0 0 0 0 0 0 0 0 0 1 0 0 0 0 0 0 0 0 0 1 0 0 0 0 0 0 0 0 -1 0 0 0 0 0 0 0 -1 0 0 0 0 -1 0 0 0 0 0 0 0 0 0 1 0 0 0 0 0 -1 0 0 1 0 0 0 -1 0 0 1 0 -1 -1 0 0 0 1 1 0 -1 0 0 0 0 0 -1 0 0 0 0 -1 0 0 0 0 0 0 0 0 0 0 0 
0 0 0 0 -1 -1 0 0 0 0 1 0 0 0 0 0 -1 0 0 0 0 0 0 0 0 0 0 0 0 0 -1 0 0 0 0 1 -1 0 0 0 0 0 0 0 0 0 0 1 0 0 0 0 -1 0 0 0 0 0 0 0 1 0 0 0 -1 1 0 -1 -1 0 0 0 -1 1 0 0 0 0 1 0 0 0 0 0 -1 0 0 0 1 1 1 1 0 0 0 0 0 0 1 0 
1 0 -1 0 0 0 0 0 0 0 0 0 0 0 0 0 1 0 0 0 0 -1 -1 0 0 0 1 0 -1 -1 -1 0 0 0 -1 0 0 0 0 0 0 0 0 0 0 0 0 0 0 0 0 0 0 0 0 0 -1 0 0 -1 0 0 0 0 0 0 0 0 0 1 0 0 0 0 0 -1 1 0 1 0 0 0 -1 0 0 0 0 0 0 1 1 0 0 0 0 -1 0 0 0 1 
0 0 -1 -1 -1 0 0 0 1 0 0 0 0 0 0 0 0 0 0 0 0 -1 0 0 0 0 0 0 0 -1 -1 0 0 0 0 1 0 0 0 0 1 -1 0 0 0 1 -1 0 1 0 0 0 0 0 1 0 0 -1 0 0 0 0 0 1 -1 1 0 -1 0 0 0 0 0 0 0 -1 0 0 0 -1 0 -1 0 0 0 -1 0 0 -1 0 0 0 0 0 0 -1 0 -1 0 0 
0 0 0 0 -1 0 0 -1 0 0 0 0 0 0 0 0 0 0 1 0 0 0 0 0 0 0 0 0 0 0 0 0 0 0 0 -1 1 0 0 0 0 0 -1 0 0 -1 0 -1 0 -1 0 0 0 1 0 0 0 0 0 1 0 0 0 0 0 0 0 -1 0 0 0 0 0 0 0 0 1 -1 0 0 0 0 0 -1 0 0 0 0 0 0 1 0 1 0 0 0 1 0 0 0 
1 0 0 0 0 0 0 0 0 0 0 0 -1 -1 0 0 0 0 0 0 -1 -1 0 0 0 0 -1 0 1 1 0 1 0 0 0 0 0 0 1 0 0 0 0 1 0 0 -1 1 1 0 0 0 0 1 0 0 0 0 1 0 0 1 1 0 0 0 1 0 -1 0 0 0 0 0 1 0 0 0 0 0 0 0 -1 0 1 0 -1 0 0 0 0 0 0 -1 0 0 0 0 0 1 
-1 0 0 0 0 -1 0 1 0 0 0 0 1 0 0 1 0 -1 0 1 0 1 0 0 -1 0 0 0 0 0 0 0 -1 0 0 -1 0 0 0 0 0 -1 1 0 0 -1 1 0 0 -1 0 0 0 0 0 0 0 1 1 0 0 0 0 0 0 -1 0 0 0 0 0 -1 0 0 0 1 0 0 0 0 -1 0 0 0 0 0 0 0 0 0 0 0 0 0 -1 0 0 0 0 1 
0 0 -1 0 0 0 0 0 0 0 1 0 0 0 -1 -1 0 0 0 -1 1 0 0 0 0 0 0 0 0 0 -1 0 0 0 0 1 0 0 0 0 0 0 0 0 1 0 0 0 0 0 0 0 0 1 0 0 0 0 -1 0 0 0 1 0 0 1 0 0 0 0 0 0 0 0 1 0 1 -1 0 0 0 0 0 -1 0 0 0 0 0 0 0 0 0 0 0 -1 0 0 0 0 
0 0 0 -1 -1 0 0 0 0 1 0 0 0 0 0 0 1 0 0 0 0 0 0 0 0 0 0 0 0 0 0 0 0 0 0 0 0 0 1 1 0 0 0 0 1 0 0 1 0 0 -1 0 0 0 0 0 0 0 1 0 0 0 0 0 0 0 0 0 0 -1 0 1 0 0 -1 0 0 0 0 -1 0 0 -1 0 0 0 0 0 0 0 0 0 0 0 0 0 0 0 0 0 
1 1 0 0 0 0 0 0 0 0 -1 0 0 0 0 0 0 0 0 0 0 0 0 0 0 0 0 -1 0 1 0 0 0 0 0 0 0 1 0 0 0 0 0 -1 0 0 0 0 0 0 0 0 0 0 0 0 0 0 -1 0 0 0 0 0 0 0 0 1 0 0 0 0 0 0 0 0 0 0 0 0 0 1 0 1 1 1 0 0 0 0 0 0 0 0 0 0 0 0 0 0 
0 0 -1 1 0 0 0 0 -1 0 0 0 -1 0 0 0 0 -1 0 -1 0 0 0 0 0 0 0 0 0 0 0 0 0 0 0 0 0 0 -1 0 0 0 0 0 0 0 1 -1 0 0 0 0 0 0 0 0 0 -1 0 1 -1 0 0 0 0 0 0 0 0 0 0 0 0 0 0 0 0 0 0 0 0 -1 0 1 0 0 0 0 0 1 0 0 0 1 0 0 -1 1 0 0 
0 0 -1 -1 -1 0 0 0 1 0 0 0 0 0 0 -1 0 0 0 0 1 0 -1 0 0 0 0 0 -1 0 1 0 0 0 0 0 0 0 -1 0 0 0 0 0 0 0 0 0 0 0 0 0 0 -1 0 0 0 0 0 0 0 0 -1 0 -1 0 0 0 0 0 -1 -1 0 0 0 0 1 0 0 0 0 1 0 0 0 0 0 0 0 0 0 0 0 0 0 0 0 1 -1 0 
0 0 0 1 0 0 0 0 0 0 -1 0 0 0 0 0 0 0 0 0 0 0 0 0 0 1 0 0 0 0 -1 0 0 0 0 -1 0 0 1 0 0 0 0 0 0 1 0 0 1 0 0 0 0 0 0 0 0 0 0 0 0 0 0 0 0 0 0 0 0 1 0 0 0 -1 0 0 -1 0 0 0 -1 0 0 0 0 0 0 1 0 0 0 0 0 0 0 0 0 0 0 0 
0 0 0 0 0 0 0 0 0 0 0 0 1 0 0 0 -1 -1 0 0 0 1 0 1 0 -1 0 0 0 0 -1 0 0 0 0 0 0 0 0 0 -1 0 0 0 0 -1 0 0 0 0 0 1 0 0 0 0 0 0 0 -1 0 -1 0 0 -1 1 0 1 -1 0 0 0 0 0 0 0 0 0 0 -1 0 0 1 0 0 -1 0 0 0 0 0 0 0 -1 0 0 0 0 0 0 
0 0 0 0 1 0 -1 0 0 -1 0 0 0 0 0 0 0 0 0 0 0 0 0 0 0 0 0 0 0 0 0 -1 0 -1 0 -1 0 0 0 0 1 -1 0 0 0 0 0 0 -1 0 0 0 1 0 0 -1 0 0 0 0 0 0 0 -1 0 0 0 0 -1 0 0 0 0 0 0 0 -1 -1 1 1 0 0 0 0 0 0 0 0 0 0 0 0 0 0 0 0 0 0 0 1 
0 -1 0 1 0 0 1 0 -1 0 0 0 0 0 0 1 0 0 0 0 -1 1 0 0 0 0 -1 0 0 0 0 0 1 0 0 0 0 0 -1 0 -1 0 0 0 0 0 0 0 0 0 1 0 1 0 0 0 0 0 0 1 0 0 1 -1 0 1 0 0 0 0 0 0 -1 -1 0 0 1 0 0 0 -1 0 0 0 0 0 0 0 0 0 0 0 0 -1 0 1 0 -1 -1 0 
0 0 0 1 0 0 0 0 0 0 0 0 0 -1 0 0 0 1 0 0 0 0 0 1 0 0 0 0 1 0 0 0 0 0 0 0 0 0 0 0 0 0 1 1 0 0 0 -1 0 0 0 1 0 -1 0 1 0 0 0 0 1 0 0 0 0 0 0 0 -1 1 0 0 0 0 0 0 -1 0 0 0 1 0 0 0 0 0 0 0 0 -1 0 -1 0 0 0 0 1 0 0 1 
0 -1 0 0 0 1 0 0 0 0 0 0 0 1 0 -1 0 0 0 0 0 0 1 0 0 0 0 0 0 0 0 0 0 0 0 -1 0 0 -1 0 0 0 0 0 1 0 -1 0 0 0 -1 0 0 0 0 0 0 0 0 0 0 0 0 0 0 0 0 0 0 0 0 0 0 0 0 1 0 0 0 1 0 0 0 0 -1 0 0 0 0 0 0 0 0 0 1 1 0 0 -1 0 
0 0 0 0 0 0 0 0 0 0 -1 0 -1 0 -1 0 -1 0 0 0 0 0 0 0 -1 0 0 -1 0 0 0 0 0 0 0 0 0 0 0 0 0 0 0 -1 0 0 0 1 1 0 0 0 0 0 0 0 0 1 0 0 0 0 0 0 -1 0 0 0 0 0 0 0 1 0 0 0 1 0 0 0 0 0 0 0 0 0 0 1 0 0 0 -1 -1 0 0 1 0 -1 1 -1 
0 1 0 -1 0 0 0 0 0 -1 0 0 0 0 1 0 0 0 0 1 0 0 0 1 0 0 0 -1 1 0 0 0 0 1 0 0 0 1 -1 1 0 0 1 0 0 -1 0 0 0 0 0 0 0 0 0 0 -1 0 0 -1 0 0 0 0 -1 0 -1 1 0 0 0 0 -1 0 0 0 0 0 -1 0 0 0 0 0 0 0 0 0 0 0 0 0 0 0 1 0 -1 0 1 0 
1 0 0 0 0 0 0 -1 0 0 0 0 0 0 0 0 0 0 0 1 0 0 -1 0 0 1 1 0 1 0 0 -1 -1 0 0 0 -1 -1 1 0 0 0 0 0 0 0 0 1 0 0 0 0 0 0 0 0 0 0 1 0 0 0 1 0 0 0 -1 0 0 0 0 0 0 0 0 0 0 0 1 0 0 0 0 0 0 0 0 -1 0 0 0 1 0 0 0 -1 0 0 0 0 
0 0 1 -1 0 0 0 0 0 -1 0 0 -1 0 0 0 -1 0 0 0 0 0 -1 0 0 0 -1 1 0 1 0 -1 0 0 1 1 0 0 0 1 0 0 0 1 0 0 0 0 0 0 0 0 -1 0 0 1 0 0 0 0 0 0 -1 0 0 0 0 0 0 0 0 0 1 0 0 0 0 0 0 0 0 0 0 0 0 0 0 0 0 0 0 0 1 0 -1 0 0 0 0 -1 
0 1 1 0 0 0 1 0 0 0 -1 0 1 0 0 -1 0 1 0 0 -1 0 0 -1 0 1 0 -1 0 0 -1 -1 0 0 0 1 0 0 0 0 0 1 0 0 0 0 0 0 1 0 0 0 0 0 0 0 -1 0 1 0 -1 0 -1 1 0 0 1 0 0 0 -1 0 0 1 -1 0 0 0 0 0 1 0 1 0 -1 1 0 0 0 1 0 -1 0 0 0 0 0 0 0 0 
0 -1 0 0 0 0 0 0 0 0 0 0 0 1 0 1 0 0 -1 0 0 -1 0 0 0 -1 0 0 0 0 0 0 -1 0 1 0 0 0 -1 1 -1 0 0 0 0 0 0 0 1 -1 0 0 0 0 0 0 0 -1 0 0 0 0 0 0 0 0 0 0 -1 0 0 0 0 0 0 0 0 0 0 0 0 0 0 -1 0 1 0 0 1 0 0 0 1 0 0 0 0 0 0 0 
0 1 0 -1 0 0 0 0 0 0 0 0 0 0 -1 0 0 1 0 -1 1 0 0 0 -1 1 0 0 0 0 0 0 1 0 -1 0 0 0 0 0 0 0 -1 0 0 0 0 0 0 0 1 0 0 0 0 0 -1 0 0 0 0 0 0 1 0 0 0 0 0 0 0 0 0 -1 0 0 0 0 0 0 1 0 0 1 0 0 0 0 0 0 0 0 0 0 1 0 0 0 -1 1 
0 0 0 0 0 0 0 0 0 0 0 0 0 0 0 0 0 0 0 0 0 0 0 0 0 0 0 0 -1 0 0 0 0 0 0 0 0 1 0 0 0 0 0 0 0 1 0 0 -1 0 1 0 0 1 0 -1 -1 1 -1 0 0 0 0 0 0 0 0 -1 0 0 0 -1 0 0 0 0 0 0 0 0 0 0 -1 0 -1 -1 0 0 0 0 0 0 0 -1 0 0 0 0 -1 0 
0 0 0 0 -1 0 0 0 0 0 0 0 0 0 0 -1 1 0 0 0 0 0 0 0 0 0 0 0 0 0 0 0 0 -1 0 0 0 0 1 -1 0 0 0 0 0 0 0 0 0 0 0 0 0 0 0 0 1 0 0 -1 0 0 0 0 0 1 0 0 0 0 0 0 0 0 0 0 0 0 0 1 -1 0 0 1 0 0 0 0 0 0 0 0 1 0 -1 0 0 -1 0 0 
-1 0 1 0 0 0 1 0 0 0 1 0 0 0 0 0 0 -1 0 0 0 0 0 1 0 0 1 -1 1 0 0 0 -1 0 0 1 0 0 0 0 0 0 0 0 0 0 0 0 0 0 0 0 0 0 -1 0 0 0 0 0 -1 0 0 -1 0 0 0 0 -1 0 0 1 0 0 0 0 0 0 0 0 0 0 1 0 0 1 0 0 0 0 -1 0 0 0 0 0 0 1 0 0 
0 1 0 -1 1 0 0 1 0 -1 0 1 0 0 -1 0 1 0 0 0 0 0 1 0 0 0 0 0 -1 0 0 -1 0 1 0 0 0 -1 0 0 0 1 0 0 0 0 0 0 0 0 0 0 0 0 0 0 0 0 0 -1 0 0 0 0 0 0 0 0 0 0 0 1 0 0 0 0 0 0 0 -1 0 0 -1 0 0 0 0 -1 -1 1 0 0 0 0 0 1 0 0 0 0 
0 0 0 0 0 0 0 1 1 -1 0 0 0 0 0 0 0 0 1 0 0 0 0 0 0 0 0 0 0 0 0 0 0 0 0 0 -1 0 0 0 0 0 1 -1 0 0 0 0 0 -1 0 0 0 0 0 0 0 0 0 1 0 -1 0 1 0 0 0 1 0 0 0 0 0 1 -1 0 0 0 0 0 0 0 0 0 0 0 0 0 1 0 0 -1 0 0 1 -1 0 1 0 0 
0 0 0 0 0 0 0 1 0 0 0 0 0 0 0 -1 0 -1 1 0 1 0 0 0 1 1 0 1 0 1 0 0 0 0 0 0 1 0 0 1 1 0 0 0 -1 0 0 1 0 -1 0 -1 1 0 0 0 0 0 0 0 1 0 0 -1 -1 0 0 0 0 0 0 0 0 0 0 0 0 0 0 0 0 1 0 -1 0 0 0 1 0 0 0 1 0 0 0 0 0 0 0 1 
0 0 0 0 -1 0 0 -1 0 0 0 0 0 0 0 0 0 0 0 1 0 0 1 0 0 0 0 -1 0 0 1 0 0 0 0 0 0 0 0 0 0 0 0 0 0 -1 0 0 0 0 0 1 0 0 0 0 1 1 0 0 1 0 0 0 1 0 -1 0 0 -1 0 0 0 0 1 0 0 0 0 0 0 0 0 0 0 -1 0 0 0 0 0 0 0 0 0 0 0 0 -1 0 
0 0 0 0 0 -1 -1 0 0 0 0 0 0 0 0 1 -1 0 0 0 0 0 0 0 0 0 0 1 0 0 0 0 0 0 -1 0 0 0 -1 -1 1 1 -1 0 0 0 0 0 0 0 0 0 0 0 0 0 1 0 0 1 0 -1 0 1 0 0 0 -1 0 0 -1 0 0 0 0 0 0 0 0 -1 1 0 0 0 0 0 0 0 0 0 0 0 0 -1 0 0 -1 0 0 0 
-1 0 0 0 0 0 1 0 0 0 0 0 0 1 0 0 1 0 0 0 1 0 0 -1 0 1 0 1 0 0 -1 0 0 -1 0 0 0 0 0 0 0 -1 0 0 0 0 0 0 0 0 0 1 0 0 0 0 0 0 0 0 0 0 0 0 0 0 0 1 1 0 0 0 0 0 0 0 0 0 0 -1 0 0 0 0 0 0 0 0 0 1 0 0 -1 0 0 0 0 0 0 0 
1 0 0 0 0 1 0 0 0 0 0 0 1 -1 0 1 0 0 0 0 -1 -1 0 0 0 0 0 0 -1 0 0 0 0 0 0 0 0 0 0 -1 -1 -1 0 0 0 0 0 0 0 0 0 0 0 0 0 0 0 0 0 0 0 1 0 0 0 0 0 0 0 -1 0 0 0 0 0 0 1 0 0 0 0 0 0 0 0 0 0 0 0 0 0 0 0 0 0 0 0 0 0 1 
0 0 0 0 -1 0 0 0 0 1 0 0 0 1 0 0 0 0 0 0 0 0 0 1 0 0 0 0 0 0 0 0 -1 0 0 0 0 1 0 -1 0 0 1 1 0 1 0 -1 0 0 0 0 1 0 1 1 0 0 0 0 1 -1 0 -1 -1 0 -1 -1 -1 0 0 0 0 -1 1 0 0 0 0 0 1 1 -1 0 0 0 0 1 0 -1 0 0 0 0 0 0 0 0 0 0 

4 5 1 8 9 6 9 2 5 10 1 9 8 4 5 6 5 5 5 2 1 9 4 8 1 8 10 9 10 8 3 2 9 4 6 1 5 8 3 4 9 7 5 8 7 1 9 7 5 10 