20 40
0 1 0 0 -1 1 1 0 0 0 0 0 0 0 0 0 0 0 0 0 0 0 1 0 0 0 0 0 0 0 1 0 -1 0 0 0 0 0 0 -1 
0 -1 0 0 0 0 -1 -1 0 0 0 0 0 0 0 0 -1 1 0 0 0 0 -1 0 0 0 0 0 -1 0 1 1 0 0 0 0 -1 0 0 0 
0 0 0 0 0 0 0 1 0 1 0 0 0 0 0 0 1 1 0 0 0 0 0 0 0 0 0 0 0 -1 -1 0 0 0 1 1 1 0 0 0 
1 0 1 0 0 0 0 0 0 0 0 -1 0 0 0 0 0 0 0 -1 0 0 0 0 1 0 0 0 0 0 0 1 0 1 -1 1 0 0 0 0 
-1 0 0 0 0 0 0 0 0 0 0 0 0 -1 0 -1 0 0 0 0 0 0 0 0 0 0 0 0 0 1 0 0 0 -1 -1 0 0 0 0 -1 
0 0 0 0 0 0 0 1 0 -1 -1 0 0 -1 0 0 0 0 1 0 0 0 0 0 0 0 0 0 0 0 -1 1 0 0 0 0 0 0 0 0 
0 0 0 0 0 0 0 0 1 1 0 -1 0 0 0 0 0 0 0 0 0 1 1 0 0 0 0 0 0 0 0 0 0 0 0 0 0 0 -1 0 
0 0 1 1 0 0 0 0 0 0 0 0 0 0 0 0 1 0 -1 -1 0 0 0 0 0 0 0 0 0 1 0 0 0 1 0 0 1 0 -1 0 
0 1 0 0 0 -1 -1 0 0 -1 -1 0 0 0 0 0 0 0 0 0 0 0 0 0 0 0 0 0 1 0 0 0 1 0 -1 -1 0 0 1 0 
0 0 0 0 0 -1 0 0 0 0 0 1 0 0 0 0 0 0 0 0 0 0 0 0 0 0 0 0 0 0 0 0 0 0 0 0 0 0 0 0 
1 0 0 0 0 0 1 0 0 0 0 1 1 0 0 -1 0 0 0 0 0 0 0 0 0 0 0 -1 0 0 0 0 0 -1 0 0 0 0 1 -1 
0 0 1 0 -1 0 0 0 1 1 0 0 0 0 0 0 0 0 0 0 0 0 -1 0 -1 0 0 0 0 0 0 0 0 0 0 0 0 0 0 -1 
0 1 0 0 1 1 -1 0 0 0 0 0 0 0 0 0 0 0 0 0 0 0 0 0 0 0 -1 -1 0 -1 -1 0 0 0 0 0 1 1 0 0 
-1 1 0 0 0 0 0 1 0 0 0 0 0 0 0 0 0 0 0 0 0 1 0 0 -1 0 0 0 0 0 0 0 0 0 0 0 0 0 1 1 
0 1 0 0 0 0 -1 0 0 0 1 0 0 0 0 -1 0 1 0 0 0 0 0 0 0 0 0 0 -1 0 0 0 0 0 0 0 0 0 0 0 
0 0 0 0 -1 -1 0 0 0 1 0 0 0 0 0 -1 0 1 0 0 1 -1 0 0 0 -1 -1 0 0 0 0 0 0 1 0 0 0 1 0 -1 
1 0 0 0 0 0 0 0 0 -1 -1 0 0 1 0 0 0 0 0 0 0 0 0 0 0 0 -1 0 0 0 0 1 0 0 0 0 0 0 0 0 
1 0 -1 1 0 0 -1 0 0 0 0 1 0 0 -1 0 0 0 0 0 0 0 0 0 0 0 -1 0 0 0 0 0 0 1 -1 -1 0 0 0 0 
0 0 0 1 1 0 0 0 0 1 0 0 -1 0 -1 0 0 0 0 0 0 0 0 0 0 0 0 0 0 0 0 0 0 0 0 0 0 0 0 1 
0 0 0 0 0 1 0 1 0 0 0 0 0 0 0 0 0 0 0 0 0 0 0 0 0 0 0 0 0 0 0 0 0 0 0 0 0 0 0 1 

2 3 4 3 9 3 3 4 10 7 6 7 6 2 4 1 1 6 5 7 