20 40
1 0 0 0 0 0 0 0 0 0 -1 0 0 0 -1 -1 0 0 0 0 0 0 1 0 0 -1 0 -1 0 0 0 0 -1 1 0 0 -1 0 0 0 
0 0 0 0 -1 0 1 0 0 0 0 0 0 0 1 0 0 0 0 0 0 0 0 0 0 0 0 0 1 0 0 0 0 0 0 0 0 -1 0 -1 
0 0 0 0 0 0 0 -1 0 0 0 1 0 1 0 0 0 0 0 0 0 0 1 -1 0 1 0 1 -1 -1 0 0 0 0 0 0 0 0 0 0 
0 0 1 0 0 1 -1 0 0 0 0 0 0 0 0 0 0 -1 0 0 1 1 0 0 0 -1 0 0 1 0 0 0 0 0 0 0 0 0 0 0 
0 0 0 0 0 0 0 0 0 0 0 0 0 0 0 0 0 0 -1 0 0 0 0 0 0 1 0 0 0 0 1 0 0 -1 0 -1 0 0 0 0 
0 0 0 0 0 0 0 0 0 0 -1 1 1 0 0 0 0 1 1 -1 1 0 0 0 0 1 0 0 0 1 0 0 1 0 0 0 0 0 0 0 
0 0 0 0 0 0 0 0 0 1 0 0 0 0 0 0 -1 -1 1 0 0 0 0 0 0 0 0 -1 1 0 0 0 0 0 1 0 0 0 -1 0 
0 0 0 0 0 0 0 0 0 0 1 0 0 0 0 0 0 -1 0 0 0 0 0 0 0 1 0 0 0 0 0 0 0 0 0 0 1 0 0 0 
0 0 0 0 0 0 0 -1 0 0 0 0 0 0 0 -1 0 0 0 0 0 0 0 0 -1 1 0 0 0 -1 0 1 0 0 0 0 0 0 0 0 
0 0 0 0 0 0 0 0 0 0 0 0 0 0 0 0 0 0 0 0 0 -1 0 0 0 0 -1 0 0 0 0 0 0 0 0 -1 0 0 0 0 
0 0 0 0 0 1 1 0 -1 0 0 0 0 0 0 0 0 0 0 0 0 0 0 0 0 0 -1 1 0 0 0 0 0 0 0 0 0 1 1 0 
1 0 0 0 0 -1 0 0 0 0 1 0 0 0 0 -1 0 0 0 0 0 0 0 -1 -1 0 0 1 0 0 0 0 1 0 0 0 1 0 0 0 
-1 0 0 0 0 0 0 0 0 0 -1 0 0 0 0 0 1 -1 1 0 0 0 0 0 0 0 0 0 0 0 -1 0 0 0 0 0 0 0 0 -1 
0 -1 0 0 0 0 0 -1 0 0 0 0 0 0 0 0 0 0 0 0 0 0 0 0 1 0 0 0 0 0 -1 0 0 0 0 0 0 0 0 0 
1 0 0 0 0 0 1 0 0 0 -1 0 1 0 0 0 -1 -1 0 0 0 0 1 -1 0 0 1 0 0 0 0 0 0 1 0 1 0 0 0 -1 
0 0 -1 0 0 1 0 0 0 0 0 0 0 0 0 0 0 0 0 -1 0 0 0 0 0 0 -1 0 0 0 1 0 0 -1 0 0 0 0 0 1 
0 0 0 0 0 0 -1 0 0 -1 -1 0 -1 0 0 0 0 0 0 0 0 0 0 0 0 0 0 0 0 0 0 0 0 0 1 0 -1 0 0 0 
0 0 1 0 0 0 0 0 -1 0 0 -1 0 0 0 0 0 0 0 -1 0 1 -1 -1 0 0 0 -1 -1 0 0 0 0 0 0 0 0 0 1 0 
0 1 0 0 -1 0 0 0 -1 -1 0 0 0 0 0 0 0 0 0 0 0 0 0 0 0 0 0 0 0 0 0 0 -1 0 0 0 0 0 0 0 
0 0 0 0 1 0 -1 0 0 0 0 0 0 0 0 0 0 0 0 0 0 0 1 0 0 0 -1 0 0 0 0 0 0 0 0 1 0 0 0 1 

4 7 8 6 10 4 10 7 4 1 8 4 2 5 4 3 8 4 6 2 