20 40
0 0 0 0 0 0 0 -1 1 0 0 0 0 0 -1 0 -1 0 0 0 0 0 0 0 0 -1 0 -1 1 0 0 -1 0 0 0 0 0 0 0 0 
0 0 1 0 0 0 0 0 0 0 0 0 0 0 0 0 0 0 0 0 -1 0 0 0 0 0 0 0 0 0 0 0 0 0 0 0 1 0 -1 0 
1 0 0 0 0 0 0 -1 0 0 0 0 1 0 0 -1 0 0 0 0 0 0 0 0 0 0 0 1 0 0 0 0 1 0 0 0 0 0 -1 0 
0 0 0 0 0 0 0 0 0 0 0 0 0 0 0 -1 0 0 0 0 0 -1 0 0 0 0 0 0 -1 0 0 0 1 0 0 0 0 -1 0 0 
0 0 0 0 -1 0 -1 0 0 1 0 1 0 -1 0 0 0 0 0 0 0 0 1 0 1 0 0 0 0 0 0 0 0 0 0 1 0 0 0 0 
0 1 -1 0 0 0 0 0 -1 0 0 0 0 0 0 0 0 0 0 1 1 1 -1 1 0 0 0 0 0 0 0 0 0 1 0 0 0 0 0 -1 
0 0 0 0 0 0 0 0 0 1 0 0 0 0 0 0 0 0 0 0 0 0 -1 1 1 0 1 0 0 0 0 1 0 0 0 -1 0 0 0 0 
0 0 0 0 0 0 0 0 0 1 0 0 -1 0 0 1 0 -1 0 0 0 0 0 1 0 0 0 0 0 0 0 0 0 0 0 0 0 0 0 0 
0 0 1 0 0 0 0 0 -1 -1 0 0 -1 0 0 0 0 0 1 0 0 0 0 0 0 0 0 0 0 1 -1 0 0 0 1 1 0 0 1 -1 
0 0 1 0 0 0 0 0 0 0 0 0 0 0 0 -1 0 0 0 0 -1 0 -1 0 0 0 -1 0 -1 0 1 0 0 0 0 0 0 0 0 -1 
0 1 0 0 0 0 0 0 0 0 0 -1 0 1 1 0 1 1 0 0 -1 0 0 0 0 0 0 1 0 0 0 0 0 0 0 0 0 0 1 -1 
0 0 1 -1 0 0 -1 0 1 0 1 0 0 0 0 0 0 1 0 0 0 0 0 0 -1 0 0 0 0 0 0 0 0 -1 0 0 0 0 1 1 
0 0 -1 0 -1 0 0 1 0 0 1 0 0 1 1 1 0 1 0 0 0 0 0 0 0 0 0 1 0 0 1 0 0 0 0 1 0 0 -1 -1 
1 0 1 0 0 -1 0 0 0 0 0 0 0 0 0 1 0 0 0 0 1 0 0 0 -1 0 1 0 -1 0 0 -1 0 0 0 0 0 0 0 0 
0 0 0 0 1 0 0 1 0 0 0 0 0 1 0 0 0 1 0 0 0 0 1 1 1 0 0 0 0 0 0 0 0 0 0 0 0 0 0 0 
0 0 0 0 0 0 0 -1 0 0 0 0 -1 0 0 1 0 0 0 0 0 0 0 1 1 0 0 1 -1 0 0 0 0 1 0 1 0 0 0 0 
0 0 0 0 0 0 0 0 0 0 0 -1 0 0 0 1 0 0 -1 0 -1 -1 0 0 1 0 0 0 0 0 -1 1 0 0 0 0 0 -1 0 1 
0 0 0 1 0 0 0 1 0 0 0 0 0 0 0 0 -1 0 0 0 1 0 0 0 0 0 -1 0 -1 0 0 0 0 0 0 0 0 0 0 0 
0 0 0 0 0 0 0 0 0 0 0 0 0 1 0 1 0 0 0 0 0 0 0 0 0 0 0 0 0 0 0 0 0 1 0 0 0 0 0 0 
0 0 0 0 0 0 0 0 0 0 0 0 1 0 0 0 1 -1 0 0 0 0 -1 0 0 0 0 0 0 0 0 -1 1 0 -1 0 1 0 0 0 

1 4 8 1 8 4 5 3 7 3 7 4 1 8 5 1 5 9 5 6 