10 30
0 0 0 0 -1 0 0 0 0 0 0 0 1 0 0 0 0 0 0 0 0 1 -1 0 1 1 0 0 0 0 
0 0 0 0 0 0 0 0 0 0 0 -1 0 -1 0 0 0 0 0 0 0 0 0 0 0 0 0 1 0 0 
1 0 0 0 1 0 -1 0 0 0 0 0 -1 0 1 0 -1 0 0 0 0 0 0 -1 0 0 0 0 0 0 
0 0 0 0 0 1 0 0 1 0 0 1 0 0 0 0 0 0 -1 0 0 0 1 0 0 0 0 0 0 0 
0 0 -1 0 0 0 0 0 0 0 0 0 0 0 0 -1 0 0 0 1 0 0 0 1 -1 -1 0 0 0 1 
0 0 0 0 0 0 0 0 0 -1 1 0 0 0 0 0 0 0 1 0 0 -1 0 0 0 0 0 0 0 0 
0 0 1 0 0 0 0 1 0 0 0 0 0 0 0 0 0 -1 0 0 0 0 0 0 0 0 0 0 0 0 
0 1 0 0 0 0 0 0 0 0 -1 0 0 0 0 0 1 0 0 0 1 0 0 0 0 0 0 0 0 -1 
-1 -1 0 -1 0 -1 0 0 0 1 0 0 0 0 0 0 0 0 0 0 -1 0 0 0 0 0 0 -1 0 0 
0 0 0 0 0 0 0 -1 0 0 0 0 0 1 -1 1 0 0 0 0 0 0 0 0 0 0 1 0 1 0 
3 9 9 9 9 6 5 2 3 7 6 2 7 7 3 