10 30
0 0 0 0 0 1 0 0 0 0 0 0 0 0 1 0 0 1 0 0 0 1 1 0 0 0 0 0 0 0 
0 0 -1 0 0 -1 0 1 -1 0 0 0 0 -1 0 0 0 0 0 0 0 0 0 0 0 1 0 0 -1 0 
0 0 0 0 0 0 -1 0 0 0 0 0 0 0 0 0 0 -1 1 0 0 0 -1 0 -1 0 0 0 0 0 
0 -1 0 0 0 0 0 0 1 0 0 1 0 1 0 0 0 0 0 1 0 0 0 0 0 0 0 -1 0 0 
0 0 0 0 -1 0 1 0 0 1 0 0 1 0 0 1 0 0 0 0 -1 0 0 0 0 0 0 0 0 0 
1 0 0 -1 0 0 0 0 0 0 0 0 -1 0 0 0 0 0 -1 0 0 0 0 1 0 0 1 0 1 -1 
0 0 1 0 0 0 0 -1 0 0 0 0 0 0 0 0 0 0 0 0 0 0 0 0 1 0 -1 1 0 0 
0 1 0 0 1 0 0 0 0 0 0 0 0 0 0 0 0 0 0 0 0 0 0 0 0 -1 0 0 0 0 
0 0 0 0 0 0 0 0 0 0 0 -1 0 0 0 -1 0 0 0 0 1 -1 0 0 0 0 0 0 0 1 
-1 0 0 1 0 0 0 0 0 -1 1 0 0 0 -1 0 -1 0 0 0 0 0 0 -1 0 0 0 0 0 0 
5 5 9 2 9 1 6 2 5 1 1 9 4 7 3 