10 30
0 1 0 0 0 -1 0 0 0 -1 0 0 0 0 0 -1 0 0 0 0 0 0 0 0 0 -1 0 0 0 0 
-1 0 1 0 0 0 0 0 1 0 1 0 1 0 0 0 0 0 0 1 0 0 0 0 0 0 0 0 0 0 
1 0 0 0 0 0 0 0 0 1 0 0 0 1 0 0 0 0 0 0 0 0 0 0 0 0 0 0 0 0 
0 0 -1 0 1 0 -1 1 0 0 0 0 0 0 0 0 0 0 0 0 0 0 0 0 0 0 0 0 0 1 
0 0 0 0 0 0 0 0 -1 0 0 0 -1 0 0 0 0 0 0 0 0 0 -1 0 -1 0 0 0 0 0 
0 0 0 0 0 0 0 0 0 0 -1 0 0 0 1 0 0 0 1 0 -1 -1 0 0 0 0 0 0 0 0 
0 0 0 0 -1 0 1 -1 0 0 0 -1 0 0 0 0 1 0 0 0 0 0 0 1 0 1 1 0 -1 -1 
0 0 0 1 0 0 0 0 0 0 0 1 0 0 0 0 -1 -1 -1 -1 0 1 0 0 0 0 0 0 0 0 
0 -1 0 0 0 1 0 0 0 0 0 0 0 -1 0 0 0 0 0 0 0 0 1 -1 0 0 -1 -1 0 0 
0 0 0 0 0 0 0 0 0 0 0 0 0 0 0 0 0 0 0 0 0 0 0 0 1 0 0 1 0 0 
3 8 7 9 2 7 10 7 7 3 10 4 9 2 3 