10 30
0 -1 1 0 0 0 0 0 0 0 1 1 0 -1 0 0 0 0 0 0 1 0 0 1 0 1 0 0 1 0 
0 0 0 1 0 -1 0 0 0 0 0 0 0 0 -1 0 0 0 0 0 0 0 0 0 0 0 0 0 0 -1 
0 0 0 -1 0 0 0 0 0 0 0 0 -1 0 0 0 0 0 1 0 -1 0 0 0 0 0 0 1 0 0 
0 0 0 0 -1 0 0 0 0 0 0 0 0 0 0 -1 0 0 0 0 0 0 0 0 -1 0 0 0 0 0 
0 0 0 0 1 0 0 0 0 0 0 0 1 0 0 0 0 0 0 0 0 -1 0 0 0 0 0 0 0 0 
1 0 0 0 0 0 1 0 -1 0 0 0 0 0 0 0 0 0 0 0 0 0 0 0 0 0 0 0 0 0 
0 0 0 0 0 0 0 -1 0 1 -1 0 0 1 1 1 0 -1 0 -1 0 0 0 0 0 0 0 0 0 0 
-1 0 0 0 0 0 0 0 0 0 0 -1 0 0 0 0 -1 0 0 0 0 0 1 0 0 0 1 -1 0 0 
0 0 0 0 0 0 0 1 0 0 0 0 0 0 0 0 1 1 -1 1 0 0 0 -1 1 -1 -1 0 0 0 
0 1 0 0 0 1 0 0 1 0 0 0 0 0 0 0 0 0 0 0 0 0 -1 0 0 0 0 0 -1 0 
9 9 2 5 4 2 4 1 4 4 7 3 6 6 10 