10 30
0 0 0 0 0 0 0 0 0 0 0 1 0 0 0 -1 -1 0 0 0 0 0 0 0 0 0 0 0 0 1 
0 1 0 0 0 0 0 0 -1 0 0 0 0 -1 0 0 0 0 0 0 1 0 0 0 1 0 0 0 0 -1 
0 0 0 0 0 1 0 0 0 0 0 0 0 0 0 1 0 -1 0 0 0 0 -1 0 -1 0 0 1 0 0 
0 0 -1 0 0 0 0 0 0 -1 0 0 1 0 0 0 0 0 0 -1 0 1 0 0 0 0 0 0 0 0 
0 -1 0 0 1 0 1 0 0 0 0 0 0 0 0 0 0 0 0 0 0 0 0 1 0 0 0 0 0 0 
0 0 0 0 0 0 0 0 0 0 0 0 -1 0 0 0 0 0 0 0 0 0 0 -1 0 0 0 0 0 0 
0 0 0 0 0 0 -1 0 0 0 0 0 0 0 0 0 0 0 0 1 0 0 1 0 0 0 0 0 0 0 
1 0 0 0 -1 -1 0 1 0 0 1 0 0 1 0 0 0 0 0 0 0 -1 0 0 0 1 0 0 0 0 
0 0 1 -1 0 0 0 -1 1 0 0 -1 0 0 1 0 0 0 -1 0 0 0 0 0 0 0 -1 -1 0 0 
-1 0 0 1 0 0 0 0 0 1 0 0 0 0 -1 0 0 1 1 0 -1 0 0 0 0 0 0 0 -1 0 
8 8 2 5 10 6 8 9 2 1 1 10 4 3 10 