10 30
0 1 1 0 0 0 0 0 0 0 0 0 1 0 0 -1 0 1 0 1 0 0 0 0 0 0 0 0 0 1 
-1 0 -1 0 0 0 0 -1 0 0 0 0 0 0 1 0 0 -1 1 0 0 0 0 0 0 1 0 -1 0 0 
0 -1 0 1 0 0 0 0 0 -1 0 0 0 1 0 0 0 0 0 0 0 0 0 0 0 0 -1 0 0 0 
1 0 0 0 -1 1 0 0 0 0 1 0 0 0 0 0 0 0 0 0 -1 0 0 1 0 0 0 1 0 0 
0 0 0 0 0 0 0 0 0 1 0 1 -1 0 -1 0 0 0 0 0 0 1 0 0 0 0 0 0 0 0 
0 0 0 0 1 0 0 0 0 0 -1 0 0 0 0 0 0 0 0 0 0 0 0 0 1 0 1 0 0 0 
0 0 0 0 0 0 1 1 0 0 0 0 0 -1 0 0 -1 0 0 0 0 0 0 0 0 0 0 0 -1 0 
0 0 0 0 0 0 0 0 0 0 0 0 0 0 0 0 0 0 0 0 0 0 -1 0 0 0 0 0 0 -1 
0 0 0 0 0 0 0 0 -1 0 0 -1 0 0 0 0 0 0 0 0 0 0 1 0 0 0 0 0 0 0 
0 0 0 0 0 -1 0 0 1 0 0 0 0 0 0 1 1 0 -1 -1 0 0 0 0 0 0 0 0 1 0 
3 4 4 3 7 2 10 2 1 8 3 7 7 8 4 