20 40
0 0 0 5 0 0 0 0 0 0 0 0 0 0 0 0 0 0 0 0 0 -6 0 0 0 0 0 0 -3 0 0 0 0 2 0 0 0 0 0 0 
0 0 6 0 0 2 0 0 0 0 0 0 0 0 0 0 0 0 4 0 0 0 0 0 0 0 0 0 0 0 0 0 -8 0 0 4 0 0 0 0 
0 0 6 0 0 0 4 0 0 0 0 0 0 3 0 0 0 0 0 0 0 0 0 0 0 0 9 0 0 0 0 0 0 1 0 -10 10 0 0 0 
0 0 0 0 0 0 0 0 0 0 0 0 0 3 0 0 -8 0 -9 8 0 0 0 10 0 0 5 0 -2 0 0 0 0 0 0 7 0 0 0 -5 
0 0 0 0 0 0 0 0 0 0 0 0 0 0 0 0 0 0 0 10 0 0 0 0 0 0 0 0 0 0 0 0 0 0 0 0 -3 0 0 7 
0 0 0 0 0 0 0 0 0 0 0 0 0 0 -3 0 0 0 0 0 9 7 0 0 0 0 0 0 0 7 0 0 0 0 0 0 0 0 0 0 
0 0 -1 0 -4 0 0 0 -6 0 0 0 3 0 0 0 0 0 4 0 0 -8 0 0 0 0 0 2 0 0 0 0 7 0 0 0 0 0 0 0 
6 0 0 3 0 0 9 0 0 0 0 0 0 0 4 0 0 -2 0 0 0 0 0 0 5 0 0 0 -8 0 0 0 8 0 0 8 0 0 0 0 
0 0 0 0 0 -8 0 9 0 0 0 1 0 0 0 0 0 -10 0 0 0 0 0 0 0 2 0 0 0 0 0 0 0 0 -9 0 0 0 0 -9 
0 0 0 0 0 0 0 0 0 0 0 0 1 0 0 5 0 0 0 0 0 -6 0 -7 0 0 0 2 0 0 -9 -9 0 0 0 9 0 -1 0 0 
0 0 0 0 0 10 0 0 6 0 0 0 0 -7 0 0 -7 -9 0 0 1 0 0 0 0 1 -4 0 0 0 0 0 0 0 0 7 0 0 -6 0 
0 5 0 0 0 0 0 0 8 -8 0 0 0 6 0 0 0 0 0 0 0 0 5 0 5 0 0 0 0 0 0 0 -3 0 0 3 -4 0 0 0 
-2 0 0 0 1 -10 0 0 0 -1 -8 0 0 0 0 0 0 0 0 0 0 0 7 0 5 0 0 -6 -6 0 0 0 5 0 0 6 0 0 -2 0 
0 0 0 0 0 0 0 -5 0 0 0 -5 6 0 2 0 5 0 0 0 0 0 0 -4 0 0 0 0 0 0 0 0 0 0 2 0 0 0 0 0 
-4 -4 0 -2 0 0 0 0 6 0 0 0 8 0 1 0 0 0 3 0 0 0 0 0 0 0 0 0 0 0 0 0 0 0 0 0 -9 0 0 8 
0 0 0 0 -4 0 8 -7 0 0 -4 0 0 0 0 0 -9 0 0 0 0 0 0 0 -1 0 0 0 -7 0 0 0 0 0 0 0 0 0 0 0 
9 0 0 -9 0 0 0 0 0 0 0 0 0 0 10 0 2 0 0 0 9 0 0 0 0 0 0 -6 0 0 -9 0 0 0 -9 0 0 0 0 0 
6 0 0 0 -6 0 0 0 -10 0 0 -7 0 0 0 0 -3 0 0 0 0 2 0 0 6 0 0 0 0 -4 0 0 -8 -6 0 0 0 0 0 6 
0 0 0 -10 0 9 0 0 0 0 0 0 0 0 6 0 0 0 0 0 0 -4 0 5 0 0 10 0 0 -4 0 -6 0 0 0 5 0 0 0 0 
-7 -4 0 -7 0 5 0 0 0 0 -5 0 8 0 0 0 -2 0 0 0 0 0 0 0 0 1 0 -1 0 0 -4 0 0 0 0 5 0 0 0 0 

8 10 5 9 1 4 1 8 7 7 5 6 9 7 4 6 4 6 8 9 