10 30
1 0 0 0 0 0 0 0 0 0 0 0 0 0 0 0 0 0 0 0 0 0 0 1 0 0 1 0 0 0 
0 0 0 0 0 0 0 0 0 0 1 0 0 0 1 0 0 0 0 0 0 0 0 0 1 0 -1 0 0 1 
-1 -1 -1 0 0 1 0 0 1 1 0 0 -1 0 0 0 0 -1 0 0 0 1 0 0 0 0 0 0 1 0 
0 0 0 0 0 0 0 -1 0 0 0 0 0 0 0 0 0 0 0 0 0 -1 0 0 0 0 0 0 0 0 
0 0 0 1 0 0 0 0 -1 0 -1 0 0 1 0 -1 0 0 0 -1 0 0 0 0 0 0 0 0 0 0 
0 0 0 0 0 0 0 1 0 0 0 0 0 0 0 0 0 0 -1 1 0 0 0 0 0 -1 0 0 0 0 
0 0 0 0 0 0 0 0 0 0 0 0 0 0 0 0 -1 0 0 0 1 0 1 0 -1 0 0 1 0 0 
0 1 0 -1 1 0 0 0 0 0 0 1 0 0 0 1 0 0 1 0 0 0 0 -1 0 1 0 0 0 0 
0 0 1 0 0 -1 1 0 0 -1 0 -1 0 -1 0 0 0 0 0 0 0 0 -1 0 0 0 0 -1 -1 0 
0 0 0 0 -1 0 -1 0 0 0 0 0 1 0 -1 0 1 1 0 0 -1 0 0 0 0 0 0 0 0 -1 
3 1 3 10 3 7 8 8 6 5 6 7 4 1 9 