20 40
0 0 0 0 0 0 0 -2 0 2 -2 0 1 0 0 0 0 0 0 0 0 -2 0 0 -1 0 0 0 0 2 0 0 0 0 0 0 0 2 1 0 
0 0 0 0 0 0 0 0 0 0 0 0 1 -1 0 0 0 0 0 0 0 0 0 0 -2 0 0 0 0 0 0 0 0 -2 0 -2 0 0 1 0 
1 -1 2 0 0 0 0 0 0 0 2 0 0 0 0 -2 2 2 0 0 0 0 0 0 0 0 -2 0 0 0 0 0 0 0 0 0 0 0 -1 0 
0 0 0 -1 1 0 0 0 0 0 0 0 -2 -2 2 0 0 0 0 0 -1 0 0 -2 -1 0 0 0 0 -2 0 0 0 0 -2 0 0 0 0 0 
0 0 -2 0 0 0 0 0 0 0 0 0 -1 0 0 -2 1 0 0 0 0 0 0 1 0 0 0 0 0 -1 0 0 0 0 0 0 0 0 2 0 
2 -1 0 0 0 0 0 0 0 0 -2 0 0 1 0 0 0 0 0 -1 0 0 -1 0 0 0 0 -2 -2 2 0 0 0 0 0 0 0 0 -1 0 
0 2 1 0 0 0 0 0 0 -1 2 0 0 0 0 -2 0 0 0 -1 0 0 0 -1 0 -2 0 0 0 0 0 -2 0 0 0 0 0 0 0 -2 
0 -1 -1 0 0 1 0 0 0 1 0 0 0 0 0 0 0 1 0 0 0 0 -2 0 0 0 0 0 0 0 0 0 -1 0 0 -2 0 0 0 0 
0 -2 -1 0 0 0 -2 0 2 2 0 0 0 0 0 0 0 0 1 0 0 -1 0 1 0 0 0 0 0 2 0 0 0 0 0 -2 0 0 -1 0 
0 -2 0 0 0 0 0 0 0 0 1 0 0 0 0 0 0 0 0 0 0 0 0 0 0 0 -2 0 0 1 0 0 2 0 1 0 0 0 1 0 
-2 0 2 0 1 0 0 0 0 0 0 0 0 0 0 0 0 1 0 1 0 -2 0 0 0 0 1 0 0 0 0 1 0 0 0 0 2 0 0 0 
1 0 0 0 0 0 -1 0 0 0 0 0 0 0 0 0 0 -1 0 -1 0 0 0 0 0 0 0 0 0 0 0 0 0 -1 0 0 0 0 2 0 
0 0 0 1 1 0 0 0 0 -1 0 0 0 0 -1 0 0 -1 0 0 0 0 0 2 0 0 0 0 0 0 0 0 2 0 0 0 0 0 0 0 
0 0 0 0 0 0 0 0 0 -2 0 0 0 0 0 0 0 0 0 2 0 0 -2 0 0 0 0 0 -2 0 0 0 2 0 0 0 0 0 0 0 
0 0 -2 0 1 -1 0 1 0 0 1 0 0 1 0 0 0 0 0 0 0 0 0 0 2 -2 0 -2 0 0 0 0 0 0 2 0 0 0 -1 0 
0 0 0 1 0 0 1 -2 0 0 0 0 0 1 0 0 0 0 -1 0 -1 0 2 0 0 0 0 -2 -1 0 0 0 0 0 0 -1 0 0 0 -2 
-1 0 0 0 0 0 -1 -1 0 0 0 0 0 2 0 0 0 0 0 2 0 0 0 0 0 0 0 0 0 0 0 0 0 0 0 0 0 0 0 0 
0 0 0 0 0 0 0 0 0 0 0 0 0 0 0 0 0 0 0 0 0 0 1 0 -2 0 0 0 0 0 0 0 0 0 0 0 -1 0 0 0 
0 1 0 0 0 0 0 0 0 1 0 0 0 0 0 0 0 0 0 0 0 0 0 0 0 0 0 0 0 0 -2 0 0 0 0 0 0 0 1 1 
0 0 -1 0 2 0 2 0 0 0 0 0 0 0 0 0 0 0 2 0 0 0 0 2 0 0 0 0 0 0 0 2 -1 0 0 0 -1 0 0 0 

2 8 5 1 5 2 8 1 2 7 4 1 9 8 9 9 6 4 5 5 