50 100
0 2 0 0 0 0 0 0 0 0 -1 0 0 0 0 0 0 0 0 0 2 0 0 0 0 0 0 -1 0 0 0 0 1 0 2 0 0 -2 1 0 0 0 0 0 2 0 2 0 0 0 0 0 0 0 0 1 0 0 0 -2 0 0 0 0 0 -2 0 0 0 0 0 -1 0 0 0 0 0 0 2 0 0 0 0 0 0 0 0 0 0 -1 0 0 0 0 1 -2 0 0 0 0 
0 0 0 0 0 0 -1 0 0 0 0 0 0 0 -2 1 0 0 -1 0 0 0 0 1 0 0 -1 0 0 1 0 0 0 0 0 0 0 0 -2 0 2 0 0 0 0 2 0 0 0 0 0 0 1 0 0 0 0 0 0 0 0 0 1 0 0 0 -2 0 0 -2 -2 0 0 2 0 0 0 0 2 0 0 0 0 0 0 0 0 -2 0 0 0 0 0 0 0 0 0 0 2 0 
0 2 0 1 0 0 -1 0 0 0 -2 0 0 -2 0 0 0 0 2 0 0 0 0 0 0 0 0 0 0 0 -1 0 0 0 0 0 0 2 2 0 0 0 -2 0 0 0 0 0 0 0 0 -2 0 0 0 0 0 0 0 1 2 0 2 0 -1 -2 -2 2 1 0 0 0 0 0 1 0 0 -2 0 1 0 0 -2 0 2 0 1 0 0 0 0 0 0 0 0 0 0 0 0 -2 
0 0 -1 0 0 0 -2 -2 0 0 0 0 0 0 2 0 0 0 0 0 0 0 0 0 -1 2 0 0 0 0 0 0 0 0 2 0 0 0 0 0 0 1 0 0 0 0 2 0 0 0 0 0 0 0 0 0 0 0 0 0 0 0 1 0 0 0 2 0 -2 2 1 0 0 0 0 0 0 0 -2 0 0 0 0 0 2 0 0 0 0 0 -2 2 0 -1 0 0 -2 0 0 0 
0 0 0 0 0 0 0 1 0 0 0 0 0 0 0 0 0 1 0 2 1 0 0 -1 -1 0 0 0 0 0 0 0 0 0 0 -1 0 0 0 0 0 1 0 0 0 0 0 0 0 0 0 -2 -1 0 0 0 0 0 0 0 0 0 2 0 2 0 0 0 0 0 0 1 0 0 0 0 0 0 0 2 0 0 1 0 -1 0 0 -1 0 0 0 0 0 0 0 2 0 0 0 0 
0 0 0 0 0 0 0 0 0 0 0 -1 0 -1 0 -2 0 0 0 0 0 -1 0 0 0 2 0 0 0 -1 1 0 0 0 0 0 0 0 0 0 0 0 0 0 0 0 0 0 0 0 0 0 0 0 0 0 0 0 0 0 0 0 0 0 0 0 2 -1 0 0 0 0 0 0 0 0 0 -2 0 0 0 0 2 0 0 0 0 0 0 0 0 0 0 0 0 0 0 -2 0 0 
0 0 0 0 0 -2 0 0 0 0 0 -1 0 0 1 0 0 -2 0 0 2 0 1 2 0 0 -1 0 0 2 0 2 0 0 2 0 0 0 0 1 0 0 0 0 1 0 0 -1 0 0 0 0 0 0 0 0 0 0 0 2 0 0 2 0 0 0 0 0 2 1 0 0 0 2 0 -1 0 0 0 0 0 0 -1 0 2 0 0 0 0 0 0 0 0 0 0 2 0 0 1 0 
2 -2 0 2 0 0 -2 0 0 0 0 1 0 0 0 0 0 2 2 0 0 -2 0 0 0 2 0 0 0 0 0 0 0 1 0 0 0 0 -2 0 -1 0 -1 0 0 0 -1 0 2 0 0 0 0 -1 0 -2 0 0 0 0 0 0 -1 0 -2 0 0 0 2 -1 0 0 0 0 0 0 0 0 0 0 0 0 0 0 0 0 0 0 0 0 0 0 0 0 1 0 0 0 -2 0 
-1 0 -2 0 0 0 0 0 0 0 -2 0 -2 0 0 0 2 0 0 0 0 0 0 -1 0 0 0 0 0 0 0 0 0 0 0 0 -1 0 0 0 0 0 0 0 1 0 0 0 0 0 2 0 0 0 0 0 0 0 0 2 0 0 0 0 0 0 -1 0 0 0 0 0 0 0 -2 2 0 0 0 0 0 0 0 0 0 0 0 0 0 0 0 -2 0 0 0 -2 0 0 0 0 
-2 0 0 0 0 0 0 0 0 0 0 0 0 0 0 0 0 0 0 0 -2 0 0 0 2 2 0 0 2 0 0 1 0 0 0 -2 0 -2 0 0 0 0 0 0 0 0 1 0 0 0 0 1 -2 0 0 0 0 0 -1 0 0 0 0 0 2 -1 0 0 -2 0 0 0 0 0 1 0 0 0 0 0 0 0 0 0 0 0 -2 0 0 0 0 0 0 0 -1 0 2 0 0 0 
0 0 0 0 0 0 0 0 0 0 0 0 0 0 0 0 0 0 -1 0 0 0 0 1 0 0 -2 -1 2 0 0 0 0 0 2 0 0 0 0 0 0 0 0 0 2 0 0 0 0 1 -1 0 0 0 0 0 0 0 0 0 0 0 0 -2 0 0 2 0 0 0 2 0 0 0 0 0 0 0 0 0 2 0 0 1 -2 0 0 1 0 0 0 0 0 2 0 0 0 0 0 0 
-2 0 0 -2 -2 0 2 0 -1 0 0 2 0 2 0 0 0 2 0 0 0 0 0 0 -1 0 -1 0 0 0 0 0 0 0 1 0 2 -2 0 0 0 0 0 0 0 0 0 0 0 0 -1 0 0 0 0 0 -1 0 -2 2 0 -2 0 0 1 0 0 0 0 0 0 0 0 0 1 0 0 0 0 0 -2 0 0 0 0 0 0 0 0 0 0 0 0 0 0 0 0 0 0 0 
0 0 0 0 0 0 0 0 0 0 0 0 0 0 0 0 0 0 0 0 0 0 0 0 1 0 0 0 2 0 0 0 0 0 0 2 0 0 -2 0 0 0 0 0 0 0 0 0 0 0 0 0 0 1 0 0 0 0 0 0 0 0 0 0 0 -2 1 0 0 0 0 0 0 0 0 0 -2 -1 1 0 0 0 0 2 0 0 -1 0 0 0 1 0 0 0 0 0 0 0 1 -2 
0 0 0 0 0 0 0 0 0 0 0 2 0 0 0 1 0 2 0 -2 0 -2 -1 0 0 0 0 0 -1 0 -2 0 0 0 2 0 -1 0 0 0 0 0 0 1 0 0 0 2 0 0 0 -1 0 0 -2 0 0 0 0 0 1 0 0 0 1 0 2 0 0 0 0 1 0 0 0 0 2 0 0 0 0 0 0 1 1 0 0 1 0 0 0 -1 0 0 0 0 0 0 2 -2 
0 0 0 2 -1 0 1 0 0 0 0 0 0 0 0 0 0 0 0 0 1 -2 0 2 0 0 0 0 0 0 0 0 -1 0 0 0 -2 0 0 2 0 0 0 0 0 -2 0 1 0 0 0 0 0 0 0 0 0 -1 0 -2 0 2 0 0 -1 2 0 0 -1 0 -1 0 0 0 0 0 0 0 0 0 1 2 0 0 2 0 0 0 0 0 -2 0 0 0 0 0 0 0 0 0 
0 0 1 0 0 -1 0 0 0 0 0 0 0 0 0 0 0 0 0 0 0 0 -2 0 0 0 0 0 0 0 -1 0 0 0 1 0 1 0 0 0 0 0 0 0 1 0 0 0 0 0 0 0 0 -1 0 0 0 0 0 0 0 0 0 0 1 0 1 0 -2 0 0 0 0 0 0 0 0 2 0 0 0 -1 0 1 0 2 0 -2 0 0 0 0 0 0 0 0 0 1 0 -2 
0 0 0 0 0 0 0 0 0 0 0 -2 0 0 -2 0 0 0 0 0 0 0 -1 0 0 0 1 0 0 0 0 0 0 0 0 -1 1 0 0 0 0 0 0 0 0 0 0 0 0 0 0 0 0 0 0 0 0 0 1 2 0 0 -2 0 0 0 0 0 0 0 0 0 0 0 0 0 0 0 0 0 0 1 -2 0 0 0 0 1 -1 0 0 0 0 0 0 0 0 0 -2 0 
0 0 0 0 2 -1 0 0 0 0 0 0 -2 0 0 0 0 -2 0 0 0 0 1 2 0 -2 0 0 0 -1 0 -2 1 0 0 0 0 0 0 0 0 0 0 0 0 0 0 0 0 0 0 1 0 -2 -1 2 0 1 0 0 0 1 0 -1 0 -2 0 0 0 0 0 0 0 0 0 1 0 0 0 0 0 0 0 0 0 0 0 0 0 0 0 -1 0 0 0 0 0 0 0 0 
0 2 0 0 0 2 0 0 0 0 0 0 0 0 0 -1 0 0 0 0 0 0 0 1 0 0 2 0 0 0 0 0 0 0 0 2 0 0 0 0 0 0 0 0 0 0 0 0 0 1 1 0 0 0 1 0 0 0 0 0 1 0 0 -1 -1 1 0 0 -1 1 0 0 0 0 0 0 -2 0 -2 0 0 0 0 -2 1 0 0 0 -1 0 -1 -2 -1 0 0 2 0 0 0 0 
0 0 0 0 0 0 0 0 0 1 0 0 1 -1 0 0 -1 0 0 0 0 -2 0 0 0 0 -2 0 0 0 0 0 0 0 0 0 0 0 0 0 0 0 0 2 0 2 0 0 0 0 0 0 0 0 0 0 2 0 0 -1 -1 0 0 2 0 0 2 -2 0 0 0 0 0 0 0 1 -2 -1 0 -1 0 0 -2 0 0 0 0 -2 0 0 0 0 0 0 -1 0 0 -1 0 0 
0 0 0 0 0 0 0 -1 -2 0 0 0 0 0 0 0 0 2 -2 0 0 0 0 0 0 0 1 0 0 0 -2 0 0 0 0 0 0 0 0 0 0 0 0 0 1 0 0 0 0 0 0 0 0 0 0 0 0 0 0 0 0 0 0 1 0 0 0 0 0 0 0 0 0 0 0 -1 0 -1 0 0 0 0 0 -1 0 0 0 2 0 0 0 0 -1 0 0 0 0 0 0 1 
0 0 0 -1 0 0 0 0 0 0 0 0 0 0 0 0 -2 0 0 0 0 0 -2 0 1 0 0 0 0 0 0 0 0 0 0 0 0 0 2 0 0 0 0 0 0 0 -1 0 0 0 2 0 0 0 0 0 0 0 0 0 1 0 0 0 0 0 0 0 0 0 0 0 0 1 0 0 0 -1 0 0 0 2 0 -2 0 0 0 0 0 0 0 0 0 0 0 0 0 -1 0 0 
0 0 0 1 -1 -1 0 0 0 0 0 2 0 0 0 0 1 0 0 0 0 0 -2 0 0 0 0 0 0 -2 1 0 0 0 0 -2 0 0 0 0 0 -1 0 0 -2 0 -1 0 0 0 0 0 0 0 -2 -2 0 -2 0 0 1 0 0 0 0 -1 -1 1 0 0 -1 0 0 0 0 0 0 0 0 0 0 0 0 0 0 0 0 0 0 0 0 -1 0 0 0 0 2 0 0 0 
0 0 0 0 0 0 0 0 0 -2 2 0 0 0 0 0 0 2 0 0 -1 0 0 -1 0 0 0 0 0 0 0 0 0 0 -1 0 0 0 0 0 0 0 0 0 0 0 0 0 0 0 2 0 0 0 0 -1 0 0 0 2 0 0 0 0 0 0 0 0 0 0 2 0 0 0 0 0 0 0 0 0 0 0 0 0 0 0 0 0 0 0 0 0 1 0 0 0 0 0 0 0 
0 1 0 0 0 0 1 0 0 0 0 -2 0 0 0 0 0 0 0 0 0 0 0 0 0 0 0 0 0 0 1 0 0 -1 0 0 0 -1 0 1 -1 0 0 1 0 0 0 0 -1 2 0 0 0 2 0 0 0 -1 0 2 0 0 0 0 2 0 0 0 0 0 0 0 0 1 0 0 0 0 0 0 0 0 0 2 0 0 0 0 0 0 0 0 0 0 0 0 0 0 0 0 
0 1 0 0 -1 0 1 0 0 0 1 -1 0 -2 0 -2 1 0 0 0 0 -1 0 0 -2 0 0 0 1 0 0 0 0 0 0 0 0 0 -2 0 0 0 0 0 0 0 0 0 0 0 0 0 0 0 0 0 0 0 2 0 0 0 0 0 0 0 0 0 0 0 0 0 0 0 -2 0 0 0 0 0 2 -2 0 0 0 -1 0 0 -1 0 0 0 0 0 0 0 0 0 0 -2 
0 -2 0 0 0 0 0 0 0 0 0 0 0 2 -1 0 0 2 0 0 1 0 0 -1 0 0 0 0 -2 0 0 0 0 2 0 0 0 0 0 0 0 0 0 0 0 0 0 0 0 0 -1 0 0 0 0 0 0 0 0 0 0 0 0 0 0 0 0 0 0 0 0 0 -2 0 0 2 0 0 0 0 0 0 0 0 2 1 0 0 0 0 0 0 0 0 0 0 0 0 0 0 
0 0 0 0 0 2 1 0 0 0 0 -1 -2 0 -1 0 0 0 0 0 0 2 0 0 0 2 -2 2 0 0 0 0 0 0 -1 -1 0 0 0 0 0 0 0 0 2 -2 0 0 0 0 0 0 0 0 0 0 0 0 2 0 0 0 0 0 0 0 0 0 0 0 1 0 0 0 0 0 0 0 0 0 0 0 0 0 0 0 0 0 0 0 0 0 0 0 -2 0 0 0 0 0 
0 0 0 0 0 -1 0 -2 0 0 2 1 0 0 0 0 0 0 0 -2 0 0 0 0 -2 1 2 0 0 0 1 0 0 0 0 0 0 0 0 0 -2 1 -1 0 0 0 0 0 0 0 0 1 -2 0 0 0 0 1 1 0 0 0 0 0 0 0 0 -2 0 0 2 0 0 0 0 0 0 0 0 -2 0 0 0 0 0 0 0 0 -1 0 0 0 0 0 0 0 0 0 0 0 
0 0 -2 1 0 0 0 0 0 0 0 0 0 0 0 1 0 0 0 0 0 0 0 0 0 0 1 0 2 0 0 0 0 0 0 0 1 0 1 0 0 0 0 0 0 0 0 0 0 0 0 1 0 0 0 0 0 -2 0 0 0 0 0 -1 0 0 -2 0 0 0 0 2 0 1 0 -1 0 2 0 0 0 0 0 0 0 0 0 0 0 0 0 2 0 0 0 0 0 0 -2 0 
0 0 0 -2 0 0 -1 0 0 -1 0 0 0 0 0 0 0 1 0 0 0 0 0 2 0 0 -1 0 0 0 0 0 2 2 2 0 0 0 0 2 1 0 0 1 0 2 0 0 0 0 0 0 0 0 0 -1 0 -1 0 0 0 0 0 0 0 0 0 0 0 0 1 0 0 0 -2 0 0 0 0 0 0 0 0 0 -2 0 -1 0 -2 0 0 0 0 0 0 0 0 0 0 0 
0 -1 0 0 0 0 0 0 0 1 0 0 0 0 2 1 0 0 0 0 1 0 0 0 0 0 0 0 0 0 0 0 0 0 0 0 0 -1 0 -1 0 0 0 1 0 2 2 -1 0 0 0 0 0 0 0 0 0 0 -1 0 0 0 0 0 2 1 -1 0 -2 0 0 0 1 0 0 0 1 2 0 0 0 0 0 0 0 0 0 0 0 0 0 -2 0 0 0 0 -1 0 0 0 
0 -1 0 0 -2 0 0 0 0 0 0 -1 0 0 0 0 0 0 0 0 0 0 0 0 0 0 -1 0 0 0 0 0 2 0 0 0 0 -1 -1 0 0 0 0 0 0 0 0 0 0 0 0 0 0 0 0 0 0 0 -2 0 0 0 -1 2 0 -2 0 0 0 0 0 0 0 0 0 0 0 -2 0 0 -1 0 0 0 1 0 0 0 0 0 0 0 -2 0 0 -2 0 0 0 0 
0 0 0 0 -2 0 0 0 0 0 0 0 0 0 0 0 0 0 0 0 0 0 0 0 0 2 0 0 0 0 0 0 -2 0 0 0 0 0 0 0 0 1 0 0 1 0 0 0 0 0 0 0 0 0 0 -2 0 0 0 0 0 0 0 0 0 0 0 1 0 0 -2 0 0 0 2 2 0 0 -2 0 0 0 0 -2 0 0 0 0 0 0 0 0 0 0 0 0 0 -2 2 -1 
0 0 2 0 0 0 0 -2 0 0 0 0 1 0 0 0 0 0 2 0 0 0 -1 0 0 0 0 -2 0 0 0 -2 0 2 1 0 -1 0 0 0 0 0 0 0 0 1 0 0 0 0 2 0 0 -1 0 0 0 0 -2 0 0 0 0 0 0 0 0 2 1 0 0 0 0 0 0 0 1 0 0 0 0 0 0 0 -2 0 0 0 -2 0 2 0 0 0 0 0 0 -2 0 0 
0 0 0 0 0 -1 0 0 2 0 0 0 0 0 0 0 0 0 1 0 -2 0 0 0 0 0 0 0 0 0 -1 0 0 0 0 0 0 0 0 0 -2 -2 0 0 0 0 1 0 0 0 0 0 0 0 1 0 -2 0 0 0 0 -2 -2 2 0 0 0 0 0 0 0 0 2 0 -2 0 0 0 -2 0 0 -1 0 0 0 1 0 0 0 0 0 0 -2 1 1 0 0 0 0 0 
-2 0 -1 -1 1 0 0 0 0 0 1 0 0 1 -1 -1 0 -2 0 0 -2 0 0 0 0 0 0 0 0 0 0 0 0 2 -1 0 0 -2 0 0 0 0 0 -1 0 -2 0 0 0 0 0 0 0 0 0 0 0 0 1 0 0 0 0 0 0 1 0 0 0 0 0 0 -2 0 0 0 0 0 0 0 0 0 0 0 0 0 0 1 -1 0 0 -2 0 0 2 0 0 0 0 -1 
0 2 2 0 0 -1 0 0 0 0 0 0 0 0 0 0 0 0 0 0 0 0 0 0 -1 0 0 0 0 0 0 0 2 0 0 0 0 0 -2 0 1 0 -1 -2 0 0 0 0 0 -1 2 0 0 -2 2 0 0 0 1 -1 0 0 0 0 0 0 0 0 0 -1 0 0 0 0 0 0 0 0 0 2 0 1 2 0 0 -2 0 0 0 0 0 1 0 -2 0 -2 0 -2 0 -2 
0 0 0 2 0 -2 0 0 -2 0 0 0 0 0 0 0 0 0 0 -1 0 0 0 0 0 2 -1 0 -1 0 0 0 0 0 0 0 0 1 -1 1 0 0 0 2 0 0 0 0 -1 0 0 0 0 1 0 0 1 0 2 0 0 -2 0 0 0 0 2 2 -1 -2 0 0 0 0 0 0 0 0 0 0 0 0 0 2 0 0 0 -1 2 0 0 0 0 0 0 0 -1 0 0 0 
0 0 0 0 0 -2 2 0 0 0 0 0 0 0 0 0 0 0 0 0 0 0 0 -2 0 0 0 0 0 0 0 0 2 0 0 0 -1 0 0 0 0 -1 -2 0 0 0 -1 0 0 2 0 0 -1 0 -1 1 0 0 0 0 0 0 0 2 0 0 2 1 0 0 0 2 0 0 0 0 1 0 2 0 0 -2 0 0 0 0 0 0 0 0 0 0 0 0 0 0 0 0 0 0 
0 0 0 0 0 2 -2 0 -1 0 0 2 0 0 0 1 0 0 0 1 0 0 0 2 0 0 0 -1 0 0 0 0 0 2 0 0 -1 -2 0 0 0 0 0 1 0 -2 0 0 2 0 0 0 0 0 0 0 0 0 0 0 0 0 0 0 0 0 0 0 0 -2 0 0 2 0 0 0 -1 0 0 -2 0 0 0 0 0 0 0 -1 2 0 0 0 0 0 0 -1 0 0 0 0 
0 0 0 0 0 0 0 0 -1 -1 -1 1 0 0 0 0 2 0 0 1 0 0 0 0 0 -1 0 0 0 0 0 0 0 0 0 0 0 0 0 0 0 0 0 1 -2 0 0 0 0 0 0 0 -2 0 0 0 0 0 0 0 0 0 0 0 0 0 0 0 0 0 0 0 0 0 0 0 0 0 0 0 -2 0 0 0 0 0 0 2 0 0 0 -1 0 0 -1 0 0 0 0 0 
-1 0 0 0 1 0 -2 0 0 0 0 0 -2 0 0 -1 0 0 0 0 0 0 1 0 0 0 -2 1 0 0 0 0 0 2 0 0 0 -2 0 -2 0 0 0 1 0 0 0 0 0 -1 0 0 0 0 -1 0 0 0 0 0 0 0 0 -2 0 0 0 1 0 0 0 0 2 0 1 0 0 0 0 0 0 2 0 -1 0 0 0 0 0 0 0 0 0 0 0 1 0 2 -1 0 
0 0 0 -2 -1 0 0 1 0 0 0 0 0 0 0 0 0 0 0 0 0 0 0 0 -2 -1 0 0 0 0 0 0 0 0 0 0 -2 0 0 0 0 0 0 0 1 0 -2 2 0 0 0 0 0 0 0 0 0 -2 -2 0 0 0 1 0 0 0 0 -1 0 0 0 2 0 0 0 0 0 0 0 0 0 0 0 2 0 -1 0 0 0 0 -2 0 0 0 0 0 -1 0 0 0 
-1 1 0 0 0 0 0 0 0 0 0 1 0 1 0 0 0 0 0 0 0 0 0 0 0 0 0 1 0 0 0 0 0 0 0 0 0 0 0 0 0 0 0 0 0 0 2 0 0 0 0 -1 -1 0 0 1 0 0 0 -2 0 0 0 2 -2 0 -1 0 0 1 0 0 0 0 2 0 0 0 -1 0 -2 0 0 0 0 0 0 0 0 0 0 0 0 -1 2 -2 0 0 0 0 
0 0 0 1 0 0 1 0 0 0 0 0 0 0 2 0 0 0 -2 1 0 0 0 0 0 0 0 1 0 0 0 0 2 0 0 2 0 0 0 0 2 0 0 0 0 0 0 0 0 0 0 -2 -1 0 0 0 0 0 0 -1 0 0 0 0 0 0 0 0 0 0 0 0 0 0 1 0 0 1 0 0 2 2 0 -2 0 0 0 -2 2 1 0 0 1 0 2 1 0 -2 0 0 
0 -2 0 0 0 0 0 -1 -1 0 0 0 1 0 0 0 0 0 0 0 0 0 2 0 0 0 0 1 -2 2 0 -2 0 0 1 0 0 0 1 0 0 -2 0 0 0 1 0 0 -2 0 0 0 0 0 0 2 0 0 0 0 0 0 0 0 0 0 0 0 0 0 0 0 0 0 0 0 0 0 0 1 0 0 0 0 0 0 0 0 0 0 -1 0 -2 0 0 0 0 0 0 0 
0 0 0 0 0 0 0 0 0 0 0 0 1 -1 0 0 0 0 0 0 0 0 1 0 0 0 0 0 0 0 0 0 0 0 0 0 0 0 0 0 0 0 0 -1 -1 -1 0 0 0 0 -2 0 0 0 0 0 0 0 0 0 0 0 0 0 0 0 0 0 -2 0 0 0 1 0 0 0 0 0 0 0 0 0 0 1 0 0 0 -2 0 -2 0 0 0 0 0 2 0 2 1 0 
0 0 0 -1 0 -2 0 0 0 0 -1 0 0 0 -1 -1 0 0 0 -2 -2 1 0 0 0 0 -2 0 0 0 0 0 -2 -2 -2 0 0 0 0 0 0 0 0 -1 2 0 0 0 0 0 -1 0 -1 0 1 0 0 0 0 1 0 0 1 0 0 0 0 0 1 0 0 0 0 0 2 0 0 -1 0 0 0 0 0 0 0 0 0 0 0 0 0 0 0 -2 1 0 -2 0 0 0 
0 0 0 -2 0 0 0 0 0 0 0 0 0 1 0 0 1 1 0 0 0 0 0 0 0 0 1 0 0 0 0 0 0 0 0 0 -1 0 0 0 0 0 0 0 0 0 0 0 -1 0 1 1 -1 0 -2 0 -2 0 0 0 0 0 0 0 0 0 0 0 0 0 0 0 0 0 0 0 0 -2 2 1 0 0 -1 0 0 0 0 1 -2 0 0 2 0 0 2 0 0 0 0 0 

7 7 6 9 10 9 8 3 8 10 1 2 1 2 7 10 6 1 4 5 7 5 4 2 5 9 6 10 9 6 4 7 4 4 8 4 8 9 8 8 9 6 9 8 8 7 5 9 2 2 