50 100
-1 0 0 0 0 0 0 2 0 0 0 0 0 0 0 0 0 0 0 0 0 0 0 0 2 0 0 0 0 0 1 0 0 -2 0 0 0 0 0 0 0 0 0 0 0 0 1 1 2 0 0 0 0 0 -1 -1 0 0 0 1 0 0 0 0 0 0 0 0 0 0 0 -2 0 0 0 0 0 0 0 0 0 0 -1 0 0 0 0 0 0 0 0 0 0 0 0 0 0 0 0 0 
0 0 0 2 0 -1 0 0 -2 0 0 -2 0 0 0 0 0 1 0 0 0 2 0 0 -2 0 0 1 0 0 0 0 0 2 0 0 0 0 0 0 0 -1 0 0 0 0 0 0 0 0 0 0 0 1 0 0 0 -2 -1 0 0 0 0 0 0 -1 0 0 0 2 0 0 0 -1 0 0 1 0 0 0 -1 0 0 0 0 0 0 0 0 -1 0 -2 0 0 0 0 0 1 0 0 
0 0 0 0 2 -1 0 0 0 0 0 0 0 -1 2 0 0 0 0 0 -1 0 0 -2 2 0 0 0 0 2 0 0 0 0 0 0 0 -2 0 -1 0 0 0 2 0 0 0 0 -1 0 0 1 0 0 0 0 0 0 0 0 -1 0 0 0 -2 0 0 0 0 0 0 0 0 0 2 0 0 0 -2 0 0 0 0 0 0 1 0 0 0 0 0 0 0 -1 0 0 0 0 0 0 
0 0 0 1 0 0 -1 0 1 0 0 1 0 1 0 0 0 0 0 0 1 0 0 0 0 0 -1 0 0 -1 2 0 0 0 0 0 0 0 0 0 0 0 0 0 0 1 0 2 0 0 0 0 0 -2 0 -2 2 0 0 0 0 0 0 0 -2 0 0 0 0 0 -2 0 -2 0 0 0 0 0 0 0 0 0 2 0 0 0 0 0 0 0 0 0 2 0 0 0 0 -2 0 0 
0 0 0 0 0 -2 0 0 0 0 0 1 -1 0 2 0 0 0 0 0 0 0 0 0 0 0 -2 0 0 0 0 -2 0 0 0 0 0 1 0 0 0 0 0 -2 -2 0 0 0 0 0 0 0 0 0 0 0 0 0 0 -2 2 -2 -1 2 0 0 0 2 -2 0 0 0 0 0 0 0 0 0 1 0 0 0 0 0 0 0 0 0 0 2 0 -2 0 0 0 0 0 0 0 0 
0 0 0 0 0 0 0 0 0 0 0 0 0 0 0 0 -2 0 0 0 0 0 0 0 0 0 0 0 0 0 0 0 -1 0 2 0 2 1 0 0 0 0 -1 0 0 0 0 1 0 0 -2 0 0 -2 0 0 -1 0 0 0 0 0 0 0 0 -1 0 -2 0 0 0 0 -1 2 0 0 0 0 2 0 0 0 0 0 0 0 0 0 0 0 0 0 0 0 0 0 0 0 0 0 
0 0 0 0 0 1 0 -2 2 0 0 0 0 0 0 0 0 0 0 -1 0 2 0 0 0 0 0 0 0 0 0 0 0 0 0 0 0 0 0 0 0 -1 0 0 0 0 0 0 0 0 0 0 -2 1 0 0 0 0 -2 -2 0 0 0 0 0 1 0 0 0 0 0 0 0 0 0 1 0 0 1 0 0 0 0 0 1 0 0 0 0 0 0 -1 0 0 0 -2 0 0 0 0 
0 -1 0 0 2 0 1 0 0 0 0 0 0 0 0 0 0 0 0 0 0 0 -1 0 0 0 0 0 0 0 0 0 1 0 0 0 0 2 0 0 0 0 0 0 0 0 0 0 0 2 0 0 0 1 0 2 0 0 0 0 2 0 0 0 0 0 0 0 0 0 -1 0 -2 0 0 0 0 0 0 0 0 0 0 0 0 0 0 0 0 2 2 0 0 0 0 0 1 0 0 0 
0 1 2 -2 0 0 1 1 0 0 1 0 -1 0 1 0 0 0 0 0 0 0 0 0 -1 0 0 -1 0 -2 0 0 0 0 0 0 0 0 1 0 2 0 0 0 0 2 0 0 0 -1 0 2 0 0 0 0 0 0 0 0 0 0 0 -2 0 0 0 -1 0 0 0 0 0 0 0 2 1 0 0 0 1 -2 -1 2 0 0 0 1 0 0 0 0 0 0 0 0 0 0 0 0 
0 0 0 0 -2 0 0 0 0 0 0 0 1 2 0 0 0 -1 0 0 0 0 0 0 0 1 0 0 -2 0 1 0 0 0 0 0 0 0 0 2 0 0 -1 0 0 0 0 0 0 0 0 1 -2 0 0 2 0 -1 0 0 0 1 0 0 0 -1 -1 -2 0 0 0 2 0 0 0 0 0 0 0 0 0 0 -1 0 -1 0 0 0 0 0 0 0 0 -1 0 0 0 0 0 0 
0 0 0 0 2 0 0 0 0 1 -2 0 0 1 0 0 0 0 0 0 0 0 0 0 1 -2 0 1 0 0 0 0 0 0 0 0 0 0 1 0 -2 0 1 0 -1 0 0 0 0 0 0 0 0 0 0 0 0 0 -1 0 2 0 0 -1 0 0 0 0 0 1 0 0 0 0 -2 0 0 0 0 0 0 -2 0 0 0 0 0 0 0 2 0 0 0 0 0 0 0 0 0 -1 
0 0 0 0 1 0 -1 0 0 0 0 0 0 0 0 0 0 0 0 0 0 1 0 1 0 0 0 0 0 0 0 0 0 0 0 0 0 -2 0 0 0 2 0 0 0 0 0 0 0 0 0 0 0 0 0 0 -2 -1 0 0 0 0 0 0 0 0 0 2 0 -2 0 0 2 2 1 0 2 0 0 2 0 0 -2 0 1 -2 0 0 0 0 0 0 0 2 0 0 0 0 0 0 
0 0 0 0 0 0 0 0 0 0 -1 0 0 -1 0 0 0 0 0 0 0 0 0 0 1 -1 0 -2 0 0 0 0 0 0 2 -2 2 0 2 -2 0 0 1 -2 0 0 2 0 0 0 1 0 0 2 0 0 2 0 0 2 2 0 0 0 0 0 0 0 2 0 0 0 -2 -2 0 0 0 -2 0 0 0 0 0 0 0 0 0 0 0 -2 2 0 0 0 0 1 0 0 -1 0 
1 0 0 -1 0 0 0 0 0 0 0 0 0 0 0 0 0 2 0 0 0 0 0 0 0 0 0 0 0 0 0 0 0 0 0 2 0 0 1 0 0 0 0 0 0 0 0 0 -1 -2 0 0 0 2 1 0 0 0 0 0 0 1 0 0 -2 0 -2 0 1 0 0 0 0 0 0 0 0 0 0 0 -1 0 0 -1 0 0 0 -1 0 0 0 0 0 0 0 0 0 -1 0 0 
2 2 0 0 0 -2 0 0 0 0 1 0 0 0 -2 0 -1 0 0 0 0 0 0 0 0 -1 0 0 0 0 0 1 0 0 0 0 0 0 0 0 0 0 -2 0 0 1 0 0 0 0 0 0 0 0 1 0 -1 0 0 0 2 0 0 0 0 2 0 -1 1 0 0 0 0 0 -1 0 0 0 0 0 0 0 0 0 0 0 0 0 0 0 0 0 0 0 0 2 0 0 0 0 
-1 0 0 0 0 0 0 0 -2 0 0 0 0 0 0 0 -2 0 -2 0 0 1 -2 1 0 0 1 0 0 0 0 0 0 0 0 0 1 0 0 0 0 0 0 0 0 0 2 0 0 0 0 0 0 0 0 0 0 0 0 0 0 -1 0 0 0 0 -2 0 0 0 0 1 0 0 -2 0 0 0 2 0 0 0 0 0 0 -1 0 0 0 0 0 -2 0 0 0 0 0 0 0 0 
0 0 0 0 0 0 0 0 -2 0 2 0 0 0 0 -1 0 0 0 0 0 2 0 0 -1 0 0 0 0 1 0 0 0 0 -2 2 0 0 0 0 0 0 0 0 0 0 0 0 0 2 0 1 0 0 0 0 0 2 0 0 0 0 0 0 0 0 0 0 -1 0 0 0 0 0 -1 0 0 1 0 0 0 -1 0 0 0 1 0 0 -1 -1 0 2 0 0 0 0 0 -2 0 -1 
0 0 1 0 0 -1 0 0 0 -2 0 0 2 0 -2 0 -1 0 2 0 0 0 0 0 0 0 0 0 0 0 0 -1 0 0 0 0 0 0 0 0 0 0 0 0 0 0 0 0 -1 0 -2 -2 1 0 1 0 0 0 -1 0 0 0 0 0 0 0 1 0 0 0 0 2 0 0 0 0 0 0 0 0 0 1 0 0 0 0 2 0 0 1 0 0 0 2 0 1 0 0 0 0 
0 0 -2 2 0 0 1 0 0 0 2 -1 0 0 0 0 0 0 0 0 -1 0 0 0 0 0 1 0 0 1 0 0 1 0 0 0 0 0 0 0 -1 0 0 0 1 0 0 0 0 0 -1 -2 1 1 0 0 0 0 0 0 0 0 0 -2 0 0 0 0 0 0 -2 0 0 0 0 0 0 0 0 -1 0 0 0 0 0 0 0 0 -1 0 0 0 -2 1 0 0 -1 0 0 2 
0 0 0 0 0 0 0 -2 0 0 0 0 -2 0 0 -2 -2 0 0 0 -2 -2 1 0 -1 0 -1 0 0 0 0 0 0 0 0 0 0 0 2 0 0 0 0 0 1 0 0 0 0 0 0 0 0 0 0 0 0 1 0 0 0 0 2 -2 0 0 0 0 0 0 1 0 0 0 0 0 -1 2 -2 0 0 0 -1 0 0 0 0 0 0 1 0 0 0 0 0 0 0 0 1 0 
0 0 0 1 0 0 1 0 0 0 0 0 0 0 0 -2 0 0 2 0 0 0 0 0 0 0 0 0 0 0 1 0 0 0 0 -1 0 0 0 -1 0 0 0 0 0 0 0 0 0 0 0 -1 -2 0 0 0 0 2 0 0 0 0 0 0 0 2 0 0 1 1 0 0 -2 0 0 2 0 0 0 0 2 0 0 -2 -2 0 2 0 0 0 -1 0 2 0 0 0 0 0 -2 0 
-2 0 2 2 0 -1 0 0 2 0 0 0 1 0 0 0 0 0 0 0 0 0 0 0 0 2 0 0 0 0 0 1 2 2 0 0 0 0 0 -2 0 0 0 0 0 0 2 2 -1 1 0 0 2 0 0 0 0 1 0 0 0 0 0 0 -2 0 0 0 0 0 0 0 0 0 0 0 0 0 0 0 0 0 0 0 0 2 0 0 0 0 0 0 0 0 0 0 1 0 0 0 
0 0 0 0 0 0 1 0 0 0 0 0 0 0 0 0 0 2 0 0 2 0 -2 0 -1 1 0 0 1 1 0 0 1 0 2 2 0 1 0 0 0 0 0 0 0 0 0 2 0 -2 0 0 0 0 -2 0 -2 0 0 0 0 0 0 0 0 0 0 0 0 1 -2 0 0 0 0 0 0 0 0 0 0 0 0 0 0 0 0 0 0 0 0 0 0 0 0 0 0 0 0 0 
0 0 0 -1 0 -1 0 1 0 0 1 0 0 0 1 0 0 0 0 0 0 0 0 0 0 0 0 0 0 0 0 0 0 0 0 -2 0 0 0 -2 0 -2 0 -1 0 0 0 0 0 0 0 0 0 0 0 0 0 -1 0 0 0 0 0 0 0 0 0 0 0 0 0 0 0 0 0 0 0 0 0 2 1 -1 -2 0 0 0 0 0 0 2 0 0 0 0 -2 -2 0 1 0 0 
0 0 0 2 -2 0 -2 0 0 0 0 0 0 2 -1 0 0 0 0 0 0 0 0 2 -2 0 0 -2 0 0 0 -1 0 0 1 0 0 0 -2 0 0 0 -2 0 0 0 0 2 0 1 0 0 0 0 0 2 0 0 0 0 0 0 0 0 0 0 0 0 0 0 -2 1 0 0 0 0 0 0 0 0 0 0 0 0 -2 0 0 0 0 2 0 0 0 -2 0 2 2 0 0 0 
0 0 0 0 0 -2 0 0 -1 -2 0 0 0 0 0 0 0 0 0 0 0 0 0 0 0 0 0 -2 0 0 1 0 0 0 0 -1 0 0 -2 0 0 0 -1 0 0 -2 2 0 0 0 0 0 0 0 2 -2 0 0 0 0 0 0 0 0 0 0 0 0 0 0 1 0 0 0 -1 0 0 0 0 2 0 0 0 0 0 0 0 0 0 0 -1 0 0 0 0 0 0 0 -1 0 
0 1 0 0 0 2 0 0 0 0 2 0 0 0 0 0 0 0 0 0 0 0 0 0 0 0 0 0 0 0 0 0 0 -1 0 1 0 0 1 0 0 0 0 0 0 0 0 2 -2 0 -2 0 0 0 0 0 0 -2 0 0 0 0 -1 2 -1 -2 0 0 0 -1 0 0 -1 1 0 0 0 2 0 0 0 0 0 -2 0 0 0 0 -2 -1 0 0 2 0 0 0 2 -1 2 0 
0 0 0 0 0 0 0 0 0 0 0 -1 0 0 0 0 0 0 0 0 -2 0 0 0 0 0 0 0 0 0 0 0 0 0 0 0 0 -2 0 0 -1 0 1 0 -2 0 -1 0 0 0 0 0 0 0 0 1 0 2 0 0 0 0 0 0 0 0 0 0 -2 0 0 0 0 0 0 0 0 0 2 0 1 -1 0 0 0 0 0 0 -2 0 0 0 1 0 0 0 -2 0 0 0 
0 0 0 0 0 2 -1 0 0 0 0 0 -1 0 0 0 0 2 -1 0 0 0 0 0 -1 0 0 0 0 0 0 0 -2 0 0 0 0 0 0 0 1 0 0 0 0 0 0 0 0 0 0 0 0 0 0 0 0 0 0 -1 0 -2 0 0 -1 0 -1 2 0 0 0 0 0 0 0 2 -1 -1 0 0 0 0 0 0 0 0 0 0 2 0 0 0 2 -1 2 0 0 0 2 0 
0 0 0 0 0 1 0 -2 -1 0 1 0 -1 0 0 0 0 0 0 0 0 0 -1 0 0 1 -1 0 0 0 0 1 0 -1 0 0 -2 0 0 0 0 1 0 0 0 0 0 0 0 -1 -2 0 0 0 0 0 0 0 0 0 0 -1 0 0 0 0 -2 0 0 1 0 0 0 0 -1 0 0 0 0 0 -2 0 0 0 0 0 0 0 0 -2 0 0 0 0 2 2 0 0 0 0 
0 0 0 0 0 0 0 0 0 -1 0 0 0 0 2 2 0 0 -1 0 -1 0 0 -2 -2 0 0 0 0 0 0 0 0 0 0 0 0 0 0 0 0 0 0 0 0 0 0 -1 0 0 0 -1 -1 0 -1 0 0 0 0 0 0 2 0 1 0 0 0 2 0 2 0 0 0 -2 -2 0 -2 0 0 0 0 0 0 -2 0 0 2 0 0 0 0 0 0 -2 0 0 -2 0 0 -2 
0 2 0 0 -1 0 0 1 0 0 0 0 0 0 0 1 0 0 0 0 0 0 -1 0 0 0 0 -2 0 0 0 0 0 1 0 0 2 0 0 0 0 0 0 0 0 0 -1 0 0 -1 0 0 0 0 0 0 0 0 0 1 2 0 0 0 0 0 -2 -2 -2 0 0 -1 -2 0 0 2 0 0 0 -2 0 -2 0 0 0 0 0 0 0 -1 -2 0 -1 1 0 0 0 0 2 -1 
0 0 0 2 0 0 1 0 -2 0 0 0 0 0 0 -2 -1 0 0 0 0 0 0 1 0 0 0 2 0 0 2 2 -1 0 0 0 0 0 -1 0 0 0 0 0 0 0 0 0 0 0 0 2 0 0 0 0 0 0 0 -2 -2 0 -2 0 0 0 0 -2 -2 0 0 0 0 2 0 0 0 0 0 0 0 0 0 0 0 0 0 0 0 -1 -2 0 0 0 0 0 0 -1 0 -1 
0 0 0 0 -1 2 0 0 0 0 0 0 0 0 0 0 0 0 0 2 0 0 0 0 0 0 -1 0 1 0 0 0 0 0 -2 0 0 0 0 0 0 0 0 0 0 0 0 0 0 0 0 0 0 0 0 1 0 0 0 0 0 0 0 0 0 0 1 0 0 0 0 0 0 0 0 0 0 0 0 0 0 0 0 0 0 0 0 0 -2 0 0 0 0 0 -2 2 0 0 0 0 
0 0 -1 0 0 0 0 0 0 0 0 0 0 0 0 0 1 0 0 0 -2 0 0 0 0 0 0 0 1 0 0 0 0 0 0 0 0 0 0 0 0 0 0 0 0 0 -2 0 -1 0 1 0 2 0 0 0 2 1 0 0 0 0 0 -2 0 0 0 0 0 0 0 -1 0 0 0 0 0 1 0 0 1 0 1 0 0 0 0 0 0 2 1 0 0 0 0 0 0 2 0 0 
0 0 1 0 0 -2 0 0 0 0 0 0 0 -1 0 -2 0 0 0 0 2 0 1 2 2 0 0 0 0 0 0 0 0 0 2 0 0 0 0 -1 1 0 1 0 1 -1 1 0 0 0 0 0 0 0 -2 2 0 0 0 0 0 1 -1 0 0 0 -2 -1 0 0 0 -1 0 0 0 0 0 0 0 1 0 0 2 -1 0 0 -2 0 0 0 0 0 0 0 0 0 0 2 1 -1 
1 0 1 -1 0 0 0 0 0 -2 0 0 0 0 0 0 -2 0 0 0 0 0 0 0 -1 -1 -1 0 0 0 -2 0 0 0 0 0 0 0 0 0 0 0 0 0 0 0 0 0 -2 0 0 0 0 0 0 0 0 0 1 0 2 0 0 1 0 1 0 1 0 0 -2 0 0 0 0 0 0 0 0 0 -2 0 -1 0 -2 0 0 0 0 0 0 0 0 0 0 -1 0 0 -1 0 
0 0 -1 0 0 0 0 0 0 0 0 0 0 0 0 0 0 0 0 0 0 0 0 0 0 0 0 0 0 0 0 0 -2 0 0 0 0 1 0 0 0 0 0 -2 0 0 0 0 0 0 -2 0 -1 0 0 0 0 0 -1 0 0 0 0 0 0 1 0 0 0 0 0 1 0 0 0 0 -1 0 0 0 0 0 0 1 0 0 0 0 0 0 2 0 0 0 1 0 0 0 0 0 
0 2 0 0 2 0 0 -1 0 0 0 0 0 0 0 0 0 0 0 0 0 0 0 0 0 0 0 2 1 0 0 0 0 0 2 0 0 0 0 0 2 0 0 0 0 0 0 0 0 0 0 0 0 0 0 1 0 0 0 0 1 0 1 0 0 0 0 0 0 2 0 0 0 1 1 0 0 0 -2 0 0 0 0 0 -2 0 1 0 0 -2 0 -1 0 -1 0 0 -1 0 0 0 
0 0 0 0 1 -1 0 0 -2 0 0 0 0 0 0 0 0 0 -2 0 0 0 0 -2 -1 0 0 0 0 2 0 0 2 0 2 0 0 0 0 -2 -1 0 1 0 0 0 0 0 0 0 0 -2 0 2 0 0 0 0 2 0 0 0 0 0 0 0 0 1 0 0 0 0 0 0 0 2 0 0 0 0 1 -1 0 0 0 2 0 0 2 0 0 0 0 0 0 0 -1 0 0 0 
2 0 0 0 0 0 0 0 0 0 0 0 0 0 0 0 0 0 0 0 0 0 0 0 0 0 0 0 -1 1 0 0 0 0 0 0 0 0 0 0 0 0 1 0 0 1 0 1 0 0 0 0 -2 0 0 0 0 0 0 0 0 0 0 0 0 0 0 0 0 0 0 0 0 -1 0 0 0 0 0 0 2 0 0 0 0 0 0 0 0 0 -1 0 0 0 0 0 0 0 0 0 
0 0 0 0 0 0 2 -2 1 0 0 0 0 0 0 0 0 0 0 -2 2 0 2 -1 0 0 0 0 0 0 0 0 0 0 0 -1 0 0 0 0 0 -2 -2 -2 0 0 -1 0 0 0 0 0 0 0 1 -1 0 0 0 0 0 0 1 0 0 0 0 0 0 0 0 0 0 0 -2 0 0 0 0 0 2 0 0 -1 0 0 0 0 1 1 -2 0 0 -2 0 0 0 0 0 0 
0 0 0 1 0 0 0 0 0 0 0 0 2 0 -2 0 0 0 0 0 2 0 0 0 0 0 0 0 0 0 0 0 0 0 0 0 0 0 0 0 0 0 0 0 0 0 0 0 0 2 0 0 0 1 0 0 2 0 0 0 0 0 0 0 0 0 0 -1 0 -2 1 0 0 0 0 1 0 0 0 2 0 0 0 0 0 0 0 -1 0 0 0 0 0 0 0 0 0 0 0 0 
0 0 0 0 0 0 1 0 0 0 0 0 0 0 0 0 0 0 0 0 0 0 0 1 0 2 0 0 0 0 0 0 0 -1 0 0 0 0 -1 0 1 0 -1 0 0 0 0 -1 0 0 0 0 0 1 0 1 2 0 0 -1 0 0 0 0 0 -2 0 -2 0 0 0 0 2 0 0 0 0 0 0 0 0 0 0 1 0 0 0 0 0 0 0 0 0 0 0 0 0 0 0 0 
0 2 0 0 0 0 0 0 0 0 0 0 0 0 2 0 0 0 0 0 -1 0 0 0 0 0 -1 0 -1 0 -1 1 0 1 -2 0 0 0 0 1 -1 0 2 0 0 0 0 0 0 2 0 0 0 1 0 0 0 0 0 0 0 0 -2 0 -1 0 0 2 0 -2 0 0 0 0 -2 0 0 0 0 0 0 0 -2 0 0 0 0 0 -2 0 -2 0 -2 0 0 0 0 0 0 0 
0 2 0 -2 0 0 0 0 0 0 0 0 0 0 0 -2 0 0 0 0 0 0 0 0 0 0 0 0 0 0 0 0 0 0 0 0 0 0 1 -1 0 0 0 0 0 -2 0 0 0 0 0 1 0 -2 0 0 0 0 -1 0 0 0 0 0 0 0 0 2 0 0 0 0 1 0 0 2 0 0 0 0 0 0 2 2 0 0 1 0 2 0 0 0 0 -2 0 0 -1 0 0 0 
-2 -1 0 0 0 0 0 0 0 0 0 0 0 0 0 2 1 -2 2 0 0 0 0 0 -2 -2 0 0 0 0 0 0 2 2 0 0 0 2 -2 1 0 0 0 0 -1 0 0 -2 0 0 0 2 0 0 0 1 1 0 0 -2 0 0 -2 0 0 2 0 0 0 0 0 0 0 0 2 0 1 0 0 0 0 0 0 0 0 0 -1 0 0 0 0 1 0 0 0 0 0 0 0 0 
0 0 0 0 -1 0 0 0 -2 0 0 0 0 0 0 0 0 0 0 0 0 0 0 1 0 -2 0 0 0 0 0 2 0 0 0 1 0 0 0 0 0 0 0 0 0 0 -2 -2 0 0 0 0 0 0 0 0 0 0 -1 0 0 0 0 0 0 0 -1 0 0 0 0 0 0 0 0 0 -1 0 0 0 1 0 -2 -2 0 0 0 -1 1 0 0 0 1 0 1 0 0 0 0 0 
-1 0 0 0 1 0 0 0 0 0 0 0 -2 0 0 -1 0 0 0 2 0 0 0 0 -1 -2 0 0 0 0 0 0 -1 1 0 1 0 -1 0 0 0 0 1 -2 1 0 0 0 -1 0 0 0 0 0 0 0 0 -1 0 1 0 0 0 0 -2 0 1 0 0 0 0 -2 -2 0 0 0 -1 -1 0 0 0 0 0 0 0 -2 1 -2 2 0 0 0 -1 0 0 0 0 0 0 0 
1 0 0 0 0 0 0 0 0 0 0 0 0 -1 0 0 0 0 0 -1 0 0 0 0 0 0 0 0 0 2 0 0 0 0 0 0 0 0 1 0 2 1 0 0 1 0 0 0 0 0 0 0 0 0 0 0 0 0 -1 1 0 2 0 0 0 0 0 -1 0 0 -1 0 -1 -2 0 0 0 0 -1 0 0 0 0 0 1 0 0 0 0 0 0 0 0 0 0 0 0 0 0 0 

2 3 9 7 10 5 5 4 1 1 10 10 8 2 9 8 2 4 4 6 8 7 8 9 4 9 10 4 6 2 4 4 4 5 3 9 7 6 5 7 8 1 7 1 1 3 6 5 9 2 