100 200
0 0 0 0 0 -2 -2 0 0 0 0 0 1 0 0 1 2 -2 2 0 0 0 0 0 0 0 -1 -1 0 0 0 0 0 0 0 0 0 0 0 0 0 0 0 0 0 0 0 0 0 0 0 0 0 0 0 1 0 0 1 0 0 0 0 0 0 -2 0 0 0 0 1 0 0 0 0 0 0 1 -1 0 0 0 0 0 0 0 0 0 0 2 0 0 0 0 0 0 0 2 0 0 0 0 0 0 0 0 0 0 0 0 0 0 0 0 0 0 -1 0 0 0 0 0 2 0 0 0 0 1 2 -1 0 0 0 1 0 0 0 -1 0 -1 0 0 0 0 0 0 0 0 0 0 -2 0 0 0 0 0 0 0 0 0 0 0 0 0 0 0 0 0 0 0 0 0 -1 0 0 0 -2 0 -1 0 0 0 -2 0 0 0 2 0 2 0 0 0 0 0 0 0 -1 -1 0 0 
0 0 -1 0 -1 -2 -2 0 0 0 0 0 0 0 0 0 0 2 0 0 0 0 -2 0 0 1 0 0 2 0 0 0 0 0 2 1 0 0 0 0 0 0 0 0 0 0 0 -2 0 0 0 0 -1 0 1 0 0 1 0 0 0 0 2 0 0 0 -1 0 0 0 0 0 0 0 0 0 0 0 -1 0 0 0 0 0 -2 0 0 0 0 2 0 0 0 0 0 0 0 0 0 1 0 0 -1 1 0 0 0 0 0 0 0 0 0 0 -1 0 0 0 0 0 0 -2 0 0 0 0 0 0 0 0 0 0 0 0 0 0 0 0 0 2 0 0 0 0 0 0 0 -2 0 0 0 0 -1 0 0 2 0 1 2 0 0 0 1 0 0 0 0 0 0 0 0 0 0 0 2 2 1 0 0 2 0 2 -1 0 0 0 0 0 0 0 0 2 0 0 1 0 0 0 -1 0 
0 0 0 2 0 0 0 0 0 1 0 0 2 0 0 0 0 0 0 0 -2 0 0 0 0 0 0 0 0 0 0 0 0 0 0 0 0 1 0 0 0 0 0 0 0 0 0 0 0 0 0 0 0 0 2 2 0 0 0 -1 0 0 0 1 0 0 0 0 0 0 0 1 0 0 1 0 0 1 0 0 -1 0 0 0 0 0 0 0 -2 0 0 0 0 0 0 0 1 0 0 0 0 0 0 0 2 0 0 0 0 0 0 0 0 0 0 0 0 0 1 0 0 0 0 0 2 0 0 0 0 0 0 0 0 0 0 0 0 0 -1 0 2 0 0 -1 0 2 0 0 0 0 0 0 0 0 0 1 0 0 -1 0 0 0 0 0 0 0 0 0 0 0 0 -2 0 0 0 0 -1 0 0 0 0 0 0 0 0 0 0 0 0 0 0 0 0 0 0 0 0 0 0 0 
0 0 0 0 2 0 1 0 0 0 -1 -2 0 -2 1 0 0 0 0 0 -1 0 0 0 0 0 0 0 0 0 -2 0 0 0 0 0 0 0 0 0 0 0 0 1 -1 0 0 1 0 -2 -2 0 -1 0 0 -1 0 1 0 0 0 2 0 0 1 0 0 0 2 0 2 0 -2 -1 0 0 0 0 0 0 0 1 2 0 1 0 0 0 0 0 2 0 0 0 -2 0 0 0 0 0 0 0 0 0 0 0 0 0 0 0 0 0 0 0 0 0 0 0 0 0 0 0 -2 -2 0 0 0 1 0 0 0 0 1 0 0 0 0 0 0 0 0 0 -2 0 0 -1 1 0 0 1 0 -1 0 -1 0 0 0 0 0 0 0 0 0 0 0 0 0 0 0 0 0 0 0 0 0 0 0 -2 0 0 0 0 0 0 0 0 0 0 0 0 -2 0 0 0 0 0 0 0 0 0 
0 0 1 1 0 0 0 0 -2 2 0 -2 2 0 0 -1 0 0 2 0 0 0 0 0 0 0 0 0 1 0 0 0 0 0 0 0 0 0 -1 0 2 -1 1 0 0 0 0 0 0 0 0 0 0 -1 0 0 2 0 0 0 1 0 0 0 0 0 0 0 0 -1 0 0 0 2 -2 -2 -2 0 0 0 0 0 0 0 -1 0 0 0 0 0 0 0 0 -2 0 0 -1 0 0 -1 0 0 0 0 0 0 0 0 0 0 0 0 1 0 -2 -2 0 0 0 0 0 -1 0 0 -2 0 0 2 0 -2 0 0 0 0 0 0 0 0 0 0 0 -2 0 0 2 1 0 0 2 0 0 0 0 0 -2 0 0 0 2 0 0 0 0 0 0 -1 0 0 0 0 1 0 0 0 0 0 0 0 0 0 0 0 0 0 2 0 0 0 0 0 0 0 0 -2 0 1 0 0 -1 0 
0 0 0 0 0 0 0 0 0 0 0 0 0 -1 0 0 0 0 0 0 0 0 0 0 1 0 0 0 0 0 0 0 0 -2 2 0 0 0 0 0 0 -1 0 0 0 0 0 0 0 0 0 2 1 0 0 0 -1 0 1 0 0 0 0 0 0 0 0 0 0 0 -1 0 1 0 -2 0 0 0 0 0 0 0 0 0 2 -1 0 0 0 0 0 -1 0 2 0 0 0 0 0 0 1 0 0 0 0 0 0 0 0 1 0 0 0 0 0 0 0 0 0 0 2 0 0 0 0 0 0 -2 0 0 0 0 -2 0 0 0 0 0 0 0 0 0 0 0 0 0 0 0 0 0 0 -1 -1 0 -1 0 1 1 0 -2 0 0 -1 -2 0 0 0 -1 0 0 0 0 0 0 0 0 0 0 0 0 0 0 0 2 0 -1 1 0 0 0 0 0 0 0 0 0 0 0 0 0 
0 0 0 0 -1 0 1 -2 0 0 0 0 0 0 0 0 0 0 0 0 0 0 0 0 2 0 0 0 2 0 0 0 0 2 0 0 0 0 0 0 0 0 0 -1 0 0 0 0 0 0 0 -1 0 0 0 1 0 0 -2 0 0 0 0 0 0 0 0 0 0 1 -1 0 0 0 0 0 0 0 0 0 0 0 0 0 0 2 0 0 0 0 0 0 0 0 -1 0 0 0 0 0 -1 1 0 0 0 0 0 -2 0 0 0 0 0 -1 0 0 -2 0 0 0 0 -2 0 0 0 0 1 -2 0 0 0 0 0 0 0 -2 1 0 0 1 0 1 0 0 0 -2 0 0 1 0 0 -2 0 0 0 0 0 0 0 0 1 -2 1 0 0 0 0 1 -2 0 2 0 0 0 2 0 0 0 0 1 0 0 0 0 0 0 0 0 0 0 0 0 0 0 2 -2 0 0 0 0 
0 0 -2 -2 0 0 0 0 0 -1 0 0 0 0 0 0 -2 0 0 -1 0 0 0 0 0 0 0 -1 -2 1 0 0 0 0 1 -1 0 0 0 0 0 0 0 0 0 0 0 0 0 0 0 -2 0 0 0 -2 0 0 0 0 0 0 0 0 1 0 0 -2 0 0 1 0 0 0 -2 0 0 0 0 0 2 0 0 -1 0 0 0 0 0 2 0 0 0 0 0 0 0 0 -2 2 0 0 0 0 0 0 0 0 0 0 0 0 0 0 0 0 0 0 0 0 0 0 0 0 0 0 0 0 0 0 0 -1 0 0 0 0 0 0 0 0 2 0 0 1 0 0 0 0 0 0 0 0 0 1 0 -2 0 0 0 0 0 0 0 -1 0 0 0 0 0 0 2 2 0 0 2 0 0 0 0 0 0 0 0 0 1 0 0 0 0 0 -2 0 0 0 -1 0 0 0 0 0 
0 0 -2 0 0 0 0 0 0 1 0 0 2 1 0 0 0 0 1 0 -2 0 0 0 0 0 0 0 0 0 0 0 0 0 0 0 0 0 0 0 2 0 0 0 0 0 0 0 0 0 0 0 0 0 0 0 -2 0 0 0 0 0 0 -2 0 0 0 0 1 0 0 0 0 1 0 -1 0 0 0 0 0 0 -2 0 0 -1 0 0 2 0 0 0 0 0 2 0 0 0 0 0 0 0 0 1 0 0 0 1 0 0 0 0 0 0 0 0 0 1 0 -2 -1 0 0 0 0 0 0 0 -2 0 0 0 0 0 0 0 0 0 0 0 0 0 0 -1 0 0 0 0 0 -1 2 0 0 0 0 0 0 0 -1 0 2 0 0 0 0 0 0 0 0 -1 0 0 0 0 0 0 -2 0 0 2 0 0 0 0 0 0 0 0 0 0 0 0 0 0 0 0 0 0 0 2 
-2 0 0 0 0 0 0 0 0 0 0 2 1 0 0 0 0 0 2 0 0 0 0 0 0 0 0 0 0 0 0 0 0 0 0 0 0 0 0 0 -2 0 0 0 -1 0 0 0 0 0 -2 -1 0 0 0 2 0 0 -2 -2 0 0 0 0 0 0 0 0 0 0 -2 2 0 1 0 0 0 0 0 0 0 -1 -1 0 0 0 0 0 0 0 0 0 0 -1 0 0 1 0 0 0 2 0 1 0 -1 0 0 -2 0 0 1 0 -2 2 0 -1 0 0 0 0 0 2 2 0 0 0 2 0 0 0 -1 0 0 0 0 0 0 0 0 -2 0 -2 -1 0 0 0 0 0 0 0 0 2 0 2 0 0 0 0 0 0 0 0 0 0 0 0 0 0 0 0 0 0 0 0 0 0 0 0 0 0 0 0 0 0 0 -1 2 0 0 0 0 0 0 0 0 0 0 0 0 1 
-2 2 0 0 0 0 1 1 0 0 0 0 0 0 0 2 0 2 0 0 0 -1 0 0 0 0 1 0 0 -2 0 -2 0 0 0 0 0 0 0 0 -1 0 0 0 0 0 0 0 0 0 0 0 0 0 0 2 0 -1 2 0 0 0 -1 0 0 0 -1 0 2 1 0 0 1 0 0 0 1 0 0 0 1 0 0 0 0 0 0 0 0 0 0 1 0 0 2 0 0 0 0 0 0 0 1 0 0 0 -1 0 0 0 0 0 1 0 0 0 0 0 0 0 1 0 0 0 0 0 0 0 0 -1 1 0 -2 0 0 0 0 0 2 -1 0 0 0 0 0 0 0 0 0 0 0 0 0 0 0 0 0 0 0 0 0 0 0 -1 0 -2 2 -2 -2 0 0 0 0 0 0 0 0 0 0 0 0 0 0 1 0 0 0 0 0 0 0 0 1 0 -1 0 0 0 0 0 
0 0 0 0 0 0 0 0 -2 0 0 0 0 0 0 0 0 0 1 0 0 2 0 0 0 0 0 -2 0 -2 0 0 1 0 0 0 0 0 0 2 0 0 0 -2 0 0 -2 0 0 0 0 0 0 0 -2 0 0 -2 -1 -1 0 0 -1 0 0 0 0 0 0 0 0 0 0 0 0 0 0 0 0 0 0 0 -2 -1 0 0 0 0 0 0 0 0 0 0 -2 0 0 0 0 0 0 -2 1 0 0 0 -1 1 0 0 0 0 0 0 -2 0 1 0 0 0 2 0 0 0 0 0 0 -1 0 0 2 0 0 0 0 0 0 0 0 -1 -2 0 0 0 0 0 0 0 0 0 1 0 -2 0 0 0 1 0 2 0 0 -2 0 0 0 0 0 0 0 -1 0 0 1 -1 0 0 0 0 0 -1 0 1 0 1 2 0 0 0 0 0 0 0 0 1 0 2 0 0 0 0 
0 0 -2 0 0 0 0 2 0 0 -2 -1 -2 -2 -2 0 1 -2 0 0 0 -1 0 0 0 0 0 0 0 0 0 0 0 0 0 0 -2 1 0 0 0 -1 0 0 0 -1 0 0 -1 0 0 0 0 2 0 -1 0 0 0 0 0 0 0 0 0 0 0 0 -1 0 0 0 0 -1 0 0 0 2 0 0 0 0 0 -1 0 0 0 2 0 -1 0 0 0 0 0 -2 0 0 -2 0 1 2 0 0 -1 1 0 0 0 -1 0 0 0 0 0 0 0 0 0 0 0 0 0 0 0 0 0 0 0 0 0 0 0 0 -2 0 0 2 0 -2 -1 0 0 0 0 0 0 1 0 0 -2 0 0 2 0 0 0 0 -2 0 -1 0 0 0 0 -2 0 0 0 0 0 0 0 2 0 0 0 0 1 -2 0 0 0 0 0 0 0 0 0 0 0 0 0 0 0 0 -1 0 -2 0 
0 1 2 0 0 0 0 0 0 -2 0 -1 0 0 0 0 0 0 0 0 0 0 0 0 0 0 0 0 2 -1 0 0 -1 0 1 0 0 0 0 0 0 -2 1 0 -1 -1 0 2 0 0 0 0 0 0 0 0 0 0 0 0 0 0 0 -1 0 1 1 0 0 0 0 0 0 0 0 -2 0 0 0 0 0 0 0 0 0 -1 1 0 0 0 0 0 1 0 0 0 -1 0 0 0 -1 0 0 0 0 -1 0 0 -2 2 0 0 0 0 0 0 0 0 0 0 0 2 -2 1 0 0 -2 0 0 0 0 0 -1 0 0 0 0 0 -2 0 0 -1 -2 0 0 0 -2 0 0 -2 0 0 0 -1 0 0 0 -2 -1 1 0 -1 2 0 0 0 0 0 -2 0 0 0 0 0 0 -1 0 0 0 0 -1 0 0 0 0 0 0 -2 0 0 0 0 0 0 1 0 -1 0 0 0 
0 0 0 0 0 0 0 0 0 0 0 0 0 0 0 0 0 0 0 -1 0 1 0 0 0 -1 0 0 0 0 0 0 0 0 0 0 0 0 0 0 0 -2 -1 0 1 0 0 0 0 0 0 0 2 0 0 0 0 1 0 0 0 0 0 0 0 0 0 0 0 0 0 0 0 -2 0 0 0 0 0 0 0 0 0 0 -1 0 -2 0 -2 2 0 0 1 0 0 0 0 0 0 2 -2 0 0 0 0 0 0 0 0 0 1 0 2 0 0 0 0 0 0 0 0 0 -2 2 0 0 0 -1 0 0 -2 0 -1 0 0 0 0 0 -2 0 -1 0 0 0 -1 0 -1 0 0 0 0 0 0 0 0 -1 0 0 0 0 0 0 0 0 0 0 0 0 0 0 0 0 1 0 -1 0 0 0 0 0 2 0 0 0 0 2 0 0 0 0 0 1 0 0 -1 2 0 0 0 0 
0 -1 0 0 0 2 0 0 -1 -2 0 0 0 0 0 0 0 1 0 0 0 0 -2 0 0 0 0 -1 0 -2 0 0 -1 -1 1 0 0 0 2 -1 0 0 0 0 0 1 -1 0 1 -1 -1 0 1 0 0 -1 -1 0 0 0 0 -2 0 0 0 0 0 1 -2 0 2 0 0 0 0 0 0 0 -1 0 0 0 0 1 0 -2 0 0 0 -1 0 0 0 0 0 0 0 0 0 0 2 0 -2 0 -2 0 0 0 0 0 0 0 0 0 0 0 0 0 0 0 0 0 0 0 0 0 0 0 0 -2 0 0 0 0 0 0 0 0 -1 0 -1 0 0 0 0 0 0 0 0 0 0 0 1 0 0 0 0 0 0 2 0 1 0 0 0 0 0 0 0 0 0 0 0 -1 -2 0 0 0 0 0 0 2 -2 1 0 0 -1 0 0 0 0 0 0 0 -1 0 2 0 0 -2 
1 0 0 0 -2 0 0 0 0 0 0 0 0 0 0 0 0 0 0 0 0 -1 0 0 0 0 0 -1 0 -1 -2 0 0 0 1 0 -2 2 0 0 2 0 0 0 2 0 1 0 0 0 0 0 0 0 0 0 0 0 -1 0 0 0 0 0 0 0 -2 0 0 0 0 0 0 0 0 0 0 -2 1 -2 0 0 1 1 0 0 -1 0 0 -1 0 -2 2 0 0 1 -1 1 2 0 0 1 0 0 1 -2 0 0 0 0 0 0 0 0 0 0 2 0 0 0 -2 0 0 0 0 -1 0 0 0 0 0 0 0 0 0 0 0 -2 0 0 0 -1 0 2 0 0 0 0 0 0 0 0 0 0 0 0 1 0 2 0 -2 0 0 0 2 0 0 0 0 -2 0 0 0 0 0 0 0 -2 0 0 -2 0 0 0 0 0 0 0 0 0 -1 0 2 0 0 -1 1 0 0 0 
0 0 -2 2 2 0 1 0 0 0 -2 0 -1 0 0 0 -1 0 0 2 1 0 -1 2 0 0 -2 0 2 -1 0 0 0 -2 0 0 0 1 0 0 1 0 -2 0 -2 0 0 0 0 0 0 0 1 0 2 0 0 0 0 0 0 1 -1 -1 0 0 0 0 -2 0 0 0 0 0 0 0 0 -1 0 0 0 -2 0 0 0 0 0 0 0 0 0 0 0 -1 0 0 -1 0 0 0 0 0 0 0 0 0 0 0 0 0 0 0 -2 0 0 -2 0 -1 0 0 0 0 0 0 0 2 0 0 0 0 0 0 0 0 0 0 0 0 0 0 0 0 -1 0 0 0 -1 0 2 0 0 0 0 0 -2 0 0 0 0 -1 -1 0 -1 0 0 2 0 0 0 0 0 -1 0 0 0 0 0 0 0 0 0 0 0 0 0 0 0 0 0 0 0 0 0 0 0 0 0 0 -1 0 
0 0 0 0 0 0 -1 0 0 1 2 0 0 -2 -2 0 0 0 0 0 0 0 1 0 0 0 -1 0 0 0 0 0 0 0 0 0 0 0 0 0 0 0 0 0 0 0 0 0 0 0 0 0 0 0 0 0 0 0 0 0 1 0 -2 0 0 2 0 0 2 0 0 0 0 0 0 0 0 0 2 -1 0 0 0 0 1 1 0 0 0 0 0 0 0 0 2 -2 -1 -2 2 0 0 0 0 0 -1 0 0 0 0 0 0 0 0 0 0 0 0 2 0 2 0 0 0 0 0 0 0 2 0 1 1 0 -2 0 0 -2 0 2 0 1 -1 0 0 0 0 2 2 0 0 0 0 0 0 0 0 0 -1 0 1 0 0 0 0 1 0 0 0 2 0 2 0 0 2 -2 0 0 0 0 0 0 0 2 1 0 0 0 0 0 0 0 0 0 0 0 0 0 0 0 0 0 
0 0 0 0 0 0 -1 0 0 0 0 1 0 0 0 0 0 1 0 2 0 0 1 0 0 0 0 0 0 0 0 -1 0 0 0 0 0 -2 0 0 -1 0 -2 0 0 0 -1 0 0 0 0 0 0 0 0 0 1 0 0 0 0 0 0 0 -2 1 0 0 0 0 -1 0 0 -1 1 0 0 0 0 0 0 0 0 -1 0 0 1 0 0 0 0 0 0 0 0 0 0 0 -1 0 0 -1 0 0 2 1 0 0 -1 -2 -2 0 0 0 0 0 0 -2 0 0 0 0 0 -1 0 0 0 -1 0 0 0 0 1 0 2 2 0 0 -1 0 0 0 2 0 0 2 1 2 0 -1 0 2 0 0 0 0 0 0 0 2 0 1 0 0 0 0 0 0 0 0 1 0 0 1 0 0 0 0 0 -1 0 0 0 0 0 0 0 0 0 2 0 0 -1 0 0 1 0 0 -2 0 
0 0 0 -2 0 0 0 0 0 0 0 0 0 0 -2 2 0 0 -2 0 0 0 0 0 0 0 0 0 0 0 0 -2 0 0 0 0 0 0 0 0 0 0 0 0 0 0 0 0 0 2 0 0 0 0 -2 0 0 0 0 0 0 1 0 0 0 0 0 0 0 2 0 -1 0 0 0 0 0 0 0 0 0 0 0 1 0 0 0 0 0 0 0 0 -1 0 0 0 0 0 0 0 2 0 0 -1 0 0 -2 -2 0 0 2 0 0 0 0 0 0 0 0 0 0 0 0 0 0 0 0 0 0 0 0 0 0 0 0 0 0 0 0 0 0 0 -2 0 0 0 0 0 0 0 -1 0 0 1 0 0 2 -2 0 0 -1 0 0 0 0 0 2 0 0 0 -1 -1 0 -1 -1 0 0 0 0 0 -2 0 0 0 0 0 -2 0 0 0 0 0 0 0 0 0 0 0 0 0 
0 0 0 -1 0 0 1 0 0 0 0 0 0 1 0 0 0 0 0 0 0 0 0 0 2 0 0 0 -1 2 2 0 0 0 0 1 0 0 0 0 0 0 0 0 0 0 0 0 0 0 2 0 0 0 0 0 0 0 0 0 2 0 0 0 0 0 0 0 0 0 -2 0 0 0 0 0 0 -1 0 -2 0 0 0 0 0 0 2 0 0 0 0 0 0 0 0 0 0 0 0 0 0 0 1 0 0 -2 0 0 -1 0 0 0 -1 2 0 0 0 0 0 0 0 -2 0 -2 0 0 0 0 0 2 -2 -1 0 0 0 0 0 0 0 -1 1 0 0 0 0 0 0 0 0 0 -1 0 0 1 0 2 0 0 0 0 0 0 0 0 0 0 0 0 1 -1 0 0 0 0 2 0 -1 2 0 0 0 -2 0 0 -2 0 0 0 -2 0 0 0 -1 0 0 0 0 0 0 2 
1 0 0 -1 0 0 0 0 0 0 0 0 0 0 0 0 0 0 0 0 0 0 -2 0 0 0 0 0 0 0 0 -2 0 0 0 0 -1 0 -2 0 0 0 0 0 -2 0 0 0 0 0 0 0 2 0 0 0 0 0 0 0 0 0 0 0 0 2 0 0 0 0 0 0 0 0 0 0 0 0 0 0 0 0 -1 0 0 0 1 0 1 0 0 0 0 0 0 0 0 0 0 0 0 0 -2 0 0 0 0 0 0 0 0 0 0 0 0 0 0 0 0 0 0 1 0 2 0 0 0 0 1 2 0 -2 0 -2 0 1 0 0 0 -2 0 0 1 -2 0 0 0 0 0 0 2 0 -1 0 2 0 0 1 0 0 0 0 1 1 0 0 0 0 0 0 0 0 0 0 0 0 0 0 1 0 2 0 -2 0 1 2 0 0 0 0 0 0 -2 0 0 0 0 0 2 0 
0 0 0 -2 0 1 0 0 0 0 0 0 -2 0 2 0 0 0 0 0 2 0 0 0 0 0 -2 0 -2 0 0 0 0 0 0 0 0 0 -2 1 1 0 0 0 -2 2 0 2 -2 0 0 0 0 0 2 0 0 2 -2 0 0 1 0 0 1 1 0 1 0 0 0 0 0 0 0 0 0 0 -1 0 0 0 0 0 0 0 1 0 0 1 0 0 0 0 1 0 2 -2 0 0 0 0 0 0 0 0 0 2 1 2 0 0 0 -2 0 0 0 0 0 0 -1 1 0 0 0 0 0 0 0 0 -1 0 0 1 0 -2 0 0 -1 0 0 0 0 0 0 0 0 0 0 0 0 0 -1 0 0 0 0 2 0 0 0 -2 0 0 0 0 0 0 0 0 0 0 0 0 0 0 0 0 0 0 0 0 2 0 0 0 0 0 0 0 0 0 0 0 0 -2 0 0 1 0 
0 0 2 0 0 0 0 -1 2 0 0 0 0 0 0 0 0 0 -1 0 0 0 0 0 0 0 0 -2 0 0 0 0 0 0 0 0 0 0 0 -2 -1 0 0 1 0 0 0 0 0 2 2 -1 0 0 0 0 0 0 -2 0 0 0 0 0 0 0 0 0 0 0 0 -2 0 0 0 2 0 0 0 0 0 0 1 0 2 0 0 0 2 0 0 2 0 0 0 -1 0 0 0 -1 0 0 -2 -2 0 0 0 0 0 0 -2 0 0 0 0 2 2 0 0 0 2 2 0 0 1 0 0 0 0 0 0 0 0 0 0 0 0 0 0 -2 0 0 2 0 0 0 -2 0 0 0 0 0 0 0 0 0 0 0 2 0 0 0 0 0 0 0 0 2 0 0 0 0 -2 0 0 -1 0 0 1 0 0 0 0 0 0 2 0 0 0 0 0 0 0 0 2 0 0 -1 0 2 
-1 0 0 0 0 0 0 0 0 0 0 2 0 0 0 -2 0 0 0 0 0 0 -2 0 0 0 -2 0 -2 1 2 0 0 0 0 0 0 0 2 0 -2 1 0 0 0 -2 0 0 0 0 0 -2 -1 0 0 1 0 1 0 0 0 0 0 0 0 0 0 0 -1 0 0 0 2 1 0 0 0 0 0 0 0 0 0 0 1 -2 0 0 0 0 0 0 0 0 0 0 -1 0 0 0 0 0 -1 0 0 2 0 0 0 0 0 -2 0 0 -2 0 0 0 0 0 0 0 0 0 0 0 0 0 0 0 0 0 0 0 0 0 0 0 0 0 0 0 0 0 0 0 0 0 0 0 0 0 -2 0 0 0 0 0 0 0 0 0 0 0 0 -2 0 -1 -2 0 0 0 0 2 0 0 0 0 0 0 0 0 0 0 0 0 0 0 -2 0 0 0 0 0 1 2 0 0 0 0 
0 0 -2 0 0 0 0 0 2 0 0 0 0 0 0 -1 1 0 0 0 0 0 0 1 -1 0 0 0 0 0 1 0 2 0 0 0 0 -2 -2 0 0 0 0 0 -2 -1 -2 0 0 0 0 -1 -2 0 0 0 0 0 2 0 0 0 0 0 0 0 0 2 0 0 0 0 0 1 0 0 -1 0 -1 0 0 0 0 0 0 0 1 2 0 0 0 0 2 0 0 0 0 0 0 0 0 0 -1 0 0 -2 0 0 -2 0 0 -1 0 0 0 0 0 -2 0 0 0 -2 0 2 0 0 0 2 0 1 0 0 1 0 0 0 2 0 1 -1 0 1 0 0 0 -1 0 0 0 0 0 -2 0 -1 0 0 0 0 0 0 0 0 0 -2 0 0 0 0 0 -2 0 0 0 0 0 0 0 2 0 0 0 0 0 0 0 0 -2 -2 2 0 0 0 0 0 0 0 0 -1 0 0 
0 0 0 0 0 0 0 0 0 0 0 0 -2 0 0 2 0 0 0 0 -2 0 0 0 0 0 0 0 0 0 0 0 2 0 0 0 -2 0 0 0 0 0 1 0 0 0 0 0 0 -1 0 0 0 0 2 0 0 1 -2 0 0 0 0 2 0 0 0 0 0 0 0 -1 -1 0 0 0 0 2 0 0 0 -2 0 0 0 0 0 0 -1 2 0 1 0 0 2 -1 0 0 0 2 0 0 0 0 0 0 0 -2 0 0 1 1 0 0 0 0 2 0 -2 0 0 0 0 0 0 1 0 0 1 0 0 0 0 0 0 -2 2 -1 0 0 0 0 -1 0 0 0 -2 0 0 0 0 0 0 -1 0 -2 0 0 0 0 2 0 0 0 0 0 0 0 -2 0 0 0 0 0 0 2 -1 0 0 2 0 2 0 0 0 0 -2 0 2 -2 0 0 0 0 0 0 0 2 0 2 
1 0 0 0 0 0 0 0 0 0 0 0 0 0 0 0 0 0 0 2 0 1 0 0 0 0 0 0 0 -2 0 0 0 0 0 0 0 0 0 -2 0 0 -1 0 0 -2 0 0 2 0 0 0 1 2 0 0 0 0 0 0 0 0 -1 0 0 -2 0 0 0 0 0 0 0 0 0 2 0 0 0 0 0 0 1 0 1 0 0 0 0 0 0 0 0 0 0 0 0 0 0 0 0 0 0 0 0 -1 0 0 0 0 -2 1 0 0 -2 0 0 0 0 -2 0 0 0 0 0 2 0 0 0 0 0 0 0 -1 0 -2 -1 -2 0 1 -2 0 0 0 2 0 0 -2 -2 1 0 1 0 -1 0 0 0 0 0 1 0 0 0 -2 2 0 0 2 1 0 0 0 0 0 0 0 0 0 0 0 0 0 2 0 0 0 0 -1 0 -1 -2 0 0 0 0 -2 0 0 -1 0 
0 0 1 0 2 1 0 0 -2 0 0 2 0 -2 0 0 0 0 0 0 1 0 0 0 0 2 0 0 -2 0 0 -2 0 0 1 0 0 -2 0 0 -1 0 0 0 0 1 0 0 0 0 0 0 -2 0 0 0 0 0 0 0 0 0 0 0 2 0 0 0 0 0 -1 0 0 0 2 0 0 0 0 0 0 -2 0 0 0 0 2 1 0 0 0 0 0 0 0 0 0 1 0 0 0 0 0 0 1 0 0 0 0 0 0 0 0 0 0 0 0 0 0 0 1 0 0 0 2 -2 0 0 0 0 0 0 -2 0 0 0 0 1 -2 0 -1 0 0 0 0 0 -2 0 0 0 2 2 -1 0 2 0 0 0 1 0 0 0 2 2 2 0 0 2 0 0 0 0 0 0 0 0 0 0 0 0 0 -2 0 0 0 0 -1 0 0 0 -1 0 -1 0 -1 0 -2 0 0 0 
0 2 0 0 -2 0 2 0 0 0 0 0 1 0 0 0 0 1 0 0 0 0 0 0 0 0 0 0 -2 0 0 0 0 0 0 0 0 0 -2 0 0 0 0 0 0 -1 -2 -1 2 0 0 0 0 0 0 0 -2 0 0 2 0 0 0 0 0 0 0 0 1 0 0 0 0 2 0 0 0 0 0 0 0 1 0 0 0 0 0 0 0 0 2 0 0 0 0 2 0 0 -1 2 0 0 0 0 0 0 0 0 0 0 0 0 0 0 0 0 0 0 0 1 0 0 -2 0 0 0 0 0 0 0 1 0 0 0 0 0 0 2 0 0 0 0 -1 0 0 0 0 0 1 0 0 0 1 -1 1 0 0 0 0 0 0 0 0 0 0 0 0 0 0 0 0 -2 0 2 0 0 0 0 0 0 0 0 0 0 -2 0 0 0 0 0 0 0 0 0 0 0 0 0 0 -1 
0 0 0 0 0 0 0 0 2 0 0 0 0 1 2 -2 1 0 0 0 0 -1 0 0 0 0 0 -1 0 0 0 0 0 0 2 0 0 -1 0 0 0 0 0 0 0 1 0 0 0 0 0 0 0 0 0 0 0 0 0 0 0 0 0 0 0 0 0 0 0 0 0 -2 0 0 0 0 1 0 0 0 0 0 -1 0 0 1 0 0 0 0 0 0 0 0 0 0 0 0 0 0 0 0 0 0 0 0 0 0 0 0 -2 0 0 0 0 0 0 2 0 -2 2 -1 0 0 0 0 0 0 -2 0 -1 0 0 1 0 0 0 0 -1 0 0 -1 0 0 0 0 -2 -1 0 2 -1 0 0 0 0 0 0 0 0 0 0 0 0 0 0 0 0 0 2 1 0 0 0 0 0 0 2 0 0 1 0 0 0 -2 1 0 0 0 0 -2 2 0 0 2 0 1 0 0 1 0 
0 0 0 0 0 0 1 0 0 0 0 0 0 0 0 0 0 -1 0 1 0 0 0 2 0 0 0 0 0 0 0 0 0 0 0 0 0 -1 0 0 0 0 -1 0 -2 0 2 -2 0 0 0 -1 0 -1 0 0 0 0 1 0 2 0 0 0 0 0 2 0 2 0 0 0 0 0 0 -2 0 2 0 0 0 0 0 0 0 0 0 -1 0 0 -2 0 0 0 0 0 0 0 0 1 2 0 0 0 0 -1 -1 -1 0 0 0 1 0 -1 2 1 2 0 1 0 2 0 1 0 0 0 0 0 0 0 0 0 0 2 0 0 0 0 0 0 1 0 0 0 0 0 2 0 0 0 0 0 -2 -2 0 2 1 -2 1 0 0 0 0 1 0 0 0 0 1 0 0 0 0 -2 0 0 0 1 0 0 0 0 0 0 0 -1 0 0 0 0 -2 0 0 0 -1 0 0 0 0 0 
2 0 0 0 0 0 0 1 0 0 0 1 0 0 -2 0 0 0 0 0 0 0 0 2 0 0 0 -2 0 0 0 0 0 -1 0 0 2 -2 0 0 0 0 0 0 0 0 0 0 0 0 0 0 0 0 -1 0 1 0 0 0 2 -1 2 0 0 0 0 0 0 0 0 0 0 0 0 1 0 1 0 0 1 0 0 0 2 0 0 0 0 0 0 0 0 0 0 2 1 0 2 0 0 0 0 0 -1 2 0 2 0 1 0 0 0 0 0 -1 0 0 0 0 0 0 0 0 0 0 0 0 0 0 0 0 1 0 -2 0 2 0 0 0 2 0 0 2 0 0 0 0 0 -2 0 0 0 0 0 0 0 0 0 0 0 0 0 -1 0 0 0 -1 0 2 0 0 0 0 0 0 0 2 0 -2 0 1 0 0 0 0 0 0 0 -2 -1 0 1 -2 0 0 0 0 0 1 
0 0 0 0 0 0 0 -1 0 -2 0 0 0 0 0 0 -2 0 -1 0 0 0 0 0 -1 0 0 0 0 0 0 0 0 0 0 0 -2 0 0 2 0 -2 0 0 0 -2 0 0 0 0 0 0 0 0 0 0 -2 0 0 0 0 2 0 0 0 0 -1 0 0 0 0 2 0 0 0 0 0 0 -1 0 0 0 0 2 0 0 0 0 0 0 0 1 0 2 0 0 0 0 0 0 0 0 0 0 0 0 0 0 0 0 0 0 2 -2 2 0 0 2 0 0 0 0 0 0 0 0 0 0 0 0 0 0 -1 -2 0 0 0 0 0 0 0 0 0 0 0 2 0 0 0 0 -1 0 1 0 0 0 0 -1 -2 0 0 0 0 0 0 0 0 0 0 0 0 0 0 0 0 0 0 0 0 -1 0 0 0 0 0 0 0 0 0 0 0 -2 -2 0 0 0 0 0 0 0 
2 0 0 -2 0 0 0 0 0 0 -2 0 0 0 0 0 0 0 0 0 2 1 0 1 0 0 0 0 0 0 0 2 0 0 0 0 2 0 -1 0 0 0 0 0 0 0 0 0 0 2 0 0 0 0 0 1 0 0 0 0 0 1 2 0 0 0 0 0 0 0 0 0 0 0 0 0 -1 0 0 0 0 0 0 0 0 0 0 2 0 0 0 0 -1 0 0 0 1 0 0 0 -2 0 0 0 0 0 0 0 0 0 -1 0 0 0 0 -2 0 0 0 0 0 0 0 0 2 1 0 -2 0 0 0 0 0 0 0 0 0 2 0 -2 0 0 0 0 0 -1 -1 2 0 0 0 0 0 1 0 0 0 0 0 0 0 -2 0 0 0 0 0 0 0 0 0 0 0 0 0 0 0 -2 2 0 0 0 0 0 0 0 0 0 0 0 0 -2 0 -2 0 0 0 0 0 2 
0 0 0 0 0 0 0 -1 -1 0 0 0 0 0 2 0 0 0 0 0 0 0 0 -1 0 -1 0 0 0 0 0 0 0 0 0 0 0 0 0 0 0 2 0 0 -2 0 0 0 0 -2 0 0 0 0 0 0 0 0 0 -2 0 0 0 2 0 0 0 0 0 0 0 0 0 0 0 0 0 0 0 0 0 0 0 -1 0 2 0 0 0 2 0 0 0 0 0 0 -2 0 0 0 2 -2 0 0 0 0 0 0 0 0 -2 0 0 0 0 0 0 0 0 0 0 1 0 0 2 0 0 0 0 2 0 0 0 2 2 0 0 0 0 0 0 0 0 0 0 0 0 0 0 0 0 0 -1 -2 0 0 0 -1 0 0 0 0 1 0 0 0 0 0 1 0 2 0 2 0 0 -2 -1 1 0 0 0 0 0 0 0 0 0 0 0 -1 0 0 0 -2 2 0 0 0 -2 0 
0 0 0 0 0 0 -1 0 2 -2 0 0 0 2 0 0 0 0 0 0 -1 0 2 0 -1 -2 0 0 0 0 0 0 0 0 0 1 0 0 0 0 0 2 0 0 0 0 0 -2 0 0 0 0 2 0 0 0 0 0 0 1 0 0 0 1 0 0 0 0 0 0 0 0 0 0 0 0 0 0 0 0 1 0 0 0 0 0 0 0 0 0 0 2 0 0 0 0 1 0 0 0 0 -1 0 0 0 0 0 0 0 0 1 -1 0 0 0 -2 0 0 2 0 0 0 0 0 -2 0 -1 0 -2 2 0 0 0 2 -1 1 0 0 0 1 0 -1 -2 1 0 0 0 0 0 0 0 0 0 0 0 2 0 -2 0 1 0 0 0 0 0 0 0 0 0 -1 -2 0 0 0 0 0 0 0 0 2 0 0 2 1 1 0 0 0 0 0 0 0 0 0 0 0 0 0 0 0 
0 0 0 0 0 0 0 -2 2 0 0 0 0 0 0 0 0 0 0 -1 0 0 0 1 0 0 0 0 0 0 1 0 0 0 -1 0 0 0 1 0 2 0 -2 0 0 0 0 0 0 0 0 0 1 0 0 0 0 -2 0 2 0 0 0 0 0 0 -1 0 0 0 -2 0 0 0 0 0 1 0 0 0 0 -1 0 0 0 0 0 0 0 0 0 0 1 0 0 1 0 -1 0 0 0 2 1 0 0 0 0 0 0 1 -1 -2 0 0 0 0 1 0 0 0 -2 0 0 0 0 0 0 0 0 0 0 0 0 0 0 0 0 0 0 -1 0 0 0 0 0 1 0 0 1 0 2 0 0 -1 2 -2 0 0 0 0 -2 2 -1 0 0 -2 0 0 0 0 0 0 0 0 0 0 0 0 0 0 0 0 0 0 0 2 0 0 0 0 1 0 0 1 0 1 0 0 0 0 
0 0 2 0 0 0 -1 0 0 0 0 0 0 0 0 0 1 0 0 0 -2 0 0 1 0 0 0 -2 0 0 0 0 0 0 0 0 -1 2 0 0 0 0 0 0 0 2 -1 0 0 0 0 0 0 0 0 0 0 -1 0 0 0 0 0 0 0 0 0 -1 2 0 0 0 0 0 0 0 1 0 0 0 -1 0 -2 0 0 -1 0 0 0 0 -2 0 0 2 0 -2 0 0 0 -2 -1 0 0 0 0 0 0 0 1 -1 0 0 0 0 0 0 0 0 0 0 0 0 0 0 0 0 2 0 0 2 0 -2 0 -1 0 0 0 0 0 0 0 0 0 0 0 0 0 0 0 0 0 0 0 0 -1 2 1 0 0 0 0 0 0 0 0 0 0 0 -2 0 -1 -1 0 0 1 0 0 0 0 0 0 0 2 0 2 -2 0 0 0 0 0 0 0 0 0 0 0 0 0 0 
0 0 0 0 0 0 0 -2 0 2 -2 0 0 0 0 0 0 0 0 -2 2 0 1 2 0 0 0 0 0 1 -1 0 -2 0 -2 0 0 0 0 0 0 0 0 0 -2 0 0 0 0 0 0 0 0 0 0 0 0 0 0 2 1 0 0 0 0 0 0 0 1 -1 0 0 0 0 0 0 0 0 0 -1 0 0 -1 0 0 0 0 0 0 0 0 0 0 0 0 0 0 0 2 0 0 0 0 0 0 0 0 2 -1 0 0 0 2 0 0 1 0 0 -2 0 0 0 2 2 0 -2 0 0 0 0 0 0 0 0 2 0 0 0 1 1 -1 0 -2 0 0 -2 0 0 0 0 0 0 0 0 1 0 1 0 0 0 0 0 0 0 0 -1 0 0 0 1 -1 -1 0 1 0 0 0 0 1 0 0 0 0 0 0 -1 0 -1 2 0 0 0 -1 0 0 0 0 0 0 0 
0 0 0 0 2 0 0 0 0 0 0 -1 2 0 0 0 0 -2 1 0 0 0 0 0 0 0 0 1 0 0 0 0 -1 0 2 0 2 0 0 0 0 0 0 0 0 0 0 0 0 0 0 0 0 -1 -2 -2 1 0 0 0 -1 1 0 0 0 0 0 0 0 -2 2 0 0 0 0 0 0 0 0 -2 0 0 0 0 0 2 0 2 0 0 -1 0 0 0 0 0 0 0 2 0 0 0 -2 -1 0 0 0 0 0 0 0 -2 0 0 0 0 0 0 0 0 0 0 0 0 -2 0 1 0 0 0 0 0 -2 0 0 0 1 0 0 0 0 0 0 0 0 -1 0 1 0 2 0 -1 0 0 0 0 -1 0 1 0 0 0 0 0 0 0 0 0 0 0 0 -2 -1 0 0 -2 -1 0 0 0 -2 2 1 -2 2 0 0 0 0 0 0 -1 0 0 0 0 -1 -2 0 0 
2 0 -2 -1 2 0 -2 1 0 0 0 0 0 0 0 0 0 0 0 -2 0 0 0 0 0 0 0 0 -1 0 0 0 1 0 0 0 1 0 0 -1 0 0 2 0 0 0 0 0 0 0 1 0 0 0 -2 0 0 -1 -2 0 0 1 0 0 0 0 0 0 0 0 0 0 0 0 0 0 0 0 0 0 0 1 0 0 0 0 0 1 0 0 0 0 0 0 0 0 1 0 0 0 0 0 0 -1 0 0 2 0 0 0 0 0 0 0 -2 0 0 -2 0 0 0 0 0 0 0 -1 0 0 0 0 0 2 0 0 0 0 0 0 0 0 0 0 0 0 0 2 0 0 0 0 0 0 0 0 0 -1 0 0 2 0 0 0 0 0 0 0 0 0 -1 0 0 0 0 -1 0 0 0 0 0 0 -1 0 0 0 2 0 1 0 0 2 2 0 2 0 1 0 0 0 0 1 
-1 0 0 0 0 0 0 -2 0 0 0 0 0 0 0 -1 0 0 0 0 0 0 0 0 0 0 0 0 0 0 0 0 0 0 -1 0 0 0 0 0 1 -1 0 0 0 0 0 0 -2 0 0 0 0 2 0 0 0 0 0 0 0 0 -2 0 0 0 0 0 0 0 0 0 0 0 0 2 1 0 0 0 0 0 -2 0 0 0 0 0 1 0 0 0 2 0 0 0 2 0 2 0 0 0 0 2 0 0 0 0 0 -1 0 0 0 -2 0 0 0 0 -1 -2 0 0 0 0 0 0 0 -2 0 0 0 0 -1 0 0 0 0 0 0 0 0 0 1 1 0 0 0 2 -1 0 0 0 0 0 0 0 0 0 0 0 0 0 0 0 0 0 -2 0 2 0 2 0 0 0 -1 0 2 0 0 0 1 0 0 0 0 1 0 0 0 0 1 0 0 0 0 1 2 0 0 0 
-1 0 0 0 0 0 0 -1 -1 0 0 0 0 0 0 0 2 0 -1 2 0 0 0 0 0 -2 0 0 0 0 0 2 -2 0 0 1 0 0 0 0 0 0 0 0 0 0 0 2 0 0 0 -1 1 0 0 0 0 0 1 0 -2 0 2 0 -1 0 -2 0 -2 0 0 0 0 0 0 0 0 0 0 0 0 0 1 -2 0 2 0 0 0 0 -1 0 0 0 0 0 1 0 0 0 0 0 1 0 0 0 0 0 2 0 0 -1 0 -1 2 0 0 0 2 0 -1 2 0 0 1 0 0 0 0 0 0 0 0 0 0 0 0 0 0 0 -2 0 -2 0 0 -1 -1 0 0 0 0 0 0 0 0 0 0 0 0 -1 0 0 2 2 0 0 0 0 0 0 0 0 -2 0 0 0 2 0 0 0 0 1 -1 -2 0 2 0 0 0 0 0 1 0 0 0 0 0 0 0 0 
1 0 2 0 -1 0 0 0 1 0 0 0 0 0 0 0 0 0 0 0 0 0 0 -2 0 0 0 0 1 -1 2 -2 2 0 0 0 0 0 0 0 0 2 0 0 0 0 0 0 0 0 0 2 -1 0 1 0 0 -1 0 0 0 0 0 0 0 0 0 0 -2 0 0 0 0 0 0 0 0 0 0 0 0 0 0 0 0 0 1 -1 0 0 0 0 0 0 0 0 -2 0 0 0 -1 0 0 0 -1 0 0 -1 0 0 0 0 0 0 0 0 1 0 0 0 0 0 0 0 1 0 0 0 0 0 0 0 0 -1 0 -2 2 0 0 0 0 2 0 0 0 1 2 0 0 1 0 0 -2 -2 0 0 0 0 0 0 0 0 0 0 0 0 0 0 -1 0 0 0 0 -1 0 0 0 0 0 0 0 1 -2 0 0 0 1 0 0 -2 0 0 0 0 0 0 1 0 0 0 
0 0 -2 0 0 0 0 0 0 0 0 0 0 0 0 0 0 0 0 0 2 0 0 1 2 0 0 0 1 -2 0 0 0 0 0 -1 0 1 -2 2 0 -1 0 0 0 1 -1 0 0 0 0 0 0 0 0 0 0 0 0 0 -1 0 0 0 1 2 1 0 0 0 0 0 0 1 2 0 0 0 -1 0 0 -2 1 0 0 0 0 0 2 0 -1 1 1 1 1 0 0 0 0 0 0 0 0 0 1 0 0 0 0 0 0 0 0 0 0 0 -1 0 0 0 0 0 0 0 0 0 0 0 0 0 0 0 0 0 0 0 1 -2 0 0 -2 0 0 0 0 0 2 0 0 0 1 0 -1 0 0 0 0 0 0 0 0 0 0 0 0 0 0 2 0 0 2 0 0 0 1 -1 -1 0 0 0 0 -2 0 0 0 0 0 -2 2 0 0 -2 0 0 0 0 0 0 -2 0 
0 -1 -2 -2 0 0 0 0 0 0 0 2 0 0 0 2 0 0 0 0 0 0 -1 0 2 0 0 0 0 0 0 0 2 0 0 0 2 -1 1 2 0 0 0 0 0 0 2 0 2 1 2 1 0 2 0 0 1 0 0 0 0 0 0 0 0 0 1 0 0 0 0 0 0 0 0 0 0 0 -1 0 2 0 -2 0 0 -2 0 0 0 0 0 0 0 0 0 0 0 0 0 0 0 0 0 0 0 2 2 0 0 0 0 0 0 0 1 0 0 0 2 0 0 -1 0 0 0 0 0 0 -2 0 0 0 0 0 1 0 -2 0 0 1 0 0 0 0 1 0 -1 0 0 0 0 0 -2 0 0 0 0 0 0 0 0 -2 0 0 0 0 0 0 0 0 0 0 0 0 0 0 -2 0 2 0 0 0 0 0 -1 0 -1 -2 0 0 0 2 0 -1 0 0 -2 0 0 2 
0 0 0 2 0 0 0 0 0 0 0 0 0 0 0 0 0 0 0 0 0 0 2 0 0 0 0 0 0 0 0 0 0 1 -2 0 -1 0 0 -1 0 -1 2 0 0 0 0 0 0 0 0 0 0 0 0 -2 0 0 0 0 -2 0 0 0 0 -2 0 0 0 2 0 0 0 0 0 0 0 0 1 0 0 2 0 0 0 -2 0 0 0 0 0 0 0 0 -1 0 0 0 0 0 0 0 0 0 0 0 0 0 0 0 0 0 0 0 0 0 0 0 0 0 0 0 0 0 0 0 0 0 0 2 0 0 -1 0 -1 0 2 0 2 0 0 0 0 0 0 0 -1 0 0 0 0 0 0 -2 0 0 0 0 0 0 0 0 0 0 -1 0 0 0 0 -2 0 0 0 0 0 0 0 0 0 0 0 0 0 -1 0 0 1 -2 0 -1 0 1 0 -2 -1 0 1 0 0 0 
0 0 0 2 0 -1 0 -2 0 0 0 0 0 0 0 0 0 -2 0 0 -1 0 0 0 2 0 0 2 0 0 0 -2 0 0 0 1 0 1 0 -2 0 0 0 0 -2 0 0 0 0 0 0 0 -2 0 0 0 0 0 0 0 1 0 0 0 0 0 0 0 0 0 0 0 1 0 0 0 0 0 0 0 0 0 0 0 0 0 -2 0 0 0 0 0 2 0 0 0 0 1 1 0 0 0 0 0 -1 0 0 0 0 0 0 0 0 0 0 2 0 0 0 2 0 0 0 0 0 0 0 0 -2 0 0 0 0 -1 0 1 0 0 0 0 -2 0 0 -2 -1 0 0 0 -2 0 0 0 0 0 0 0 0 0 0 0 2 -2 0 0 0 0 0 0 0 0 0 -2 -1 0 0 0 0 0 0 0 0 0 -2 0 0 0 0 0 0 2 0 0 0 1 0 0 0 0 0 0 
0 0 0 0 2 0 0 2 0 0 0 1 0 0 0 0 0 0 0 0 0 -1 0 0 0 -1 0 0 0 0 0 0 0 0 1 -2 0 1 0 0 0 0 0 0 0 1 0 0 0 -2 0 1 0 0 0 0 0 0 0 0 0 0 0 0 0 2 -1 0 0 0 2 0 2 0 0 0 0 0 1 0 -2 0 0 0 0 -1 0 0 -1 0 0 0 0 0 0 2 0 0 -2 0 0 0 0 0 -1 0 0 0 0 0 0 0 0 0 0 0 0 0 1 0 -2 -1 0 1 -2 0 0 0 0 0 0 0 0 -1 2 -2 0 0 0 0 0 2 0 0 0 0 0 0 0 0 0 0 0 0 0 0 0 -1 0 2 0 -1 2 -1 0 -2 0 0 0 1 1 0 0 0 -1 0 0 0 0 -2 -1 0 0 0 0 0 0 0 0 -2 0 0 1 0 0 0 0 0 0 -2 
0 0 0 1 0 0 -1 0 0 0 0 0 0 0 0 0 0 0 2 0 0 0 0 0 1 0 0 2 0 0 0 0 0 1 0 0 0 0 1 0 0 0 0 0 -1 0 0 0 -1 0 2 0 0 0 0 0 0 0 0 1 0 0 0 0 0 0 0 0 -2 0 0 0 0 0 0 0 -1 0 0 0 -2 2 0 0 0 0 0 0 0 0 0 0 0 0 0 0 0 1 0 0 2 0 0 0 0 0 0 1 0 0 0 0 0 -1 0 0 0 0 2 0 0 0 0 0 0 1 2 0 -2 0 0 -2 0 0 1 0 0 0 0 1 0 0 0 0 1 0 0 0 0 -2 0 0 1 0 0 0 0 -1 0 -1 0 0 0 0 0 0 0 1 0 0 0 0 0 -2 0 0 0 0 0 0 -2 0 0 0 0 2 0 0 1 0 0 1 -1 0 0 0 0 0 0 0 
0 0 0 0 0 -1 2 0 0 0 0 0 0 0 0 -1 0 -2 0 0 0 0 0 0 0 0 0 0 0 0 0 0 2 0 0 0 0 0 0 0 0 0 2 0 0 0 0 0 1 2 0 0 0 0 0 0 2 -2 0 0 0 0 0 0 0 2 0 0 0 0 -1 0 0 0 2 -2 0 0 0 0 0 0 2 -1 0 0 0 2 0 0 0 0 0 0 0 0 0 0 0 0 0 0 0 1 0 0 0 0 0 0 0 0 0 0 0 0 0 -2 1 0 0 0 0 0 0 0 -1 0 0 -2 0 0 0 0 0 0 1 -2 0 0 0 1 -1 0 0 0 0 0 0 0 0 0 -2 0 0 0 1 0 0 -1 0 0 0 -2 0 0 0 0 0 0 0 0 0 0 0 0 1 0 0 0 0 0 0 0 0 0 -1 0 0 0 0 2 0 0 0 0 -2 0 0 0 
0 0 0 0 0 1 0 1 0 0 0 0 0 0 0 0 -1 0 0 0 1 0 -1 -1 0 0 0 0 -2 0 0 0 0 0 1 0 2 0 0 0 0 0 0 0 0 0 0 0 0 0 0 0 0 0 -1 -2 0 0 0 0 0 -2 0 -1 0 0 0 0 2 1 0 -2 0 0 0 0 0 0 0 -2 0 0 0 0 0 0 0 0 0 0 0 1 0 0 -1 0 0 0 0 0 0 0 0 0 0 1 0 0 0 0 0 0 0 0 0 0 0 0 -1 0 0 0 0 2 0 0 0 0 0 0 0 0 0 -1 0 1 0 0 0 0 0 0 0 0 -1 0 0 0 0 0 0 0 0 0 0 0 0 0 0 0 0 0 2 -1 2 0 0 0 0 0 0 0 0 0 0 0 0 1 0 1 1 -1 0 0 0 0 0 0 0 0 0 0 1 1 0 0 0 0 0 0 
0 0 0 0 0 0 0 0 0 0 0 0 0 0 0 0 0 0 0 -1 0 0 0 1 1 0 0 0 0 0 -2 0 1 0 -1 2 -1 0 0 0 1 -1 0 0 0 0 0 0 -1 0 0 0 0 -1 0 0 2 0 0 -1 0 1 0 0 0 0 0 0 2 0 0 0 0 0 0 0 -1 0 0 0 0 0 0 0 1 0 0 0 0 0 0 0 1 0 0 0 0 0 1 -1 0 0 -1 0 0 0 0 0 0 0 0 -2 1 1 2 1 0 0 0 0 1 0 0 0 0 0 0 0 0 0 0 0 -1 0 0 0 0 0 0 0 0 0 0 0 0 0 0 0 -2 0 0 0 0 0 0 0 -2 0 0 -1 0 0 0 0 0 0 0 0 0 2 0 0 0 0 0 0 0 0 0 0 -2 0 0 0 0 0 0 0 0 0 0 2 -1 0 0 0 0 0 0 -2 
0 1 2 0 0 0 0 0 0 -1 0 0 -2 0 0 0 0 0 0 0 0 0 0 1 0 0 0 0 0 2 0 1 0 1 -2 0 0 0 0 0 -2 0 1 0 -2 -2 0 0 0 -1 0 0 0 0 0 -2 0 0 0 0 0 0 0 0 0 0 2 0 0 -2 0 0 0 0 0 0 0 0 0 0 0 0 0 0 0 -1 0 0 1 0 -2 1 0 0 0 0 0 0 0 0 0 0 0 0 1 0 1 0 0 0 0 0 2 0 0 0 0 0 0 0 0 0 0 0 0 -2 0 0 0 0 0 0 0 0 0 0 0 0 0 1 0 0 0 1 0 0 0 0 2 0 1 0 0 0 0 0 0 0 2 1 -2 0 0 1 0 0 0 0 0 0 0 0 0 0 0 -2 0 0 0 0 0 0 0 0 0 0 1 0 0 2 -2 0 0 0 0 0 0 0 0 0 
-2 -1 0 0 0 0 0 0 0 0 0 0 -2 0 2 0 0 0 0 0 0 0 0 0 0 0 0 0 2 0 0 -2 2 0 0 -1 0 -2 0 -1 0 0 0 0 0 0 0 0 0 0 -2 0 0 0 0 0 -1 0 0 0 2 0 0 0 0 0 0 1 -2 0 0 0 0 0 0 0 0 0 0 0 0 0 0 1 0 0 2 0 0 0 0 0 2 -1 0 -2 2 0 -1 0 0 -2 0 0 0 0 0 0 0 2 0 0 -1 0 -1 2 0 0 0 0 0 0 0 0 0 0 -2 0 0 0 0 0 0 0 0 -2 0 1 0 0 0 -2 0 0 0 0 0 2 0 0 1 -1 0 0 0 0 -2 0 0 -1 2 -1 0 0 0 0 0 0 0 0 0 0 -1 0 -1 0 0 -1 0 0 0 0 0 0 0 0 0 1 0 1 0 0 0 0 0 0 0 0 2 0 
0 0 0 -2 0 0 0 0 0 0 0 0 0 0 -2 0 0 0 0 0 0 0 0 0 0 2 0 -1 0 0 -2 0 0 0 0 -1 0 0 -2 0 0 2 2 0 -1 0 0 0 -2 -1 0 0 0 0 0 0 2 1 -1 0 0 0 0 0 0 0 0 0 0 0 0 0 2 0 0 0 0 0 0 0 0 -1 0 0 0 0 0 0 0 0 0 0 -2 0 2 0 0 0 0 0 0 0 -1 0 0 0 0 0 0 0 0 0 0 0 0 0 0 -2 0 0 0 0 0 0 0 -2 0 1 0 0 0 0 0 0 0 0 0 0 0 0 -1 0 0 0 0 0 0 0 -1 0 0 0 0 0 0 0 0 0 0 -1 0 0 1 0 -1 0 0 0 2 0 0 0 0 0 0 0 0 0 0 0 0 -1 2 0 0 0 0 1 0 0 0 0 0 0 0 0 0 0 0 0 
0 0 0 -1 0 -1 0 0 0 0 0 0 0 0 0 0 0 0 2 0 0 1 0 0 0 0 0 0 0 0 0 2 0 0 0 -1 0 0 0 0 0 0 0 0 0 0 0 0 2 0 0 0 0 0 0 0 0 0 0 -1 0 0 0 0 0 0 0 0 -2 0 0 0 0 0 0 0 1 2 -2 -2 0 0 0 0 0 0 0 2 0 0 -1 0 0 0 0 0 0 0 0 0 1 0 0 0 0 -2 0 -2 -1 0 0 0 0 0 0 0 0 0 1 0 0 0 1 -1 0 0 0 2 0 0 -1 0 0 0 0 0 0 1 0 0 0 0 0 0 0 0 0 0 0 -2 0 0 0 0 0 1 0 0 0 0 -2 0 1 0 0 0 1 0 0 0 0 0 0 0 0 0 0 0 0 -2 1 0 0 0 0 0 0 0 0 0 -2 0 0 0 0 0 0 -2 1 0 
0 0 0 0 1 0 0 1 0 0 0 0 0 0 2 0 0 0 1 0 0 0 0 0 0 0 0 0 0 0 2 -2 0 0 0 0 0 0 0 -2 0 0 0 1 -1 0 0 0 0 0 0 0 0 0 1 0 0 0 -1 0 0 0 -2 0 0 0 0 0 0 2 0 0 0 0 0 0 0 0 0 1 0 0 0 0 0 -2 0 0 -1 0 0 0 0 0 0 0 0 0 0 0 0 0 0 0 0 2 0 0 0 0 0 -1 2 0 0 0 0 0 0 0 -2 0 0 -2 0 0 0 0 0 0 1 0 0 0 0 0 0 2 2 0 0 0 -1 1 0 0 -1 0 0 0 -2 0 0 -1 0 -2 0 0 0 0 0 1 0 0 -2 2 0 0 0 0 0 0 0 0 0 2 1 0 0 0 0 0 0 0 0 0 -1 0 0 0 0 0 0 0 0 0 1 0 0 0 
-2 0 2 0 0 0 0 -1 0 0 -1 1 0 0 0 0 0 0 0 -1 2 -1 1 0 0 2 0 0 0 0 2 0 0 0 0 0 0 -2 0 0 0 0 0 0 0 1 0 -2 0 0 -1 0 0 0 -2 0 0 -2 -1 0 0 1 0 0 0 0 0 0 0 0 0 0 0 0 2 0 0 0 0 1 0 2 0 0 0 0 0 1 -1 0 0 0 0 1 0 2 0 0 0 0 0 0 0 0 0 0 -2 0 0 -1 1 -1 0 0 0 -2 0 0 0 1 0 0 0 2 -1 0 0 -2 1 0 0 0 0 0 0 0 0 1 0 0 0 0 0 0 0 -2 -1 1 0 2 0 0 1 0 0 1 0 0 0 0 0 0 1 0 0 0 -2 0 0 1 0 0 0 0 1 0 -2 0 0 0 0 0 0 0 0 0 0 0 0 0 0 0 0 0 0 0 0 0 0 0 
0 0 0 0 -1 0 0 0 2 2 0 0 0 0 0 -1 -2 0 0 0 0 0 0 0 0 0 0 0 0 0 0 0 0 0 0 0 0 2 0 0 0 -1 -2 0 0 0 -2 0 0 0 -2 0 0 0 0 1 0 0 0 0 0 0 -2 -2 0 -1 0 0 0 2 0 0 0 0 0 0 0 0 0 0 0 0 0 0 0 0 2 0 0 0 0 1 0 0 2 0 0 0 0 0 0 0 -1 0 0 0 0 0 0 0 0 0 0 0 0 -2 0 0 0 0 0 0 0 0 0 0 0 1 0 0 0 0 1 0 0 -1 0 1 0 0 0 0 2 0 -2 -2 0 0 0 0 2 0 0 2 0 0 0 0 0 0 0 0 -1 0 0 0 0 0 0 0 0 1 0 0 0 0 0 0 0 0 0 -2 0 2 -2 0 0 0 0 2 0 0 0 0 1 0 -2 0 0 0 
0 0 2 0 0 0 0 0 0 0 0 0 0 1 0 0 -1 0 0 0 0 0 0 0 0 2 0 0 0 0 0 0 0 0 0 -1 0 0 0 1 0 0 0 -1 0 0 0 0 0 1 0 0 0 -1 0 0 0 0 0 0 0 0 0 0 -2 0 0 0 0 0 0 1 0 0 0 0 -2 0 2 0 -2 0 0 0 0 -1 0 0 0 0 -2 0 0 0 0 0 0 2 0 0 1 0 0 0 0 0 0 1 0 0 0 0 0 0 0 0 0 0 -2 0 0 0 0 0 0 0 -2 0 0 0 -2 0 0 0 1 0 0 0 0 0 0 0 0 0 1 0 0 0 0 0 0 2 -2 0 0 1 0 0 0 0 0 1 0 2 0 0 0 0 0 0 0 0 0 0 0 0 0 0 0 0 0 1 0 0 2 0 -2 0 0 0 0 0 0 0 0 0 0 -1 0 0 
0 0 0 0 0 0 2 0 -1 1 0 1 0 0 1 0 0 2 0 0 0 1 0 0 -1 -2 0 0 0 0 0 -2 0 0 0 -2 0 0 0 1 2 0 -1 0 0 0 1 0 1 0 -2 0 0 2 -2 -1 0 1 0 0 1 1 0 2 0 -2 0 0 -1 0 0 0 0 0 0 0 0 0 0 0 0 0 0 0 0 0 0 0 0 0 -2 0 0 0 0 0 -1 2 2 -1 0 0 0 1 2 0 0 0 0 0 -2 0 0 0 0 0 0 0 0 -2 -2 0 0 0 0 0 -1 0 1 0 0 0 0 0 -2 1 2 -1 -2 0 0 0 0 0 0 0 2 0 1 0 0 0 0 0 0 -1 0 0 0 -2 0 0 0 0 0 0 0 0 1 0 0 -1 -1 -1 -2 -1 0 0 0 0 0 0 0 0 0 0 0 -2 0 0 -1 0 0 0 -2 0 0 0 -2 0 
0 0 -1 0 0 0 0 2 0 0 0 0 0 0 0 0 0 0 0 0 0 -1 0 2 -1 0 1 0 0 0 0 0 2 -1 -2 0 -1 0 0 0 0 -1 0 0 0 0 0 0 0 0 0 -2 0 0 0 -1 0 0 0 0 0 0 -2 0 0 1 0 0 0 0 0 2 0 0 0 0 0 -1 0 0 0 0 0 0 0 0 0 0 0 -2 0 0 0 1 0 0 0 0 0 0 0 -1 0 0 0 0 0 0 2 0 0 2 0 0 0 0 0 -2 0 1 0 0 0 0 0 1 1 -2 0 -1 0 0 0 0 -1 0 0 -2 0 0 0 -2 0 0 -2 0 0 0 0 0 0 -2 0 -2 0 0 0 0 0 0 0 -2 0 1 0 0 0 0 0 0 0 0 1 0 0 0 -2 0 0 0 0 -2 -1 0 1 0 0 0 -1 0 0 0 0 0 0 0 0 0 0 -1 
0 0 0 1 0 0 0 0 0 0 0 2 0 0 1 0 0 0 0 0 0 0 0 0 0 0 1 0 -1 -2 0 2 1 0 0 0 0 2 -1 -2 0 0 0 -1 0 0 -1 -1 -1 0 0 0 0 0 0 0 0 1 1 0 0 0 0 0 0 0 0 0 0 0 0 0 2 0 2 0 0 0 0 0 0 0 0 0 0 0 0 2 0 0 0 0 0 0 0 -2 0 0 0 0 0 0 0 0 0 0 0 1 0 -1 1 0 0 0 0 0 0 0 0 -1 0 0 0 0 0 0 0 -1 0 0 0 0 0 0 -2 0 0 0 0 0 0 -2 2 1 1 0 0 0 0 0 0 0 0 0 0 0 0 0 0 0 0 0 0 1 0 0 -1 2 0 0 0 1 0 0 0 0 -2 0 0 0 0 0 0 0 0 2 0 0 0 0 0 0 1 0 0 0 0 0 0 0 
0 -1 0 0 0 0 1 -2 -2 0 0 0 0 0 1 0 0 0 1 1 0 0 2 0 0 0 0 0 -2 -1 -2 0 0 2 0 0 0 0 0 0 0 0 0 0 0 0 0 0 0 0 0 0 0 0 0 0 0 0 -1 0 -2 0 0 0 0 0 0 0 1 0 0 0 0 0 0 0 0 0 0 -2 0 0 2 0 0 -1 0 0 0 0 0 0 -1 0 0 -1 -2 0 0 0 0 0 0 0 1 0 -1 2 0 1 0 0 0 0 -2 0 0 0 0 0 0 0 0 0 0 0 0 0 0 0 0 0 1 0 0 0 0 -1 0 0 2 0 -1 0 0 -1 0 0 0 0 0 0 -2 1 0 0 0 0 0 0 0 0 0 0 0 0 -1 0 0 0 2 0 0 0 0 -2 0 0 1 0 0 0 -2 -2 0 0 0 0 0 2 0 0 0 0 0 -2 0 0 0 0 
0 0 0 0 0 0 0 0 0 0 0 0 0 0 1 0 0 0 0 0 0 0 0 1 0 0 0 1 0 -1 0 2 0 0 0 0 -2 -2 0 0 0 0 0 0 -2 0 0 0 0 0 2 0 0 0 0 -1 0 1 0 0 0 0 0 0 0 0 0 0 0 0 2 0 0 0 -2 1 0 0 0 0 0 0 0 0 0 0 0 -2 0 0 1 2 0 0 0 0 0 1 0 0 0 1 0 0 0 0 0 -2 0 0 2 1 0 0 0 0 -2 0 0 0 0 0 0 0 0 0 0 0 0 0 -1 1 0 0 0 0 2 0 0 0 0 0 0 0 0 -1 0 0 0 0 0 0 -2 0 0 -1 1 -1 0 0 0 0 0 0 0 0 0 0 0 0 0 1 0 1 2 1 0 1 1 0 0 0 0 -2 2 1 0 0 0 1 -2 0 0 -2 0 1 0 0 0 0 
0 0 0 0 0 0 0 0 0 0 0 0 0 0 0 0 -1 0 1 0 0 0 -1 0 -1 0 -2 0 0 0 0 0 0 0 0 0 0 0 2 0 1 0 -1 0 0 0 0 0 1 0 0 0 2 0 0 0 0 0 0 0 1 2 0 0 0 0 0 0 -1 0 0 0 0 2 1 0 0 0 -1 0 0 0 0 0 0 0 0 -2 0 0 1 0 0 2 0 0 0 2 0 0 0 0 0 0 2 0 0 0 0 1 0 0 0 0 2 0 0 0 0 1 0 1 0 0 0 0 0 0 0 0 -2 0 0 -2 0 0 0 1 0 0 0 -2 -1 0 0 2 0 0 0 0 0 0 0 0 0 0 0 0 0 2 -2 2 0 -1 -2 0 0 0 1 -2 0 0 0 0 0 0 0 0 0 0 0 0 0 0 0 0 0 0 0 0 0 0 0 0 0 0 0 0 0 0 
0 0 0 0 -2 0 -2 0 0 -2 0 2 0 0 0 0 0 0 0 0 0 0 0 0 0 0 0 0 0 0 0 0 0 0 -1 0 0 0 0 0 0 0 0 0 0 0 0 -1 0 0 0 0 0 0 0 0 0 0 0 0 0 0 0 -1 0 0 2 0 0 -2 0 0 0 -2 0 0 1 0 2 -2 0 0 0 0 0 0 -2 0 2 0 0 0 0 0 1 2 0 0 -1 1 -2 0 0 0 0 0 0 0 0 -1 0 0 0 0 2 0 0 0 0 0 0 0 0 0 -2 1 0 1 -2 0 1 0 -2 0 0 0 0 0 0 0 0 0 0 0 0 0 0 0 0 0 0 0 0 0 -1 0 0 0 0 0 2 0 0 0 0 0 0 0 2 0 0 0 0 0 0 0 0 0 0 2 -2 0 0 0 0 0 0 0 0 0 0 -1 0 0 0 -2 0 0 0 0 
0 0 0 0 0 0 0 2 0 0 0 0 0 0 -2 0 0 0 0 0 2 0 0 0 0 0 0 0 0 0 0 0 0 0 -1 0 0 -1 2 0 0 2 0 0 -2 0 1 0 0 0 -1 0 0 0 0 0 0 0 0 0 -2 0 2 0 -2 0 2 0 0 0 0 2 1 0 0 0 0 0 0 0 0 0 0 0 0 0 -1 0 0 0 0 0 0 0 0 0 0 0 0 -1 0 -2 0 2 0 2 0 -1 0 0 0 0 0 0 0 0 0 0 -2 0 0 0 0 0 0 0 0 0 0 0 0 0 0 -1 0 -2 0 0 0 0 0 0 0 0 0 1 0 0 0 0 0 0 -1 0 0 0 0 0 0 -2 0 0 0 0 0 0 0 0 0 -2 0 0 0 0 0 0 0 -2 0 0 0 0 0 0 1 0 0 0 0 0 0 1 -2 0 0 0 0 0 1 0 
2 2 0 0 0 0 0 -2 0 1 0 0 0 0 0 0 0 0 0 0 0 0 0 1 -2 0 0 0 -2 1 -1 0 1 0 0 0 0 0 -1 0 0 0 -2 0 0 2 0 -1 0 0 0 0 0 0 0 0 0 0 0 0 0 -2 1 0 0 0 2 0 0 0 0 0 0 0 0 0 0 0 0 0 2 0 0 0 0 0 0 0 0 1 -2 0 0 -2 0 0 2 0 -2 -1 0 0 0 0 0 0 0 1 0 0 0 0 0 0 0 0 0 0 0 0 0 0 0 0 0 0 2 0 -1 -1 0 0 0 0 0 0 1 0 0 0 0 1 2 0 0 -1 0 0 0 0 0 2 0 0 0 0 0 -1 1 0 0 0 0 -1 0 0 0 0 0 0 0 0 0 0 0 0 -1 0 0 0 0 2 -2 0 -1 0 1 0 -2 0 -2 0 0 0 1 -1 0 0 0 0 
2 0 0 0 -2 -1 0 0 0 0 0 0 0 -2 0 0 0 2 0 0 -2 0 0 0 0 0 0 1 0 0 0 0 0 0 0 0 0 1 0 1 0 -2 0 0 2 0 0 0 0 0 2 2 2 0 0 0 0 0 0 0 0 0 1 0 0 0 0 -2 2 0 0 2 0 -2 0 0 0 0 0 2 0 0 0 0 0 0 0 -1 0 0 0 -2 0 0 0 0 0 0 0 2 0 0 0 2 0 0 1 0 0 0 -1 1 0 2 0 -1 0 0 0 0 2 2 -1 0 0 0 0 0 -2 0 -1 0 0 0 0 0 2 0 0 0 -2 0 -2 0 0 0 0 0 0 -1 2 0 0 1 0 0 0 0 -2 0 0 0 1 0 0 0 1 2 -1 -2 0 1 0 -1 0 0 0 0 0 0 -2 0 0 0 0 0 0 0 0 0 0 0 0 0 1 0 0 0 -1 0 
0 2 -2 0 0 0 0 0 -2 0 2 0 0 1 0 0 0 0 0 0 0 0 0 0 0 0 0 0 0 0 -1 0 1 0 0 0 0 0 1 -2 0 0 0 0 0 0 -2 0 0 0 0 0 0 0 2 -1 0 0 0 -2 0 0 0 0 0 2 0 0 0 0 0 0 0 0 0 -1 -1 0 0 0 0 0 -2 1 0 0 0 0 1 2 -1 0 0 0 1 0 -2 1 -1 1 0 0 0 1 0 0 0 0 0 0 0 0 0 0 0 0 0 0 0 0 -1 0 0 0 0 -2 0 0 0 0 1 0 0 0 0 0 0 0 0 0 0 1 0 2 0 0 0 0 0 0 0 0 0 0 -2 0 0 0 0 0 -1 0 0 0 0 0 -1 0 0 0 0 -2 0 0 1 0 0 0 0 0 0 0 0 0 0 0 0 0 0 0 -1 0 0 0 0 0 0 0 0 0 
0 0 -2 0 0 2 0 0 0 0 0 0 0 0 0 1 0 0 0 0 0 0 -2 2 0 0 0 -2 0 0 0 0 0 0 0 0 0 0 -2 0 0 0 0 0 0 0 0 0 0 -2 0 0 0 0 -1 0 0 0 0 0 0 0 0 2 0 0 0 0 0 -2 2 0 2 0 0 0 0 0 0 0 -2 0 -2 0 -1 2 0 0 -2 -1 0 0 0 0 -2 -2 0 0 0 -2 -2 0 0 -1 0 0 0 0 0 0 0 0 0 0 0 0 -1 0 0 1 0 0 0 0 0 0 0 1 -1 0 0 0 0 0 -2 0 0 0 -2 0 0 0 0 0 0 -1 0 0 -1 0 0 0 0 -2 0 0 0 0 0 0 -1 0 0 -2 0 0 0 1 -1 -1 0 0 0 0 0 0 0 0 -2 0 0 0 0 0 0 0 0 0 0 0 0 0 0 0 0 0 0 0 -2 0 
1 0 0 0 0 -1 2 0 0 -2 0 0 0 0 0 0 0 0 0 0 0 1 0 0 0 0 0 2 0 -1 1 1 0 0 0 -1 0 0 0 0 0 0 0 0 0 0 0 1 -1 0 2 0 1 0 -1 0 0 0 -2 2 0 0 0 0 0 -1 2 0 0 0 0 0 0 0 0 0 0 0 -1 0 0 0 2 0 0 2 0 0 0 -2 0 0 0 0 0 0 0 0 0 0 0 0 0 0 -2 0 0 0 0 0 0 0 0 0 0 0 1 0 0 0 0 0 0 1 0 0 0 0 0 -1 0 0 -1 0 0 0 0 0 0 1 -2 0 0 0 -1 0 0 0 0 0 0 0 0 0 0 0 0 0 0 0 0 0 1 -1 0 0 0 0 0 0 0 0 0 0 0 0 0 0 0 0 2 0 0 0 0 0 0 0 0 0 0 0 -1 0 0 0 0 0 0 -1 
0 0 1 0 1 1 2 0 0 -2 0 0 0 0 1 0 0 1 0 0 0 0 0 0 0 0 0 0 0 0 0 -1 0 0 0 1 0 1 0 0 0 0 0 0 0 0 -1 0 -1 0 0 0 -2 0 0 0 0 0 0 0 2 0 0 0 0 0 0 0 1 0 0 0 -2 0 0 0 2 0 0 0 2 0 0 0 0 0 1 2 0 0 0 0 0 -1 0 0 0 0 0 0 0 0 0 0 0 0 0 0 0 0 0 0 0 0 0 0 0 0 0 0 0 0 -1 0 0 0 2 0 -2 0 0 0 0 1 0 0 0 -2 0 0 0 1 2 0 0 1 0 0 0 0 0 0 -2 0 0 0 0 0 1 0 0 0 0 0 0 0 0 -2 0 0 0 0 0 0 0 0 0 0 -1 0 0 0 0 0 -2 0 0 0 0 -1 -1 0 0 1 0 0 0 -2 0 0 
0 0 -2 0 0 0 0 0 0 -2 2 0 0 0 0 0 0 0 0 0 0 0 0 0 0 1 0 0 0 0 0 0 0 0 0 0 0 0 0 0 0 0 0 -1 0 -2 0 0 0 0 0 0 0 1 0 0 0 0 0 0 0 0 0 0 1 0 0 0 0 0 0 1 0 0 0 1 0 0 0 -1 0 0 0 0 0 0 -1 0 0 0 0 1 0 0 0 1 -1 0 2 0 -1 0 0 0 2 0 0 0 0 0 0 0 0 0 1 0 0 0 0 0 0 0 0 0 -1 0 0 0 0 0 0 0 0 0 0 0 2 0 0 0 0 0 0 0 2 1 0 0 0 0 0 -1 0 0 0 0 0 0 0 0 0 -1 0 0 0 0 0 1 0 0 0 0 0 0 0 -2 -2 0 0 0 0 0 0 -2 0 0 0 0 0 2 0 0 0 0 0 0 0 0 0 2 
0 0 0 0 0 0 0 0 0 -2 0 0 0 0 0 0 0 0 0 1 0 0 0 0 -2 0 0 0 0 0 0 0 1 0 0 0 0 0 0 -2 -2 0 0 0 0 0 0 0 0 0 0 0 0 2 0 -2 0 1 0 0 0 0 0 0 0 1 0 0 2 0 0 0 0 0 1 0 -2 0 0 0 0 0 0 0 0 0 0 0 0 0 0 0 0 0 0 2 0 0 -2 0 0 0 0 -1 0 0 0 0 0 0 0 0 0 -2 0 0 0 0 0 0 0 -2 -2 0 1 0 0 0 -2 0 -2 0 0 -2 0 0 0 0 2 0 0 0 0 2 0 2 0 0 0 0 0 -2 0 0 0 -2 0 0 -2 0 0 0 -1 0 0 0 0 0 0 0 0 0 0 0 0 -1 0 0 0 0 0 0 0 0 0 0 0 1 0 0 0 -1 0 0 0 0 -1 0 0 0 
0 -1 -2 -2 0 2 0 0 0 0 -1 0 -2 0 1 0 0 0 0 0 0 0 0 1 0 0 0 0 0 0 0 0 0 0 0 0 -1 0 0 0 0 0 0 0 -1 0 0 0 0 0 -2 0 0 0 0 0 0 1 0 0 0 0 0 1 0 0 0 0 0 0 0 1 0 1 0 0 0 0 -2 0 0 0 0 0 0 2 0 0 0 0 0 -1 0 0 2 0 0 0 0 2 0 0 0 0 0 0 0 -1 0 0 2 -2 0 -2 0 0 0 0 -1 0 0 0 0 0 0 2 0 0 0 0 0 0 0 0 0 0 0 0 0 0 0 1 0 0 0 0 0 0 0 0 0 0 0 0 -2 -2 0 0 0 0 0 0 0 0 -1 0 0 0 0 0 -1 0 0 0 1 0 0 0 0 -2 0 0 1 0 0 0 0 0 0 0 -2 0 0 0 0 0 -1 0 0 0 
0 0 0 0 -1 0 0 0 -1 0 0 0 0 0 0 0 0 0 0 0 0 0 0 0 -1 2 0 -2 0 0 0 -2 0 -2 2 0 0 2 0 0 0 0 0 -2 0 0 0 0 0 0 0 0 0 0 0 0 0 0 0 0 0 0 0 0 2 1 0 -2 0 0 0 0 0 0 1 0 0 0 0 0 0 -1 0 0 -1 0 0 -2 0 0 0 0 0 1 0 -1 0 0 0 0 0 0 0 0 0 -1 0 0 0 1 -1 0 0 0 0 1 -1 0 0 0 -1 0 0 0 -1 0 0 0 0 0 1 -1 0 0 0 0 0 0 0 0 0 0 0 0 0 0 0 0 2 0 1 0 0 0 -2 0 0 0 0 0 -1 0 0 0 0 0 0 0 0 0 0 0 0 0 0 2 1 2 0 0 0 -1 -2 0 0 0 0 0 -1 0 0 -2 0 0 0 0 1 1 0 0 
0 0 0 2 0 0 0 0 0 0 0 0 0 2 0 0 0 0 -1 0 0 0 -2 0 0 2 0 0 0 0 0 0 0 0 1 0 -1 0 0 0 0 0 0 0 0 0 0 0 -2 0 0 2 0 0 0 0 0 0 0 0 1 0 -2 0 0 0 0 0 0 2 0 0 0 0 0 0 0 0 0 0 0 0 0 1 0 0 0 0 0 1 0 0 0 1 0 0 0 0 0 0 0 0 1 0 -2 0 0 0 0 0 0 0 0 0 0 0 2 0 0 0 0 0 0 0 0 0 0 0 0 -1 -1 0 0 0 0 0 -1 0 0 0 1 1 -2 2 1 0 0 -1 0 -1 -1 0 0 0 -2 0 1 0 0 0 0 0 -1 -1 0 0 0 0 0 0 0 0 0 -2 0 0 -1 -1 0 0 0 0 2 -1 0 0 1 0 0 0 0 0 0 0 0 -1 0 0 0 -2 
-2 0 0 0 0 0 -2 -1 0 0 0 2 -1 0 0 0 0 0 0 0 0 1 0 0 -2 0 0 0 0 0 0 0 0 0 2 0 0 2 0 0 1 0 1 0 0 0 0 0 0 0 -2 2 0 0 2 0 -2 0 1 1 0 2 0 0 0 0 0 0 0 0 0 2 0 0 0 0 0 0 0 0 0 -2 -1 0 0 0 0 0 2 0 0 0 0 0 0 0 0 -2 0 0 0 0 -2 -2 0 0 0 -1 0 2 0 0 0 0 0 0 0 0 0 0 0 0 0 -2 -1 0 0 2 -2 0 0 0 0 -2 0 0 0 0 0 0 0 0 0 0 0 0 0 0 0 0 1 0 0 0 0 0 2 0 0 0 0 0 0 0 0 1 0 0 0 0 0 0 0 0 0 0 -1 1 0 0 0 0 0 0 0 1 0 2 0 0 -2 0 0 0 0 0 2 1 0 0 
0 0 0 1 0 0 0 0 0 0 0 0 0 0 0 0 0 0 0 0 0 0 0 0 0 0 0 0 0 0 0 0 2 0 0 0 0 0 0 0 0 0 0 -1 0 0 0 0 -2 0 0 0 0 0 -1 0 0 0 0 2 0 0 0 0 0 0 -1 0 0 0 0 0 -1 0 0 -1 0 0 1 0 0 0 0 0 0 0 0 2 0 0 0 2 0 0 -2 -2 0 -2 0 0 0 0 0 -2 0 0 0 0 -1 0 0 0 0 -1 0 0 0 0 0 0 0 0 0 0 0 0 0 0 -1 0 0 -2 0 0 0 -2 0 0 0 -1 0 0 0 0 0 0 1 -1 0 -1 0 0 2 -2 0 0 0 0 0 0 0 0 0 0 0 0 0 0 2 0 0 0 0 0 1 -1 0 0 0 0 0 0 0 0 0 -2 0 0 1 0 0 0 0 0 0 0 -1 0 0 0 
0 0 0 -2 0 0 0 0 0 0 -2 0 0 0 0 0 0 0 0 0 0 0 0 -2 0 0 0 0 2 0 0 0 0 0 0 0 0 0 0 0 0 1 0 0 0 0 0 0 0 0 0 0 0 0 0 0 0 0 0 2 0 0 0 0 0 0 2 -1 1 0 -2 1 0 0 0 -1 0 1 0 0 -1 0 0 1 -1 0 0 0 0 0 -1 0 0 0 0 0 0 0 0 0 0 0 0 0 -2 0 0 0 0 0 0 0 2 0 -1 0 0 2 0 0 0 1 0 0 0 2 0 0 -1 0 -1 0 0 0 0 0 1 0 0 0 0 -1 0 -1 0 -2 -2 0 0 0 0 0 0 0 0 0 0 0 0 0 -2 0 0 0 0 0 0 0 0 1 0 0 0 0 -1 0 -1 0 0 -2 -2 0 -2 -1 0 0 0 1 -1 -1 2 0 0 0 0 0 0 0 0 0 
0 0 0 0 0 -2 0 0 0 0 0 0 0 0 0 0 0 0 0 0 0 0 0 1 0 -2 0 2 -2 0 0 0 0 0 1 -1 2 0 1 0 0 0 0 0 2 1 0 0 2 0 0 1 1 -1 -1 -1 1 0 0 2 0 0 0 1 0 0 0 0 0 0 0 0 0 0 0 0 0 0 0 0 0 -2 0 2 2 0 2 0 0 0 0 0 0 0 0 -2 0 0 0 2 -2 0 0 0 0 0 0 0 0 0 0 0 -1 -1 -2 1 1 0 0 0 0 0 0 0 0 0 0 1 1 0 0 -1 0 0 0 1 0 0 0 0 0 0 0 0 0 0 0 0 -2 0 1 0 0 2 0 0 0 0 0 0 0 0 0 0 0 0 0 2 -2 0 1 0 0 0 0 2 0 0 0 1 0 0 0 0 0 0 0 0 0 -2 0 0 2 0 0 0 0 0 2 0 
0 0 0 0 0 0 0 0 0 0 0 0 0 0 0 0 0 0 0 0 1 0 0 0 0 2 2 -2 0 1 0 0 0 0 0 0 0 0 0 0 0 0 0 0 0 0 0 0 0 0 0 0 1 -2 1 0 0 0 -1 0 0 0 0 0 0 0 0 0 0 0 0 -2 0 0 0 0 0 0 0 0 0 0 0 0 0 0 0 0 0 0 0 0 0 0 0 -2 0 0 -1 0 0 0 0 0 0 0 0 0 0 0 0 2 0 2 0 -1 2 0 0 1 0 0 0 -1 0 0 0 0 0 2 0 0 0 1 0 0 0 2 -2 0 0 0 0 -1 0 0 0 0 0 0 0 0 0 0 0 2 0 0 0 0 0 0 0 2 -1 0 0 0 0 0 0 0 0 0 0 0 0 0 -1 0 -1 0 0 0 0 0 0 0 0 0 1 0 0 0 0 2 0 -2 0 0 
0 0 1 0 0 0 0 2 0 1 0 0 0 0 -2 0 0 0 0 0 0 0 0 0 0 0 0 2 0 -2 0 -1 -2 0 0 1 0 0 0 0 0 0 -1 0 -2 0 0 1 0 0 -2 0 0 1 0 0 0 0 0 0 0 0 0 -2 0 0 1 0 0 0 0 0 0 0 0 0 0 0 0 0 2 0 2 -1 0 0 0 0 0 0 2 -1 0 0 0 0 0 -2 1 0 0 0 1 0 0 2 0 0 0 0 0 0 0 -1 0 0 -2 0 -1 0 0 0 0 0 0 0 0 1 -1 0 0 0 0 0 2 0 0 0 0 0 0 0 0 2 0 0 0 0 0 0 0 0 2 2 2 0 0 0 0 0 0 0 2 0 0 0 0 -2 0 0 0 1 -2 0 0 0 0 0 -1 0 0 0 0 1 0 -2 0 2 0 0 0 0 0 -2 0 -2 0 0 0 0 
0 0 0 0 0 1 0 0 1 0 0 0 0 0 0 1 0 0 0 1 0 -1 0 -1 0 0 -1 1 0 0 0 0 0 2 0 0 0 0 0 0 0 0 0 0 0 0 2 1 0 -2 0 0 0 0 0 0 0 1 0 0 0 0 0 2 0 0 0 0 0 0 0 0 0 0 0 0 0 0 0 0 0 0 1 0 0 2 0 0 0 -2 0 0 0 0 0 0 0 0 0 0 0 0 2 0 2 0 0 0 0 0 0 0 0 0 -1 0 0 -1 0 0 2 -1 0 0 0 0 0 0 0 0 0 0 0 2 0 0 0 0 -1 0 -2 0 2 0 0 0 0 0 0 0 0 0 0 0 0 0 0 0 0 0 1 0 2 0 0 0 -1 0 0 0 0 -1 0 -1 0 0 0 0 0 0 0 0 -2 0 0 0 2 0 0 -1 -1 0 0 0 0 0 0 0 2 0 
0 0 0 -2 0 0 1 0 0 0 0 0 -2 0 0 0 0 0 0 2 0 0 1 0 0 0 0 0 0 2 0 0 0 0 0 0 0 -1 0 0 0 -1 0 0 0 0 0 0 0 0 0 -1 0 0 0 0 0 -1 0 0 0 -1 0 0 0 0 0 0 0 -1 0 1 0 0 0 0 -2 0 0 0 0 0 0 0 0 -2 0 0 0 0 -1 2 1 0 0 0 0 0 0 0 0 -2 0 0 0 0 0 0 0 0 0 0 0 0 0 0 0 1 0 0 1 0 0 0 2 0 1 0 0 0 -1 0 0 0 0 0 0 0 -2 0 0 0 0 0 0 0 0 0 -2 0 0 0 -1 0 0 1 2 -2 -2 0 0 0 2 0 0 -1 -2 0 0 2 0 0 0 0 0 0 0 0 0 0 -2 0 2 0 0 0 0 0 0 2 0 0 0 0 -2 0 0 0 -1 0 
-2 0 0 0 -1 0 0 0 0 0 0 0 0 0 0 0 0 0 0 0 0 0 0 0 0 0 0 0 0 0 0 0 0 0 0 0 0 0 0 0 0 0 0 -1 0 0 2 -1 2 1 0 0 0 0 0 0 0 -2 0 -1 0 -1 0 0 -2 0 2 -1 0 -2 0 0 0 0 0 0 0 0 0 0 0 0 0 0 0 1 0 0 1 0 0 0 0 0 0 0 0 0 0 0 0 0 0 0 2 0 2 0 0 2 0 -1 0 -2 0 0 0 0 0 0 1 0 0 0 1 0 0 -1 2 0 0 0 0 0 0 0 -2 0 2 2 0 0 0 0 0 0 -1 0 0 -2 0 0 0 0 0 0 0 0 0 0 1 1 2 -2 0 2 0 0 1 0 0 0 0 0 0 -2 0 0 0 0 0 0 0 0 0 0 -2 0 0 2 0 0 0 -1 0 0 0 0 0 0 
0 0 2 0 0 0 0 0 0 0 0 0 0 0 2 0 0 0 0 0 0 0 0 0 0 1 0 0 0 0 0 0 1 0 -1 1 0 0 0 -1 0 0 0 0 0 0 0 -2 0 1 0 0 -2 0 1 0 0 0 0 0 0 0 0 1 -2 0 2 0 0 0 -1 0 0 0 0 2 0 0 0 0 0 -2 2 0 -1 0 0 0 0 0 0 0 0 0 0 0 0 0 2 0 0 0 0 0 0 0 2 1 0 0 1 0 0 -1 2 -1 0 -2 0 0 0 0 0 0 -1 2 0 0 0 0 2 -2 0 0 0 0 0 2 0 0 -1 -1 0 0 0 2 0 0 1 0 0 0 0 -2 0 0 0 -2 0 0 0 2 0 0 1 0 0 0 0 0 0 0 0 0 0 0 2 2 0 0 0 0 0 0 1 0 0 0 0 2 0 0 0 0 0 0 0 0 0 0 
1 1 2 2 0 0 0 0 2 0 0 -2 -1 0 0 0 0 -1 0 0 0 0 0 2 0 0 0 0 0 0 0 0 0 0 0 0 0 0 0 1 0 2 2 0 0 0 0 0 0 1 -2 -2 0 0 0 -2 0 0 0 0 0 0 0 0 -2 0 0 0 0 0 0 0 1 -2 0 0 0 1 -2 0 0 0 1 0 0 0 0 0 0 0 0 0 0 0 -1 0 0 0 0 0 0 0 -1 0 0 0 0 0 -1 0 0 0 0 0 0 0 0 0 0 0 0 0 0 0 0 0 0 0 2 0 0 -2 2 -2 0 1 0 0 0 0 0 0 1 0 -1 0 0 -1 0 -2 -2 0 0 0 0 0 -1 0 0 0 0 -1 0 0 2 0 0 0 -2 0 -1 0 0 0 0 0 0 0 1 1 0 0 2 0 0 0 0 0 2 -2 0 0 0 0 2 0 0 0 0 0 
0 0 0 0 0 0 0 0 0 0 1 0 0 0 -1 0 0 0 0 0 0 0 0 0 0 0 0 0 0 0 2 0 0 0 0 0 0 -1 0 0 -1 0 0 0 0 0 0 0 0 0 0 0 0 0 -2 0 1 0 0 0 0 -1 0 0 1 0 0 -1 2 0 0 0 0 0 0 0 0 0 0 0 0 0 -1 0 -2 0 0 0 0 0 0 -1 -2 -2 0 0 0 1 0 0 0 0 -2 0 0 0 0 0 0 0 0 0 -1 0 -1 0 0 0 0 0 0 2 0 0 0 0 0 0 0 0 0 0 0 0 0 0 0 0 0 0 0 0 0 0 0 0 0 0 0 -2 0 0 0 0 0 0 0 0 1 -2 0 0 0 0 0 0 1 0 0 -2 0 -1 0 1 0 0 0 0 0 0 -2 0 0 0 0 0 0 0 0 0 0 0 0 0 0 0 0 0 0 -1 
2 0 0 0 0 2 0 0 0 -1 0 0 0 0 0 2 2 0 0 -2 0 0 0 -1 0 2 0 0 2 0 0 0 0 0 2 0 0 0 0 0 -2 0 0 0 0 0 0 0 1 0 0 0 0 0 0 2 0 0 0 0 0 0 0 -2 0 0 0 -1 0 0 0 0 0 0 0 0 0 0 0 0 0 0 0 0 2 0 1 0 -1 -2 0 0 0 -2 0 -1 0 0 0 0 0 0 0 0 1 0 0 -1 0 0 0 0 0 0 0 1 -2 0 0 0 0 0 0 0 0 0 0 0 -1 0 0 1 1 2 0 0 0 0 0 0 -2 0 0 0 0 2 0 0 0 0 0 0 0 0 0 0 0 0 0 0 0 0 0 0 1 2 0 0 1 0 2 0 0 0 1 0 0 0 0 0 0 -1 0 -1 0 0 0 -2 0 0 0 1 1 0 0 0 0 0 0 0 
0 -1 0 0 0 0 0 0 0 0 0 0 0 0 0 -1 0 0 0 0 0 0 0 0 0 0 0 0 0 0 0 0 0 0 2 0 0 2 0 0 0 0 0 0 0 -2 0 0 0 0 0 0 0 0 0 0 0 0 0 0 0 0 0 0 0 0 0 1 -2 0 0 0 0 0 -1 0 0 0 0 1 0 0 1 -2 0 0 0 0 0 2 0 0 0 0 0 0 0 0 -1 0 0 0 -1 2 0 0 0 0 0 0 0 0 0 1 0 0 1 0 0 0 0 0 0 0 2 0 2 0 0 0 0 1 0 0 0 0 1 0 0 0 0 0 0 0 0 0 0 0 0 0 0 0 1 0 0 2 0 0 0 0 0 0 1 -1 0 0 0 0 -2 0 0 0 0 0 0 -1 -1 2 0 2 0 0 -2 2 -1 2 -1 0 0 0 0 2 0 0 0 0 -2 0 0 0 
0 2 1 0 0 0 -2 0 0 0 -2 0 0 -2 0 0 2 0 -2 0 0 0 0 0 0 2 1 0 0 0 0 0 0 0 0 0 0 0 -2 2 -2 0 0 1 0 0 1 0 0 0 -2 0 0 0 1 0 0 0 -2 0 0 0 0 0 0 0 0 0 0 0 -1 0 0 -2 -2 0 0 1 2 0 0 0 0 0 0 0 1 0 2 0 1 0 0 0 0 0 0 0 0 0 0 0 -2 0 0 0 0 0 2 0 -1 0 0 0 0 2 0 0 0 0 0 0 0 0 0 -2 1 0 0 0 0 0 0 0 0 0 0 0 0 -1 0 2 0 0 0 -2 1 0 1 0 0 0 2 0 0 2 0 0 0 0 -1 2 0 0 0 0 2 0 0 -1 0 0 0 0 0 0 1 -2 0 0 0 0 0 0 0 0 0 0 0 0 -1 0 0 0 -1 -2 0 0 0 0 
0 0 0 0 0 -1 0 0 -2 0 0 0 0 1 -1 0 1 0 0 0 0 0 0 0 0 0 0 0 0 0 0 0 0 0 0 0 0 1 2 2 -2 0 -1 0 2 2 0 0 -2 0 0 0 0 0 2 0 0 -2 2 0 0 2 0 0 -1 0 0 0 0 0 0 -1 0 0 0 0 0 0 0 0 0 0 0 -1 0 0 0 0 -2 1 2 0 1 0 0 1 0 0 0 0 -2 -2 0 0 0 1 0 0 0 0 0 0 0 0 0 1 0 0 0 0 0 0 0 0 0 0 0 0 0 0 0 0 0 0 0 -1 0 0 0 1 0 0 0 2 1 0 0 0 1 2 0 0 0 0 0 -2 0 -1 0 -2 0 0 0 0 -2 0 0 0 0 0 0 0 0 0 0 0 0 1 0 0 0 2 0 -1 0 0 0 0 0 0 0 0 1 2 0 0 2 0 0 0 
-2 0 0 0 0 0 0 0 0 0 -1 -1 0 0 0 0 0 0 1 0 0 1 0 0 0 0 0 0 0 1 1 0 0 0 0 0 0 0 0 0 0 0 0 0 0 0 2 0 0 -2 0 2 0 0 -1 0 0 0 0 0 0 -2 0 0 0 1 0 0 0 0 0 0 0 0 0 0 0 0 1 0 0 0 0 -1 0 -2 0 0 0 0 0 0 -2 0 0 0 2 0 2 0 0 2 0 0 0 0 1 0 0 0 -2 0 0 0 0 0 0 0 0 0 0 0 0 0 0 -2 0 0 0 0 0 0 0 0 0 0 0 0 0 0 0 0 0 0 0 -1 0 0 0 2 -1 0 0 0 0 0 0 0 -2 0 0 0 -1 0 1 0 -1 0 0 0 0 0 0 1 0 0 0 0 0 0 -1 -2 0 0 -2 -1 0 0 0 -1 0 0 0 0 1 0 0 0 0 0 
0 0 0 0 0 0 -2 0 0 -2 0 0 0 0 0 -1 2 0 0 0 2 1 0 0 1 0 0 0 0 -1 0 0 0 0 0 0 2 0 -1 -2 1 0 0 0 0 0 0 0 0 -2 0 0 1 0 0 0 0 -1 0 0 0 2 0 0 0 0 0 -1 0 1 -2 0 0 0 0 0 0 -1 2 0 1 0 0 -2 0 0 0 0 0 0 0 1 0 0 0 0 0 -1 0 1 1 0 0 0 0 0 0 0 0 0 0 1 0 0 0 0 0 0 0 -2 0 0 0 0 0 2 0 0 0 0 0 -2 0 2 0 0 0 0 0 0 2 0 0 0 0 0 0 0 0 0 -2 0 -2 2 -1 0 0 0 0 0 0 1 0 -2 0 0 0 0 2 0 2 0 0 0 0 2 0 0 0 0 0 0 0 0 0 0 2 0 0 0 0 -2 0 0 0 0 1 0 0 0 

7 1 5 1 4 8 2 10 6 9 6 2 1 6 1 9 5 1 10 6 3 5 2 9 4 9 7 7 4 10 4 5 8 2 7 2 6 8 10 3 7 9 7 6 6 10 2 9 5 2 7 5 6 4 3 2 4 10 9 4 5 10 6 7 5 3 9 10 6 4 2 4 3 6 2 1 3 1 2 4 9 10 7 8 4 1 8 6 7 8 5 6 3 8 1 9 6 10 10 9 