50 100
0 0 0 0 0 0 0 0 -2 2 0 0 2 -1 0 2 -2 -1 -2 0 0 0 0 1 2 0 0 0 0 0 0 2 0 0 0 0 0 -2 2 1 0 0 0 0 0 -1 0 -1 0 0 0 0 -1 0 0 0 0 2 0 2 0 0 1 0 0 0 2 -1 -2 -1 0 0 0 0 2 0 -1 0 0 0 0 1 0 0 0 -2 1 0 2 2 0 0 0 0 0 0 0 0 0 0 
0 0 0 0 0 1 0 2 0 0 0 1 0 0 0 -2 0 2 0 -2 0 0 0 0 1 0 -1 0 0 0 2 0 0 0 0 0 1 1 -1 0 0 0 0 0 0 0 0 0 0 0 0 0 0 0 0 0 0 0 0 0 0 0 0 0 0 2 0 0 -2 -2 0 0 0 0 0 0 0 1 0 0 0 -1 0 0 0 0 -2 0 0 0 0 0 0 0 0 0 0 0 1 0 
0 0 0 0 0 0 0 0 0 0 0 1 0 0 0 0 0 -2 -2 0 0 0 0 0 0 0 0 -1 0 0 0 0 1 0 0 0 0 0 0 0 0 0 0 0 2 0 0 2 0 2 0 0 0 0 0 0 0 0 0 0 0 0 0 0 -1 1 0 1 0 0 0 0 0 1 0 0 0 0 0 0 0 0 0 0 0 0 0 -2 0 0 0 0 0 0 -2 -1 0 1 0 0 
0 0 0 -2 0 1 0 0 0 0 2 0 0 0 0 0 0 0 0 0 0 0 0 0 -2 -1 -1 0 -2 0 0 0 0 0 0 0 0 0 0 0 -2 0 0 0 2 0 0 -1 0 0 0 0 0 2 0 0 0 0 0 0 0 0 0 0 0 2 0 0 0 0 0 0 0 -2 0 0 0 -2 0 1 0 0 0 0 0 0 2 0 0 0 0 0 2 0 0 0 -1 0 0 0 
0 -2 0 0 0 0 0 0 0 0 -2 0 0 1 0 1 0 1 0 2 1 0 0 0 0 0 0 0 0 0 2 0 0 0 0 0 -1 0 -1 0 0 -2 -1 0 0 0 0 -1 0 0 0 0 0 0 -2 0 0 0 0 -2 0 0 0 0 0 0 0 0 0 0 0 0 0 0 0 -1 0 -2 0 2 0 0 0 0 1 0 0 0 0 0 0 0 0 0 0 -1 0 0 0 0 
0 0 0 0 2 0 0 0 0 -2 1 0 0 0 0 0 0 0 0 0 -1 0 0 -1 0 0 0 0 0 0 0 0 0 0 -1 0 -2 0 0 0 0 0 1 0 0 0 0 -2 0 0 0 -1 0 0 0 0 0 0 0 0 -2 0 2 0 -1 0 0 0 0 0 0 2 0 0 0 2 0 1 0 0 0 0 0 0 0 0 0 0 0 0 0 0 0 2 -2 0 0 0 -1 0 
0 0 0 0 0 -1 0 0 0 0 0 0 0 0 1 0 0 0 -1 -1 0 0 -1 0 0 0 0 0 -1 2 -2 0 0 0 0 0 0 0 0 0 0 0 0 0 0 0 0 0 0 0 0 0 0 0 -1 0 2 0 0 2 0 0 -2 2 0 1 0 -2 0 0 0 0 0 0 0 1 1 0 0 0 0 0 0 1 0 0 -1 -2 0 0 0 0 0 0 0 0 0 0 0 2 
0 -1 0 0 0 1 0 -2 0 0 2 0 0 -2 0 0 0 0 -2 0 0 -2 0 0 0 0 0 -2 0 0 0 0 0 0 0 -1 0 0 0 0 0 2 0 0 0 0 0 0 0 0 0 0 0 0 0 -1 0 0 0 -2 0 0 0 0 2 2 0 0 0 0 0 0 0 -1 0 0 0 -2 0 0 0 0 0 0 -1 0 1 0 0 0 0 0 0 0 0 0 0 0 0 0 
2 2 0 0 0 2 0 0 0 0 0 0 0 0 0 0 0 0 1 0 0 0 1 1 0 0 0 -2 0 0 0 0 0 0 0 0 0 0 0 -2 0 0 0 0 0 0 0 0 0 0 1 0 0 0 0 0 0 0 0 0 0 0 0 0 0 0 2 0 0 0 0 0 -1 0 0 0 0 0 0 0 0 -1 -1 0 1 0 0 0 0 0 0 0 0 0 0 0 0 0 0 0 
0 0 2 0 0 0 0 0 0 2 0 0 0 0 0 0 0 0 0 0 0 -1 0 0 0 0 2 0 -1 0 0 0 1 -2 2 1 -1 2 0 0 0 0 0 1 0 0 0 0 0 0 0 0 0 0 0 0 -1 0 0 0 0 0 0 0 0 0 0 0 0 0 1 -2 0 -2 0 0 -1 0 2 0 0 0 0 0 0 0 -1 0 0 0 0 0 0 0 0 0 0 0 -2 0 
0 -2 0 0 2 0 0 -1 0 0 0 0 0 0 0 0 0 0 0 -1 0 0 0 2 0 0 0 0 0 0 0 0 0 0 0 0 0 0 -2 0 0 0 -2 0 0 0 0 -1 2 0 0 0 -1 0 0 0 1 0 0 0 0 0 -1 0 0 0 0 0 0 -2 0 0 0 2 0 0 0 1 0 2 0 0 0 2 0 0 -1 0 -2 1 -2 0 0 0 2 2 0 -2 0 0 
0 0 0 0 0 -2 0 0 1 -1 0 0 0 0 0 0 0 0 0 -2 -2 -1 0 0 0 0 0 0 0 0 0 0 0 0 0 0 0 0 0 -2 0 0 0 -2 0 0 0 0 0 1 0 0 2 0 0 0 0 0 0 0 -1 0 0 0 0 0 0 2 0 0 0 0 -2 0 0 0 0 0 0 -2 0 0 0 0 0 0 2 2 0 0 -1 0 0 0 -1 0 0 0 0 0 
0 0 0 -2 2 0 0 -2 0 0 0 0 -2 0 0 0 0 0 0 0 1 0 0 0 0 0 1 -1 0 0 -2 -1 1 0 0 0 -1 0 0 0 0 0 0 0 0 0 0 0 -2 0 0 0 0 0 0 0 -1 0 0 0 0 0 0 0 0 0 0 0 0 0 0 0 0 0 0 1 0 0 0 0 0 0 0 0 0 2 0 1 -2 0 0 0 -1 0 0 0 0 0 0 0 
0 0 0 2 0 0 0 0 0 0 0 0 0 0 0 -2 0 0 0 0 0 0 0 0 0 0 -1 0 0 0 0 0 0 0 0 0 0 0 0 2 1 0 0 0 2 0 0 2 0 0 0 0 -1 0 0 0 0 2 2 0 0 0 0 0 0 0 0 -2 0 0 0 0 0 1 0 0 0 0 -1 0 0 0 0 0 0 0 0 0 2 0 0 2 0 -1 0 -1 0 2 0 0 
-2 0 0 0 0 0 0 0 0 0 0 0 0 -1 0 -1 0 0 0 0 0 0 -1 0 0 1 0 0 0 0 0 0 0 0 0 0 0 0 0 0 0 0 0 0 0 0 0 0 0 0 0 0 0 0 0 0 0 0 -1 0 0 0 1 -1 0 0 0 -1 0 2 0 0 0 0 1 0 0 0 -2 0 0 0 0 -2 0 0 0 -2 0 0 0 0 0 0 0 0 0 0 0 0 
0 0 0 0 0 -2 0 0 0 0 1 0 0 0 -1 0 0 0 0 -2 0 0 0 -2 1 -1 2 -2 0 0 0 -2 0 0 1 0 0 0 0 0 0 0 0 0 0 0 1 0 0 0 -2 0 -2 0 2 0 0 0 1 0 0 0 0 0 0 0 0 0 0 0 0 0 0 0 0 0 0 0 -1 0 0 0 0 2 -2 0 0 1 0 0 0 0 0 0 0 0 0 -1 0 0 
0 -2 0 0 0 0 0 0 0 -1 0 -1 -1 0 0 0 0 0 0 0 0 0 0 0 0 0 0 0 0 0 0 1 0 0 0 0 1 -2 0 0 0 0 0 0 -2 0 -1 0 0 1 0 0 0 0 -1 0 1 0 0 0 0 0 0 0 0 0 1 1 -1 -1 0 0 0 1 0 0 -1 0 0 0 0 0 0 0 0 0 0 0 0 0 0 0 0 -1 -1 0 0 0 2 0 
0 -2 0 2 0 0 0 0 0 0 0 0 0 0 0 1 0 0 0 0 0 -1 0 0 0 -1 0 2 0 0 0 1 0 1 0 1 0 0 0 2 0 0 0 0 0 0 0 0 0 0 0 -1 0 0 0 0 0 -1 -1 0 2 0 0 0 0 0 0 0 0 1 0 0 0 0 0 0 0 2 0 0 0 0 0 0 0 0 0 0 -2 0 -2 0 0 0 0 0 0 0 0 0 
1 0 0 0 0 -1 2 2 -1 0 0 2 0 0 0 0 0 0 0 0 0 0 0 2 0 -1 0 0 0 0 0 0 1 0 0 0 0 0 0 0 0 -1 0 1 0 -2 -1 0 0 0 0 0 0 0 0 0 0 0 0 0 0 0 0 0 0 0 0 0 -2 0 0 0 0 0 0 0 0 0 0 0 -2 -2 0 0 0 0 0 0 1 -2 0 0 0 0 0 0 0 0 0 0 
0 0 0 0 0 0 2 0 0 0 1 0 0 0 0 0 0 0 1 0 0 2 0 0 0 0 -1 1 0 0 0 0 0 0 0 0 0 0 2 0 -1 0 1 0 0 0 1 0 0 0 0 0 0 0 0 0 0 0 0 0 0 0 0 0 0 0 0 0 0 0 0 0 0 0 0 0 0 2 0 0 0 0 0 0 0 0 -1 0 0 0 -1 0 -1 0 0 0 0 0 -2 0 
0 0 0 0 0 -1 0 0 0 0 0 0 -2 0 2 -2 0 0 0 1 0 0 0 -2 0 0 -2 0 0 0 -2 2 0 0 0 1 0 0 0 0 0 0 0 0 0 0 0 0 1 0 0 0 0 0 -1 0 0 0 0 0 0 0 0 0 0 0 0 0 0 0 0 0 0 0 0 0 0 0 0 0 -2 0 0 0 0 0 0 0 0 0 0 2 0 0 0 0 0 0 0 -2 
0 2 2 0 1 0 1 0 0 0 -1 0 0 0 0 -2 0 0 0 0 -2 0 0 0 0 0 0 0 0 0 0 0 0 0 2 0 0 0 0 -2 1 0 0 0 -1 0 0 1 2 -1 0 0 0 0 0 0 0 0 1 0 0 0 0 0 0 0 0 0 0 0 0 0 0 -1 0 0 0 -2 0 0 0 0 -1 2 2 0 0 -1 0 0 0 0 0 -2 0 0 0 -1 0 2 
0 -2 0 0 0 0 0 0 0 0 0 0 0 0 0 0 2 0 0 0 0 2 0 0 0 -2 0 0 0 0 0 0 0 0 0 2 0 0 0 0 0 0 0 0 0 0 -2 0 0 0 0 0 0 0 0 0 0 0 0 2 0 0 0 -1 0 0 1 0 0 0 0 0 0 1 0 2 0 0 0 0 0 0 0 0 0 1 0 0 0 0 0 0 0 0 0 0 -2 0 0 0 
0 0 -2 0 0 0 0 -1 0 -2 0 0 0 1 2 0 0 0 1 0 0 0 0 2 0 0 0 0 0 0 0 2 0 -2 0 0 0 0 0 0 0 0 0 -2 0 0 0 0 0 0 0 0 0 -2 0 -1 0 0 0 0 0 0 0 0 0 0 0 0 -2 0 0 0 0 0 0 0 -1 0 0 1 0 -1 0 1 0 0 0 -2 1 0 0 0 2 -1 0 0 0 0 0 0 
-2 0 2 0 0 0 0 0 0 0 0 0 0 0 0 0 0 0 0 0 0 2 0 0 0 0 0 0 0 0 0 0 0 0 2 0 0 0 0 -1 0 0 0 -1 0 0 0 0 0 0 1 0 0 1 0 0 0 0 1 0 0 0 0 0 0 0 0 0 0 0 0 0 2 0 0 0 0 0 0 0 0 0 0 0 0 0 0 0 0 0 2 0 0 1 0 1 -1 -2 -2 0 
0 0 0 0 1 0 0 0 0 0 0 0 0 0 -1 0 0 0 -2 0 0 0 -1 0 0 0 0 2 0 0 -2 0 0 2 0 0 1 0 0 0 0 -1 0 0 0 0 2 0 0 0 0 0 0 0 0 0 0 0 0 0 1 0 0 0 0 0 0 0 0 0 0 -2 0 0 0 0 1 0 0 0 0 0 0 0 0 0 -2 0 0 1 0 0 0 0 -1 0 1 0 -2 2 
0 0 0 0 0 0 0 0 0 0 0 -2 0 0 2 -2 0 0 -1 0 -1 0 0 0 2 0 0 0 1 0 0 -1 2 0 0 0 0 0 0 0 0 2 0 0 0 0 -1 0 0 0 0 0 0 0 0 0 0 0 0 -1 0 0 2 0 0 0 1 0 0 0 0 0 0 0 0 0 0 0 0 0 0 0 0 0 0 0 -1 0 2 0 0 0 0 0 0 -1 0 0 0 0 
0 0 0 0 0 0 -1 0 0 0 0 0 2 -1 0 0 0 0 0 0 0 0 0 0 0 0 0 0 0 0 0 0 0 0 0 -1 0 2 0 0 0 0 0 0 0 0 0 0 0 0 2 -2 0 -1 0 0 0 0 0 0 0 0 0 -2 -1 0 0 0 0 2 -2 0 2 0 0 0 0 0 -2 -2 0 0 0 0 0 0 0 0 0 0 0 0 0 0 0 -2 0 0 0 0 
0 0 0 0 0 0 2 0 0 0 0 0 0 0 0 0 0 0 0 0 0 0 0 0 0 0 2 0 2 0 -1 0 0 0 1 0 0 0 0 0 0 1 0 0 0 0 0 0 0 0 0 0 0 0 1 2 0 0 0 0 0 1 0 0 0 0 0 0 0 0 0 0 0 1 0 0 0 0 0 0 0 0 -1 0 0 0 0 0 0 0 0 0 2 0 0 2 0 0 -2 0 
0 2 -2 0 0 0 0 0 0 0 0 0 0 0 0 2 0 0 -2 -1 0 0 0 0 0 0 0 2 0 0 0 0 0 0 0 0 0 0 0 0 0 0 0 0 0 1 0 0 2 0 1 1 0 0 2 0 0 0 0 0 0 0 1 0 0 0 -1 0 0 0 -1 0 0 0 0 0 1 0 0 0 0 -2 0 0 0 0 0 0 0 0 2 0 -1 0 2 0 0 -2 0 0 
0 0 0 0 0 0 2 -1 0 0 2 -1 0 0 2 0 0 0 0 0 1 0 0 0 0 0 2 0 0 0 0 0 1 0 -2 0 0 0 0 0 0 0 0 0 0 1 0 0 0 0 2 0 0 0 0 0 0 0 1 0 0 0 0 -1 0 0 0 0 0 0 -1 0 0 0 0 -1 0 0 0 0 0 0 0 0 0 0 0 -1 0 -2 0 0 0 0 0 0 0 0 0 0 
0 0 -1 0 0 2 2 0 0 0 0 -1 0 0 0 0 0 0 0 0 0 0 0 0 0 0 -1 0 -1 0 0 0 0 0 0 0 0 0 0 -1 0 0 0 0 0 0 0 0 0 0 0 0 0 0 0 0 0 0 0 0 0 0 2 -2 0 0 0 0 1 0 -2 0 0 0 1 0 0 1 0 0 0 0 0 0 2 -1 0 0 0 0 0 0 0 0 0 0 0 -1 0 0 
0 2 0 0 0 0 0 0 0 0 0 0 0 0 0 0 0 0 0 0 0 0 -1 0 0 0 0 0 -1 0 -2 0 0 0 0 0 2 0 0 0 0 0 -2 0 0 0 2 0 0 0 0 0 -2 0 -2 0 0 0 0 0 0 0 0 0 0 0 0 0 0 0 0 0 0 0 0 1 -2 0 -2 0 0 0 0 -2 -2 0 0 0 0 0 0 0 0 0 0 0 0 0 -1 -1 
-1 0 0 0 0 0 0 2 0 0 0 0 0 0 2 0 -2 -2 0 0 0 1 0 0 0 0 0 0 0 0 0 0 0 0 -1 0 1 0 0 0 0 0 1 -1 0 1 0 0 0 0 -2 0 0 0 -1 0 0 0 0 -2 2 0 0 0 0 0 0 0 0 0 0 0 0 0 0 0 0 0 2 0 1 0 0 0 0 0 0 0 0 -1 0 0 0 0 -1 0 0 2 0 0 
1 0 0 1 -2 2 0 0 1 0 0 0 0 0 0 0 0 -2 0 0 0 0 2 0 0 0 0 0 2 0 -2 0 -1 0 0 0 0 0 2 -1 0 0 0 0 0 0 2 0 0 0 1 0 0 0 0 0 0 -1 0 -1 2 0 0 0 0 0 0 0 0 0 0 0 0 0 0 0 0 1 0 0 0 -2 0 0 0 2 0 0 2 0 -2 0 0 0 0 0 0 0 0 0 
-1 -2 0 -2 0 1 0 0 0 0 0 0 0 0 0 0 0 0 1 0 0 0 0 0 0 0 -2 0 0 0 0 0 1 0 1 0 0 0 0 0 0 0 0 0 0 1 0 0 0 0 0 0 0 0 1 0 0 2 0 -2 0 -2 0 0 -1 0 0 0 0 0 0 0 0 2 0 0 0 0 0 0 0 2 0 0 0 -1 2 1 0 0 0 0 0 0 0 0 0 0 0 0 
0 -2 0 0 0 0 1 0 2 0 0 0 0 0 -2 0 0 0 1 2 0 1 0 -2 -1 -2 0 0 0 0 0 0 -1 0 0 -1 0 0 0 -2 0 0 0 0 0 0 0 0 2 0 0 0 2 -1 0 1 0 0 0 0 1 0 0 0 0 0 0 0 0 0 0 -2 0 0 1 0 0 -2 0 2 0 0 0 0 0 0 0 0 0 0 0 0 0 0 0 0 0 0 0 0 
-2 0 0 0 -2 0 0 0 0 1 0 0 -1 -1 0 0 0 0 0 0 0 -1 0 0 0 0 0 0 0 0 2 0 0 0 2 -2 0 0 0 0 -2 0 0 0 0 0 2 0 0 0 0 0 0 0 1 0 -2 0 -2 0 0 0 1 0 0 -2 0 0 0 -1 0 0 0 2 0 1 0 0 0 -2 0 0 0 0 1 0 0 0 -2 0 0 0 -1 -2 0 0 0 1 0 0 
-2 0 -2 0 -2 0 0 2 0 0 1 0 0 1 -2 0 0 0 0 0 0 0 0 0 0 1 0 0 -1 0 0 0 0 0 0 1 0 0 0 0 1 -1 0 2 0 -1 0 0 0 0 0 0 0 1 0 0 0 0 0 0 0 0 0 0 0 0 0 0 0 0 0 0 0 0 0 1 0 0 0 2 0 0 -1 0 0 0 0 1 0 0 0 -1 1 0 0 0 0 0 0 0 
0 0 0 -1 0 -2 0 0 0 0 0 0 2 0 0 0 0 0 -2 0 0 0 0 0 -2 0 0 0 0 0 0 1 0 0 0 0 0 0 0 -1 0 0 -2 0 0 0 0 0 0 0 0 1 1 0 0 0 0 0 0 0 0 0 0 0 1 0 0 1 0 0 -2 0 0 0 -2 0 0 0 2 0 -1 0 0 0 0 0 -1 0 0 -2 0 0 0 0 0 0 0 2 0 0 
0 0 0 1 -1 0 0 0 0 0 -2 0 0 0 0 0 0 -1 2 0 0 0 0 -1 0 0 0 0 0 0 0 0 0 0 -2 -1 0 0 0 0 -2 0 -2 0 -2 0 0 0 2 0 2 0 -2 0 0 0 0 0 0 0 0 0 0 0 0 0 0 -2 0 0 0 0 0 0 0 0 0 0 0 0 0 0 0 0 0 0 0 0 2 0 0 -2 0 -2 0 0 0 0 0 -2 
-1 0 0 0 0 -2 0 0 0 -2 0 1 0 0 1 -2 0 0 0 -1 1 0 0 0 0 0 1 0 0 2 0 0 1 0 0 2 0 0 0 0 0 0 0 0 0 0 0 0 2 2 0 0 0 0 0 -1 0 0 0 0 0 0 0 0 0 0 0 0 2 0 0 0 0 0 -2 0 -1 0 0 0 -2 0 0 0 0 0 0 0 -1 0 0 0 0 0 0 0 0 0 0 0 
0 0 0 -1 0 0 0 0 0 0 1 0 0 0 0 0 0 0 0 0 0 0 0 0 0 0 0 -2 2 0 0 0 0 1 0 0 0 0 0 1 0 0 0 0 0 0 0 0 0 0 -1 0 -2 -2 0 0 0 0 0 0 0 0 0 0 0 0 0 -1 0 0 0 0 0 0 0 0 0 0 0 -1 2 0 0 0 0 -2 0 0 0 0 0 0 0 2 0 0 0 0 0 1 
0 0 0 0 0 0 0 0 0 0 0 -2 0 0 0 0 0 0 -2 0 0 0 0 0 0 0 -1 0 0 0 0 0 0 -2 0 0 0 0 2 -2 0 0 0 0 0 0 -1 0 -1 0 2 1 0 0 -2 0 0 0 0 0 2 0 0 -2 -1 0 -1 0 2 0 0 0 -1 -1 0 0 0 0 0 0 0 0 0 -1 0 0 0 0 2 0 0 0 0 0 0 0 2 0 0 -2 
0 0 0 0 2 0 0 0 0 0 0 0 0 2 0 0 -1 0 0 2 0 0 2 2 0 0 0 0 2 0 0 0 -1 0 0 0 0 0 0 -1 -1 -1 0 0 0 0 0 0 0 -1 0 -2 0 2 0 0 0 0 0 0 0 0 0 0 0 0 0 -1 0 -2 0 0 1 0 0 0 0 0 0 0 -2 -1 1 -1 0 0 0 0 0 -1 0 0 0 0 0 0 1 0 0 0 
0 0 1 0 0 0 0 -1 1 0 0 0 2 0 0 0 0 0 0 0 0 0 0 -1 0 0 0 0 0 0 0 0 0 0 0 0 0 1 0 1 0 0 0 1 -1 0 1 0 0 0 0 0 0 0 0 -2 -1 0 0 0 1 0 0 1 0 0 0 0 0 0 0 0 0 0 0 0 0 0 0 0 -2 0 0 0 0 0 0 0 0 0 0 0 0 0 0 0 0 0 0 -1 
0 0 0 0 0 0 0 0 0 0 0 0 0 0 0 -1 0 0 0 0 0 0 0 0 0 -1 0 0 0 -1 0 0 0 0 1 0 0 0 0 -2 0 2 -1 0 0 -2 0 0 0 0 -1 0 0 0 0 0 0 0 1 0 0 0 0 -2 0 2 0 0 0 0 0 0 0 0 0 1 0 0 0 0 0 0 0 0 0 0 0 0 0 0 0 0 0 0 -2 2 0 -2 0 0 
-2 0 0 0 0 0 -2 0 0 0 -1 0 0 0 1 0 0 2 1 0 0 0 0 0 0 -1 0 0 -2 0 0 0 0 0 0 0 0 2 1 0 0 -1 0 0 0 0 1 0 0 0 0 0 0 1 0 -2 -2 -1 0 0 0 2 0 1 0 0 0 0 2 0 0 0 0 1 2 0 0 0 0 0 0 0 0 0 0 0 0 1 0 0 0 0 0 0 0 0 0 0 0 2 
0 1 0 0 0 -2 0 0 0 0 0 0 -2 0 0 0 0 0 0 0 0 -1 0 -1 0 0 0 0 0 0 0 2 0 0 0 0 2 0 0 0 0 0 0 0 0 0 0 2 0 -2 0 0 0 -1 0 0 -2 -2 0 0 -2 0 0 -2 0 0 0 0 0 -2 1 0 0 0 0 0 2 -2 -2 2 0 0 0 -2 0 0 0 0 0 0 0 0 0 0 0 0 0 0 0 1 
2 -2 0 0 0 0 0 0 0 0 0 0 0 0 0 0 0 0 -2 0 0 0 0 0 0 0 0 0 0 1 0 -1 0 0 -2 0 0 0 0 0 0 0 0 -2 0 0 0 0 0 0 0 -2 1 0 0 0 0 0 0 0 0 0 0 0 0 0 0 0 0 0 0 1 -1 0 0 0 0 0 0 -1 0 0 0 0 -2 0 0 0 0 0 0 0 -2 0 0 0 -1 0 2 0 

6 10 9 4 2 3 1 6 2 1 8 9 10 6 8 6 1 2 1 2 4 5 3 9 6 6 10 9 2 4 6 4 1 9 7 5 3 6 4 6 10 5 8 8 4 6 1 7 6 8 