50 100
1 0 0 0 0 0 0 0 0 0 0 0 0 0 0 0 -2 0 1 0 0 -2 0 0 0 0 0 0 0 0 0 0 -2 0 0 0 1 -1 0 0 -1 0 0 0 -1 0 0 0 1 0 0 0 -2 0 0 0 0 -2 0 0 0 0 0 0 0 -2 0 0 0 0 0 0 0 0 0 0 0 0 0 0 0 0 0 0 0 0 1 -1 0 0 0 0 -1 0 -1 0 0 0 0 -2 
1 0 -1 0 0 0 0 2 0 0 0 1 0 0 2 0 0 0 0 0 0 0 0 0 0 0 0 0 0 0 0 0 2 2 0 0 0 0 0 0 0 0 0 0 0 2 0 0 0 0 0 0 -1 0 0 0 0 0 0 0 0 0 2 0 0 0 0 0 0 0 -2 0 0 0 0 0 0 0 0 0 0 0 0 0 0 0 -2 0 -2 0 0 0 2 1 0 0 0 0 0 0 
-2 -2 2 0 0 0 0 0 0 0 0 0 0 0 0 2 0 0 0 0 0 0 -2 0 0 0 0 0 0 0 0 0 0 0 0 -1 0 0 0 0 2 -2 0 1 0 0 -2 0 0 0 0 0 0 0 0 2 0 1 0 0 0 0 0 -2 1 0 0 -2 0 0 0 0 0 0 0 1 0 0 0 0 0 0 1 0 0 0 2 -2 2 0 0 0 0 1 1 0 0 0 0 0 
0 0 0 0 0 0 0 0 0 0 0 0 0 0 0 -1 0 -2 0 0 0 0 0 0 0 0 0 0 0 0 0 0 -1 0 0 0 0 0 0 0 0 0 1 1 -2 0 0 0 -1 0 2 0 0 0 0 0 0 0 0 0 -1 0 0 0 -2 0 0 0 0 0 0 0 0 -1 0 0 2 0 0 0 0 0 0 0 0 0 0 0 0 -1 0 0 0 0 0 0 0 0 0 1 
0 2 -1 0 0 0 0 -2 0 0 0 2 0 0 0 -1 0 0 0 0 0 0 0 0 0 0 0 -2 0 -1 0 0 0 0 0 0 0 0 1 0 0 0 0 0 0 0 0 0 0 2 0 0 0 -2 0 0 -2 0 0 0 0 0 0 0 0 0 2 0 0 0 0 0 0 -1 -2 0 0 -1 0 0 0 0 0 0 0 -1 0 0 0 0 0 0 0 0 0 0 0 0 0 0 
0 2 0 -2 0 0 0 0 0 0 0 0 0 0 -2 0 0 0 0 0 1 0 1 0 0 0 0 -1 0 0 0 0 -2 0 0 0 0 0 0 0 2 0 0 0 -1 0 0 0 0 0 0 0 0 0 -1 0 0 0 -1 0 0 0 0 -2 0 0 0 0 0 -2 0 0 1 0 0 0 1 0 0 0 0 0 0 0 0 0 0 0 0 0 0 0 0 0 0 0 0 0 0 0 
0 0 0 0 1 0 0 -2 0 0 0 0 0 0 2 0 0 0 0 0 0 0 0 0 0 0 0 0 -1 0 0 2 2 0 0 0 0 0 0 -1 0 0 0 2 0 0 0 0 0 0 0 0 0 0 0 0 0 1 0 0 0 0 0 0 0 0 0 0 0 0 0 0 0 0 0 0 0 0 1 0 0 0 1 0 0 0 2 0 0 0 2 -2 -2 2 0 0 0 0 0 0 
0 0 0 0 0 0 0 0 0 1 0 0 0 0 0 2 0 0 0 -1 0 0 0 0 0 1 0 1 2 0 0 0 0 0 2 0 -1 0 -2 1 0 0 0 2 0 0 1 -2 0 0 0 0 1 0 0 0 0 0 0 0 0 0 0 0 0 0 -1 0 0 0 0 0 0 0 0 2 0 0 -1 0 0 -1 0 0 0 0 -1 0 0 0 0 0 -2 0 1 0 0 0 0 -1 
0 -2 0 1 0 0 0 0 -2 -2 0 0 -1 0 0 0 -1 0 0 1 0 0 0 0 0 2 0 0 0 0 1 0 0 0 1 0 0 0 0 0 0 0 0 0 0 0 0 2 0 0 -1 1 0 0 0 0 0 -2 0 0 0 0 0 0 0 2 0 0 -1 1 0 0 0 -2 0 0 0 0 0 0 0 0 -2 0 0 0 0 0 0 0 0 1 0 0 0 0 0 0 0 0 
2 0 0 0 0 0 0 -1 0 0 0 0 0 0 0 0 0 0 1 0 -2 0 0 2 2 0 2 0 0 0 0 -1 0 0 0 0 -2 1 -2 0 0 1 2 2 0 0 0 0 0 0 0 2 0 1 0 0 0 1 0 0 0 0 0 0 0 0 2 0 1 0 0 0 1 0 1 0 0 0 2 0 0 0 0 0 0 0 2 0 2 -2 0 0 0 0 0 -2 0 0 0 0 
0 0 -2 0 -2 0 0 0 0 -2 0 0 0 0 0 0 0 0 0 2 0 -2 0 0 0 0 0 0 0 2 0 0 -2 2 0 0 -1 0 0 0 0 2 0 0 0 0 0 -2 0 0 -2 0 0 0 0 0 0 2 0 2 0 0 1 0 0 0 0 0 0 0 -2 0 0 0 -1 0 0 0 0 0 0 0 0 0 0 0 0 0 0 0 0 0 0 0 0 0 0 0 1 0 
0 0 0 1 0 0 0 0 0 0 -1 0 0 0 0 0 0 0 0 0 0 1 -1 0 0 -1 0 0 0 0 0 0 0 0 0 0 -2 0 -1 0 0 0 0 0 0 0 0 -1 0 0 1 2 0 0 0 0 0 0 0 0 0 0 0 0 0 0 0 0 0 0 0 0 2 0 0 1 0 -1 0 0 0 0 0 0 0 0 0 0 0 0 0 0 0 0 -2 0 -2 0 0 0 
0 0 0 0 0 0 0 0 0 0 0 0 -1 0 0 -2 1 0 1 0 0 0 1 0 0 1 0 0 0 0 0 0 0 0 2 0 0 0 0 0 0 0 0 0 -2 0 0 0 0 2 0 0 1 0 0 0 0 1 0 0 -2 1 0 -2 0 0 0 0 0 0 0 0 1 0 0 -1 0 2 0 0 0 0 0 0 0 0 0 0 0 0 2 0 -2 0 0 0 0 0 0 2 
0 0 0 0 0 0 0 0 0 0 2 0 0 0 0 0 1 0 0 0 -2 -1 0 0 0 0 -1 0 0 0 0 2 0 0 0 0 0 0 1 1 0 0 0 0 0 1 0 0 0 0 0 0 0 0 0 0 -2 0 0 2 -2 0 0 0 -2 0 0 0 1 0 1 0 0 0 -1 0 0 0 0 0 0 0 0 -2 0 1 2 0 0 0 0 0 1 1 0 0 0 0 0 -2 
0 0 2 0 -2 0 0 -2 -1 0 0 0 -1 0 2 0 0 0 0 0 0 0 0 1 0 0 0 0 0 0 1 0 0 0 1 0 0 -2 -2 0 0 0 0 0 0 0 2 0 2 0 0 0 0 0 0 0 0 -1 0 0 0 0 0 1 0 0 0 0 0 0 0 0 0 0 0 0 0 0 0 0 0 0 0 0 0 0 0 0 2 -1 0 -2 0 0 0 0 0 0 0 0 
0 0 -2 0 -1 0 0 0 0 2 1 0 0 0 -1 0 0 0 0 0 0 0 0 1 0 0 1 0 0 0 0 0 0 0 0 0 0 0 0 0 0 0 0 0 0 0 -1 0 0 2 0 0 0 -1 0 0 0 0 0 2 -1 0 0 0 0 0 0 0 1 0 0 0 0 0 2 0 0 0 0 0 0 0 0 0 0 0 0 0 0 0 0 0 0 0 0 1 0 0 0 0 
2 0 1 0 2 0 0 0 0 -2 0 0 0 -2 0 0 -1 0 0 0 0 0 0 0 0 0 0 0 0 0 0 0 -2 0 0 0 0 0 0 0 0 0 0 0 0 0 0 0 0 0 0 0 0 -1 0 1 0 0 2 0 0 0 2 0 0 0 0 0 0 0 0 0 0 0 0 -1 0 0 0 -2 0 0 0 0 0 0 0 0 0 0 0 0 0 0 1 0 0 1 -2 -1 
0 0 0 0 1 0 0 0 1 0 0 0 0 0 0 0 1 0 0 0 0 0 0 1 0 0 0 0 0 -1 0 0 0 0 0 0 -2 1 -1 0 0 0 0 0 0 0 0 0 0 -2 -2 2 0 1 0 0 0 0 0 0 0 0 -1 0 -2 0 0 0 -2 0 0 2 0 0 0 0 0 0 1 0 0 2 1 1 0 0 0 0 0 0 0 0 0 0 0 0 0 0 0 0 
0 2 0 0 0 1 0 0 0 0 0 0 0 2 -2 0 0 0 0 0 0 0 0 0 0 0 0 0 2 0 0 0 0 0 0 0 0 -2 0 0 0 0 0 0 0 0 0 0 0 0 0 0 0 0 0 0 0 0 0 0 0 0 0 -2 1 0 0 0 2 2 0 0 0 0 0 2 0 0 0 0 0 0 0 0 0 0 0 0 0 2 0 0 -2 0 0 0 -2 1 0 0 
0 -1 0 0 0 0 0 0 0 0 0 0 -1 0 0 0 0 0 0 0 0 2 0 0 0 2 0 0 0 0 0 1 0 0 0 0 0 0 0 0 0 0 1 0 0 0 -1 0 0 0 0 0 2 0 0 0 0 2 0 0 -2 -1 0 0 0 0 0 0 0 0 0 0 0 0 0 0 0 0 0 0 0 0 0 0 0 0 0 -1 2 0 1 0 0 0 0 0 0 0 0 0 
-1 0 0 0 2 0 0 0 0 0 0 0 0 0 0 0 0 0 1 0 0 1 0 0 -2 0 0 0 -2 -2 0 1 0 -1 0 0 0 2 0 0 0 0 0 0 0 0 0 0 -1 0 0 0 0 0 0 0 0 -1 -2 2 0 0 0 0 0 0 0 0 0 0 0 1 0 0 0 0 0 0 0 0 2 0 -1 0 1 0 0 0 0 0 -1 0 0 0 0 0 0 0 0 0 
0 0 0 0 0 0 0 0 0 0 1 0 0 0 0 0 0 1 0 0 0 0 0 0 0 0 0 0 0 0 0 0 0 0 0 -2 0 0 0 0 0 0 -2 0 -2 0 0 2 0 0 0 0 -2 2 0 1 0 0 0 0 0 0 0 0 0 -2 0 0 2 0 -2 0 0 0 0 0 0 0 0 0 0 0 0 0 1 0 0 -2 0 1 0 0 0 -1 0 0 0 0 0 0 
-2 2 0 -2 0 0 0 0 0 0 1 0 0 0 0 0 -2 0 0 0 1 0 0 0 0 0 0 0 0 0 0 0 0 1 0 0 0 0 0 0 0 0 -2 0 0 0 0 -2 1 0 0 0 0 0 0 2 0 0 0 0 0 0 0 0 0 0 0 -2 0 0 1 2 0 -2 0 -1 -2 0 0 0 0 0 0 1 0 0 0 -2 0 0 0 0 0 0 0 0 0 0 0 0 
0 0 0 1 0 0 0 0 0 0 0 0 0 0 -2 0 0 0 -1 0 0 0 2 0 0 0 0 0 0 -1 0 0 0 2 0 0 2 0 0 0 0 2 0 0 0 0 0 0 0 -1 0 2 0 0 -1 0 0 0 2 0 0 -1 0 0 0 0 0 0 0 0 0 0 0 1 0 0 0 0 0 -1 0 0 0 1 0 0 0 0 0 -2 0 0 -1 0 0 -2 -2 -2 0 -2 
0 0 0 0 0 0 2 1 0 2 0 0 0 -1 0 0 0 0 0 0 0 -1 0 0 -1 0 0 0 0 1 -1 -2 0 2 0 0 2 -2 0 0 0 -2 0 0 0 0 -1 0 0 -2 0 0 0 -2 -1 0 0 0 0 2 0 1 2 0 0 0 0 2 0 0 0 0 -1 -1 0 0 0 0 0 -1 0 0 0 0 0 0 0 0 0 0 1 0 0 0 0 0 -1 0 -1 0 
0 -2 0 0 0 0 0 0 2 -1 0 2 0 0 0 -1 0 0 0 0 -2 0 0 0 0 0 0 -1 0 0 0 0 0 2 0 -1 0 -1 0 0 -2 0 0 0 0 0 0 1 0 0 0 0 1 0 0 2 0 0 0 0 0 0 1 0 0 0 0 0 0 0 0 0 0 -2 -1 0 2 0 -1 0 0 0 0 0 0 0 0 1 0 -2 2 0 0 -1 0 0 0 0 0 -2 
0 0 0 0 0 0 0 0 0 0 0 0 -2 -1 0 0 0 0 0 0 -1 2 0 1 0 0 0 0 0 -1 0 0 0 0 0 0 0 -2 0 0 0 0 0 0 -2 0 0 0 -1 0 0 0 -2 0 0 0 0 0 0 -1 0 0 1 2 2 0 0 0 0 0 0 0 0 0 0 0 0 0 1 0 0 0 0 0 0 2 2 0 0 1 0 0 0 0 0 0 0 0 0 -1 
0 0 0 0 0 0 0 0 0 0 1 0 0 2 -1 0 -2 0 0 0 0 -2 0 0 0 0 0 0 0 0 0 0 0 0 2 0 2 0 0 1 0 -2 0 0 0 0 0 0 0 0 0 1 0 0 0 0 1 0 0 0 1 0 -2 0 2 0 0 0 0 -2 -2 0 0 0 2 0 0 0 0 0 1 0 0 -1 0 1 -2 -2 -2 0 0 0 0 0 0 -2 0 0 -2 0 
0 -1 0 0 -1 1 0 -2 0 0 -2 0 0 0 0 0 0 0 0 0 -2 0 2 1 2 0 -2 1 0 0 0 -2 0 0 0 0 0 0 0 0 0 0 2 1 0 0 0 0 -2 -1 0 0 -1 0 0 0 0 0 0 0 0 0 0 0 0 -2 0 0 0 0 0 0 2 0 0 0 0 0 0 0 0 0 -2 0 0 0 -2 1 0 -2 0 0 0 0 0 0 0 1 0 0 
2 0 0 0 0 0 1 0 1 0 0 0 0 0 0 0 0 0 0 -1 -2 1 0 0 0 0 0 0 0 0 0 0 0 2 1 0 0 0 -1 0 0 0 0 0 0 0 0 0 0 0 1 -2 0 0 -2 0 0 0 0 0 0 0 0 0 0 0 0 0 1 0 0 0 0 0 0 0 2 2 0 0 0 1 0 0 0 0 0 0 0 0 0 0 0 0 0 -2 0 0 0 0 
0 -1 0 0 0 2 -1 0 0 0 0 0 0 1 0 1 2 0 0 0 0 0 0 0 0 0 0 0 0 0 0 0 0 1 0 0 -2 0 1 0 0 0 -1 0 0 0 0 0 0 2 0 -1 -2 0 0 1 0 0 0 0 0 0 0 0 0 0 2 0 0 -1 0 0 0 0 0 0 0 0 0 0 0 -2 0 0 2 0 0 -1 0 0 0 0 2 0 0 0 0 0 0 0 
0 0 0 0 0 0 0 0 0 0 -2 -2 0 0 0 0 0 0 -2 0 0 0 2 0 0 1 0 2 0 1 0 1 1 0 0 0 0 0 0 0 0 0 1 0 0 0 0 0 0 0 0 0 -1 0 0 0 0 0 0 0 0 0 0 0 0 0 0 0 0 0 0 0 0 0 0 0 0 0 0 1 0 0 0 0 2 2 0 0 0 0 0 0 0 0 0 0 0 0 0 -2 
2 0 -1 -2 0 0 0 0 0 -1 0 1 0 0 0 2 0 0 0 0 0 0 0 0 0 0 0 2 0 0 0 0 0 0 0 0 0 0 0 0 2 0 0 1 0 0 0 2 0 0 1 0 2 2 0 0 0 0 -2 0 0 0 0 0 1 -2 1 1 0 0 0 0 0 0 0 1 0 0 0 0 0 0 0 1 0 0 2 0 0 2 0 0 0 0 -2 0 2 0 0 0 
0 0 1 0 0 0 0 0 2 0 0 0 1 0 0 -1 0 0 -2 0 0 0 0 0 2 0 -2 1 0 0 0 0 0 0 0 0 0 0 0 0 0 1 0 2 0 0 0 0 0 0 0 0 0 0 2 0 0 0 0 0 0 0 0 0 0 0 0 0 -1 0 -1 0 2 0 2 -2 1 0 0 0 -2 0 0 0 0 0 0 0 0 0 0 0 2 0 0 -2 0 0 0 0 
0 0 0 0 0 0 0 0 0 2 0 0 -2 2 0 0 -2 0 0 -2 0 0 1 0 0 0 0 0 0 0 0 0 0 0 0 0 0 0 0 0 0 -2 0 0 0 0 0 -2 0 0 -2 0 0 -2 1 -1 0 1 0 0 0 0 0 0 0 0 0 0 0 0 -1 0 0 0 0 0 0 0 0 0 0 0 0 0 0 0 -1 2 0 0 -2 0 -2 0 2 0 0 2 0 0 
0 0 0 0 0 0 2 0 0 0 -1 0 0 -2 0 2 0 0 0 0 2 0 0 0 0 0 0 0 0 -1 0 0 0 0 0 0 0 2 0 -2 -1 -2 1 0 0 0 0 0 0 0 0 0 0 0 -2 0 -2 1 0 0 0 0 0 0 0 0 0 -2 0 0 0 0 0 0 -1 0 0 0 0 0 0 0 -2 -1 0 0 0 0 0 0 0 0 0 0 0 0 0 1 0 0 
-2 0 1 0 0 -1 0 0 2 0 0 0 0 0 0 0 0 0 1 0 0 0 0 0 0 0 0 0 0 0 0 0 0 -1 0 -2 -2 2 2 2 0 0 0 0 0 0 0 0 0 0 0 1 0 0 0 0 0 0 -2 0 0 0 0 0 0 1 0 0 0 2 2 0 0 0 0 0 0 0 0 0 -1 0 -2 0 0 0 0 0 0 2 0 0 0 0 -2 0 0 0 0 0 
0 0 0 0 -1 0 0 0 0 0 0 0 0 0 0 0 -2 0 0 0 0 0 0 0 0 0 0 0 1 0 1 0 -1 -1 0 -1 0 0 0 0 1 1 0 1 0 0 0 0 0 0 2 0 -1 0 2 0 0 0 0 0 0 0 0 0 0 0 0 0 0 0 0 0 0 0 0 0 0 0 0 0 0 0 -1 0 -1 0 0 0 -2 -2 0 -2 0 0 0 0 0 0 0 0 
2 0 0 2 -1 0 0 2 0 0 0 0 0 0 -2 0 0 0 0 0 0 0 0 0 -2 0 0 0 0 2 1 0 0 0 0 0 0 0 -2 0 2 0 0 0 0 2 0 -2 -1 -1 0 0 0 0 0 0 0 0 1 0 0 0 0 0 1 0 0 0 0 0 0 0 2 0 0 -2 0 0 2 0 0 0 0 0 0 0 0 0 0 0 0 -1 1 0 0 0 0 0 0 0 
0 0 0 0 0 0 0 0 0 0 0 0 0 -1 0 -2 0 0 0 0 -1 0 -1 0 -2 0 0 -1 0 0 0 0 -1 0 2 0 0 0 0 0 0 0 0 0 0 0 0 0 0 0 -1 1 0 0 0 -1 0 -1 0 0 0 1 0 0 -2 0 0 0 0 1 0 0 0 0 2 0 0 -1 0 0 0 0 0 0 0 0 0 0 0 -2 0 0 0 0 0 0 -1 -1 0 0 
0 -2 -1 0 0 0 0 -2 0 0 0 0 0 0 0 2 0 2 0 0 0 0 0 2 0 0 0 0 -1 0 0 0 -2 2 0 0 0 2 0 0 0 0 0 0 0 0 2 -1 0 1 0 0 0 0 2 0 -1 -2 0 0 0 0 0 0 0 0 0 -2 0 0 0 0 0 0 0 0 -1 0 2 0 0 0 0 0 0 2 0 0 0 0 0 0 0 0 0 0 0 -1 0 0 
0 0 0 -1 0 0 0 -1 -2 0 1 2 0 0 0 0 0 0 0 0 0 0 0 -2 0 0 0 0 0 0 0 0 0 0 0 2 0 0 -1 0 0 0 0 0 1 0 0 0 0 0 0 -2 0 -2 0 2 0 0 0 0 0 0 0 0 0 0 0 0 0 -1 0 -2 -1 0 0 0 2 0 0 0 0 0 0 0 0 0 0 0 2 0 0 0 0 0 0 0 0 0 0 0 
0 0 0 -2 1 0 0 0 0 0 0 -2 0 1 0 0 0 0 0 0 0 0 2 0 1 0 0 0 0 -1 0 -1 0 0 0 0 -1 -1 0 0 0 0 0 0 0 0 0 0 0 0 0 0 0 0 0 0 0 1 -1 0 -2 0 0 0 0 -2 0 0 0 2 0 0 0 0 0 0 0 -2 0 0 0 0 2 0 -1 2 0 0 0 -1 -1 0 -2 -2 0 0 0 1 0 0 
0 0 0 0 0 0 0 1 0 0 0 0 0 -1 0 0 0 1 1 -1 0 0 0 0 0 0 0 -1 0 0 0 0 0 1 0 0 0 -2 0 0 0 0 0 1 0 0 0 0 0 0 0 0 0 0 0 0 0 0 0 0 0 2 0 0 0 0 0 0 -2 0 0 0 0 0 0 0 0 0 0 0 0 0 0 0 0 0 2 1 0 2 0 0 0 0 0 0 0 0 0 0 
0 0 2 0 -1 0 -1 0 2 0 0 0 0 0 -1 0 0 -2 0 0 2 0 0 0 0 0 0 0 0 0 0 0 0 0 0 0 0 2 0 0 0 0 0 0 0 0 0 0 0 0 0 0 0 2 0 -2 2 0 -1 0 0 0 0 -1 0 0 0 0 0 0 -1 0 0 0 -1 0 -1 0 2 0 0 0 0 0 2 0 1 0 -2 0 0 1 0 -2 0 0 0 0 2 0 
0 2 0 2 0 0 -2 -2 0 0 0 0 -2 0 0 0 -1 0 -2 1 0 0 0 0 0 0 0 0 2 1 1 0 0 0 0 -1 0 0 0 0 0 0 0 0 0 0 2 0 0 0 -1 0 0 1 0 0 2 0 0 0 0 0 0 0 0 1 0 0 0 0 2 0 0 0 -2 0 0 0 0 0 -1 0 0 0 0 0 0 0 0 0 0 -2 0 0 0 0 0 -2 0 0 
-2 0 0 0 -1 0 0 0 0 0 0 0 0 0 0 -1 0 0 0 -1 0 0 0 0 0 1 0 0 -2 0 0 0 -2 0 0 -1 0 0 2 -1 0 0 0 0 0 0 0 0 0 0 0 0 0 0 0 0 0 1 0 0 2 0 0 0 0 0 0 0 0 0 0 0 0 0 0 0 1 0 0 0 -1 0 0 0 0 1 0 0 0 0 0 -1 0 0 2 0 -1 0 0 0 
0 0 0 0 0 2 0 0 0 0 0 0 0 0 0 0 0 0 0 0 0 -2 0 0 0 0 0 0 0 0 0 0 0 -2 0 0 0 0 0 0 -1 0 -1 -2 0 0 2 0 0 0 0 0 0 0 1 -1 -2 0 0 0 0 0 0 0 0 0 0 -1 0 0 2 2 0 0 0 0 0 1 -1 0 0 0 0 2 0 0 0 0 1 0 0 0 0 -2 0 0 0 0 -2 0 
0 0 0 0 0 0 0 0 2 -1 0 0 0 0 2 0 0 0 0 0 0 0 0 0 0 0 0 2 0 0 0 -1 0 0 0 0 0 1 0 -2 0 0 0 0 1 0 0 0 0 0 0 0 2 0 0 0 0 0 -1 1 0 0 0 0 0 1 0 0 0 0 0 0 -2 2 0 -1 -2 0 0 2 0 0 0 0 0 0 0 0 0 1 0 0 0 0 0 0 0 0 0 0 
0 0 0 0 0 0 0 0 0 0 0 0 0 1 0 0 0 0 0 0 0 0 0 0 0 1 0 0 0 0 0 0 -2 0 0 -2 0 0 0 0 -2 0 0 0 0 -1 0 0 0 1 0 0 0 0 0 0 0 1 0 -2 -1 0 0 -1 0 0 0 0 0 0 1 0 0 0 0 1 -2 0 0 0 0 0 0 -1 1 0 -2 0 -2 1 0 0 0 0 0 0 2 0 0 -1 

8 3 5 2 4 3 8 8 10 10 10 3 9 8 10 10 5 2 5 7 8 5 9 10 5 5 7 2 4 9 7 8 5 5 10 8 4 1 2 10 9 3 6 5 2 9 5 8 5 8 