50 100
0 0 1 0 0 0 0 -1 2 0 0 -1 0 0 0 0 0 0 0 0 0 0 -1 0 0 0 0 0 0 -2 0 0 0 0 0 0 2 0 0 0 -1 0 0 0 0 0 0 0 0 0 0 0 -2 0 0 0 0 0 0 0 0 0 1 -2 0 0 0 -2 0 0 0 2 0 0 0 0 0 0 0 0 0 0 -2 0 -1 -1 0 -2 0 0 -2 0 0 0 0 0 0 0 0 0 
0 0 0 0 0 0 2 0 0 0 0 0 0 0 0 0 0 0 1 1 0 0 -1 0 -2 2 0 0 1 0 2 0 2 0 0 0 0 2 -2 0 0 0 0 0 0 0 0 0 0 0 0 0 0 0 0 0 -1 1 0 0 0 0 0 0 0 0 -1 0 0 0 2 1 0 0 0 0 -1 0 0 1 0 -2 0 1 0 0 -2 0 0 1 0 0 0 2 0 0 0 0 0 0 
0 0 -2 0 0 0 0 2 0 0 0 0 0 -2 0 0 -2 0 0 0 0 1 -2 0 0 0 0 0 0 0 0 0 0 0 0 0 0 0 -1 0 0 0 0 0 0 0 0 0 0 0 0 0 0 0 0 -1 0 0 0 0 0 2 0 0 0 0 0 0 0 0 0 0 0 0 0 0 0 0 2 0 0 0 0 0 0 0 0 0 0 0 0 0 0 0 -1 -2 0 0 0 -1 
0 0 2 0 0 0 0 0 2 0 0 -2 0 0 0 0 0 0 0 -1 0 -2 0 0 1 -2 0 0 0 0 -2 0 0 0 0 0 0 0 0 0 1 0 0 0 0 2 0 0 0 -1 0 0 2 0 1 0 0 0 0 0 0 0 1 0 0 0 0 1 0 0 0 0 0 0 0 0 0 0 0 0 0 0 0 0 0 0 -1 0 0 -1 0 -2 0 0 0 0 0 -1 0 0 
0 0 0 0 0 0 0 -2 0 1 0 0 0 -2 -2 0 0 0 0 0 0 0 0 0 2 0 0 0 0 -1 0 0 0 0 -1 0 0 0 0 0 0 0 0 0 0 0 -2 0 0 0 0 0 0 0 0 0 0 0 0 0 -2 1 0 2 0 0 0 0 0 0 0 -2 0 0 0 -1 0 0 0 0 0 0 0 0 0 0 -1 0 0 0 0 0 0 0 1 0 0 0 0 0 
2 0 0 0 0 0 0 0 0 -1 0 -2 0 0 2 1 0 1 0 0 -2 0 1 1 0 0 0 0 0 0 0 0 0 0 0 0 0 0 0 0 0 0 0 0 0 0 0 0 -1 2 0 0 0 0 0 0 0 0 0 1 0 0 0 0 0 2 2 1 -2 0 0 0 0 0 0 0 0 0 0 0 -2 0 0 1 0 1 0 0 0 0 0 0 0 0 0 0 0 0 0 0 
-2 0 -2 0 0 0 0 0 0 0 0 0 -1 0 0 -2 -1 0 0 1 0 0 2 0 0 0 0 0 1 0 0 0 0 -1 0 0 0 0 0 -2 0 0 0 2 0 -2 2 0 0 0 0 2 0 0 0 0 0 0 0 0 0 0 0 -1 0 0 0 2 2 1 0 0 2 2 0 0 0 0 0 2 0 2 -1 0 0 0 0 0 0 0 0 0 0 0 1 0 0 2 0 1 
-1 0 0 0 0 0 0 0 0 0 -1 0 0 0 0 0 -1 0 0 0 0 0 0 0 0 0 0 0 0 0 0 0 0 1 0 1 0 0 2 0 1 2 0 0 0 0 -2 0 0 0 -1 -1 0 0 0 0 0 0 0 0 0 0 0 0 0 0 0 0 0 0 0 0 0 -2 0 0 0 0 0 0 -1 0 0 0 0 0 0 0 2 -1 1 0 0 0 0 0 0 0 0 0 
0 0 0 0 -1 0 0 0 0 1 0 1 0 0 0 0 2 0 0 2 0 0 0 0 0 0 0 0 2 0 0 -1 0 0 0 0 0 2 0 0 0 -2 0 0 0 0 0 0 0 0 1 -2 0 0 0 1 0 0 0 0 0 0 0 0 0 0 0 0 0 0 0 2 1 0 0 0 0 0 0 0 0 0 0 2 1 0 0 -2 0 0 0 2 0 0 0 0 0 0 0 1 
0 0 0 0 0 0 -2 0 0 0 0 0 2 0 0 0 0 1 0 0 0 0 -1 0 0 0 1 0 0 0 0 0 0 0 0 0 0 1 2 0 0 0 1 0 0 0 0 0 0 0 0 1 0 0 0 0 2 0 -2 0 0 0 0 1 1 0 0 0 0 0 0 0 0 0 0 0 0 0 0 0 0 -1 0 0 0 0 1 0 0 0 0 0 0 0 0 0 2 0 0 0 
0 0 0 0 0 0 0 0 -1 0 0 0 0 0 -1 0 0 0 -2 0 0 0 2 0 2 0 0 0 2 0 0 0 0 0 0 0 0 0 0 0 -2 0 0 0 0 0 0 0 0 0 0 2 0 0 0 0 0 0 0 0 0 0 0 0 0 0 0 0 0 0 0 0 0 0 0 0 0 0 0 0 0 0 0 -1 0 -2 1 0 0 0 1 0 0 0 0 0 0 0 0 0 
0 0 1 0 -2 0 0 0 -1 0 0 0 0 0 0 0 0 0 0 0 0 0 0 0 0 -1 -1 0 0 0 0 0 0 0 0 0 0 0 1 0 0 -1 0 0 0 2 0 0 0 0 0 -2 0 0 1 0 0 0 0 0 0 0 0 0 0 2 0 0 0 0 0 -1 0 2 0 0 0 0 0 0 0 0 -1 0 -2 0 0 0 0 -1 0 -1 1 -2 0 0 0 0 0 2 
1 0 0 0 0 0 1 1 0 0 0 0 0 0 0 0 0 0 0 0 0 2 0 0 0 0 0 0 0 0 2 2 0 0 0 0 0 0 0 0 0 0 0 -1 0 0 1 1 0 0 0 -2 0 0 0 0 0 0 0 2 0 0 0 0 0 1 0 0 0 -1 1 0 0 0 0 0 0 0 0 0 0 0 -2 0 0 0 0 0 0 -2 0 0 0 2 0 0 0 0 0 0 
0 0 -2 0 0 0 0 0 0 0 1 0 0 0 0 0 2 0 0 0 0 2 0 0 2 -1 0 0 0 -2 0 0 0 0 0 0 0 0 0 -1 1 0 0 2 0 -1 0 0 0 0 0 1 0 0 2 2 -1 0 0 0 2 1 0 0 2 0 0 0 0 -2 0 0 0 2 0 0 0 0 0 0 0 -1 0 0 0 0 0 0 2 -2 0 1 0 1 0 0 1 0 0 0 
0 0 0 1 0 0 -1 0 0 -2 2 -2 0 0 -2 0 0 -1 0 0 0 0 1 0 -2 0 0 0 0 1 0 0 0 0 0 0 0 2 2 0 0 0 0 0 0 0 0 0 0 0 0 -2 0 0 0 1 0 0 0 0 1 0 0 2 1 0 0 0 0 0 0 0 0 0 0 0 0 0 0 0 0 0 0 -1 0 1 0 0 0 0 0 -2 0 0 0 0 0 0 0 0 
0 -2 0 0 1 0 0 0 0 0 0 1 2 0 0 0 1 0 -2 -2 0 0 0 0 0 0 1 0 0 0 0 0 0 0 0 0 0 -1 0 0 0 0 0 0 0 0 -2 0 0 0 0 0 0 0 0 0 0 0 0 0 0 0 0 0 -2 0 1 0 0 0 0 -2 0 0 0 0 0 0 0 0 0 0 0 0 0 0 0 0 0 0 2 0 0 0 0 0 0 0 0 0 
0 1 0 0 0 0 0 0 0 0 0 0 0 -1 -1 0 -1 0 0 0 -1 0 0 0 0 0 0 0 0 0 0 0 0 0 0 0 0 0 -2 0 0 -1 0 0 -2 0 0 0 0 0 0 -1 0 0 0 0 0 0 0 -1 0 0 0 -2 -2 0 0 1 0 0 0 0 0 0 0 0 0 0 1 -2 0 0 0 0 -2 0 0 0 0 0 0 0 0 0 2 0 -1 0 0 0 
0 0 0 0 0 0 0 0 0 -2 -1 1 0 0 0 2 0 0 0 2 0 1 0 0 1 0 0 0 0 0 0 0 0 0 0 0 2 0 0 2 0 -2 0 0 0 0 0 0 0 -2 0 -2 0 1 2 0 0 -2 0 0 0 0 0 0 0 -2 0 0 0 0 0 0 0 0 0 0 0 0 0 0 0 0 0 0 0 0 0 0 0 1 0 -1 -2 0 0 0 0 -1 0 0 
0 0 0 0 0 0 0 0 0 -2 0 0 0 0 -1 0 0 0 1 0 0 2 0 0 0 0 2 0 0 0 0 -2 0 0 0 0 -2 1 0 -1 0 0 0 -2 0 -2 0 0 -1 0 0 0 0 0 0 0 0 1 0 0 0 0 0 0 0 -2 0 0 0 0 0 0 0 0 0 0 0 0 0 0 0 0 -2 0 0 0 0 0 0 0 0 -1 2 0 0 1 0 0 0 0 
0 0 0 2 0 0 0 0 0 0 1 2 0 0 0 0 0 0 0 2 0 2 0 0 2 0 0 0 0 0 0 0 0 0 0 0 -1 0 0 0 0 0 0 0 0 0 0 0 -2 0 0 0 0 -1 1 0 0 0 0 0 -1 0 0 0 0 0 0 0 0 0 0 0 1 0 0 0 0 1 0 1 0 -2 -2 0 0 0 0 0 1 -2 0 0 0 0 0 1 0 2 -1 1 
1 0 0 0 0 0 0 0 0 0 -2 0 0 -1 0 2 0 0 -2 0 0 0 0 0 0 0 0 -2 -2 2 0 0 0 -2 0 1 0 -1 0 0 -2 0 0 2 0 1 0 0 0 0 0 0 0 0 0 0 0 0 0 0 0 0 0 1 0 0 0 0 0 -2 0 0 0 0 1 0 1 0 0 0 0 0 0 0 0 0 0 0 0 0 0 0 0 0 0 0 0 0 0 -1 
2 2 0 0 0 0 0 0 1 1 0 0 0 0 0 0 0 0 0 0 0 0 0 2 0 0 0 -1 0 0 0 0 0 0 0 -1 0 0 0 0 0 0 0 -2 0 0 0 0 0 0 0 0 0 0 0 0 0 0 0 2 0 1 0 0 0 0 0 1 0 0 0 2 0 -2 0 0 0 0 0 0 0 0 1 0 0 0 -2 0 0 2 0 0 0 0 0 0 0 0 0 0 
1 2 1 0 0 0 0 0 0 0 0 0 -2 -2 0 0 2 0 0 0 0 0 0 0 0 0 0 0 1 0 -2 0 0 1 0 0 0 2 0 0 0 0 0 0 0 -2 0 0 0 0 0 2 0 2 0 2 0 0 0 0 0 0 0 0 0 0 0 0 0 -2 0 1 0 2 0 1 0 0 0 0 0 0 0 2 -1 0 0 0 -1 1 0 0 0 0 0 2 0 0 0 0 
-1 0 0 0 0 -1 -2 0 0 0 0 0 0 0 0 0 -1 0 1 0 0 0 0 0 0 0 0 0 2 0 -1 2 0 0 0 0 0 0 0 0 0 0 0 2 0 0 0 0 0 0 0 0 0 -1 0 0 0 -2 0 -2 0 0 -1 0 0 0 0 0 0 0 -2 1 0 -2 0 0 0 0 0 2 1 0 0 0 0 0 0 0 2 0 0 0 0 0 0 0 0 0 0 0 
-1 0 0 0 0 0 -2 0 2 1 0 0 0 0 0 0 0 0 0 0 1 0 0 2 1 1 0 0 0 0 0 0 0 0 0 0 -2 0 0 0 0 0 0 0 0 0 0 0 0 1 0 -1 0 0 1 0 0 0 0 2 0 0 0 0 0 0 0 0 0 0 0 0 0 0 0 0 0 0 0 0 -1 -1 1 -1 0 0 0 -2 1 0 0 0 0 0 0 0 0 0 0 -1 
0 0 0 0 -2 0 0 0 0 0 0 0 0 0 0 0 0 0 0 0 0 0 0 0 1 0 0 0 0 0 1 0 0 0 0 0 0 0 0 0 0 -2 0 0 0 -1 1 -1 0 -2 -2 0 -1 2 2 0 0 0 0 2 1 0 0 0 0 0 0 0 0 0 2 0 0 0 2 -2 0 0 0 0 0 -1 0 0 1 0 0 0 2 0 0 0 0 0 0 0 2 0 0 0 
0 0 0 2 0 0 0 0 -2 0 0 0 -2 0 2 1 0 0 2 -1 0 0 0 0 0 -2 0 0 0 0 0 0 0 0 0 0 0 0 0 0 0 -2 0 0 0 0 1 0 -1 0 2 0 0 0 0 0 0 0 0 0 1 0 0 -1 0 0 0 0 -2 2 -2 0 0 0 0 0 0 0 -2 0 0 -1 0 0 1 0 0 0 0 0 0 0 0 0 1 -1 0 0 -2 1 
0 0 0 0 2 0 0 0 0 0 -1 0 0 0 0 0 0 0 0 0 0 0 -1 0 0 0 -1 0 2 0 0 0 0 0 0 0 0 0 0 0 0 0 0 -1 0 0 0 0 0 0 0 0 0 0 0 -1 2 -1 0 0 0 0 0 0 0 0 0 0 0 0 1 0 0 0 0 0 0 0 0 0 0 0 0 0 0 0 0 0 0 0 0 0 0 0 0 -1 -2 0 0 0 
0 0 0 -1 0 0 0 0 0 0 0 0 0 0 0 -2 0 0 -1 0 0 0 0 0 0 0 0 0 0 0 0 2 2 0 0 0 0 0 0 0 0 2 -1 0 0 0 0 0 0 1 -1 0 0 2 -1 0 0 0 0 0 -2 2 0 1 0 0 0 0 0 0 -2 0 0 0 0 -1 0 0 0 0 0 0 0 0 0 0 0 0 1 0 -2 0 0 0 1 -1 0 2 0 0 
1 0 0 -2 1 1 0 0 0 0 0 0 -2 0 1 0 0 0 0 0 0 0 0 -2 1 0 0 0 0 -1 0 0 1 0 0 0 2 0 0 0 0 -1 -2 2 2 0 0 0 0 0 0 2 0 2 0 0 0 0 0 0 0 0 0 0 0 0 0 0 0 0 0 0 0 0 0 0 0 0 0 0 0 0 0 0 0 0 0 1 0 0 -2 0 0 0 0 -1 0 0 0 1 
1 0 0 0 0 0 0 0 0 2 0 0 0 0 2 0 0 0 0 0 -2 0 0 0 -2 -1 0 0 -2 0 0 0 0 0 0 1 2 -1 0 0 0 0 -1 0 0 -2 0 0 0 2 0 0 0 0 0 0 0 0 0 0 0 -1 0 -1 0 -1 0 0 1 1 0 0 0 0 0 0 0 0 0 0 0 0 0 1 1 0 -2 0 0 0 1 0 0 0 0 0 0 0 0 0 
0 0 0 0 0 1 0 0 2 -2 2 0 0 0 0 0 0 -1 0 0 0 -2 0 -2 0 0 0 0 0 0 0 -1 0 0 0 2 0 2 0 0 0 0 1 0 2 0 0 -2 0 2 0 0 0 0 0 0 -2 0 0 0 0 0 -2 0 0 0 0 2 0 0 0 1 0 0 0 0 0 0 2 0 0 0 0 0 0 0 -1 0 0 0 0 0 0 0 0 0 0 0 1 0 
2 0 0 0 2 0 0 0 0 0 0 0 0 -2 0 0 0 0 0 0 -1 0 2 0 0 0 0 0 0 0 0 0 0 0 0 0 0 0 0 2 0 2 0 0 0 0 0 0 0 0 0 0 0 0 0 -1 0 0 0 0 0 2 0 0 1 -2 0 0 -1 -1 0 0 0 1 2 0 0 0 0 2 0 0 0 0 -2 0 0 0 0 0 -1 0 0 0 2 0 0 0 0 0 
2 2 0 -2 0 0 -2 0 0 1 0 0 0 0 0 0 0 0 -1 -1 1 0 2 -1 1 2 -2 0 0 0 0 -2 -1 0 0 2 0 0 0 0 0 0 0 0 0 0 0 2 0 -2 0 0 0 0 0 -1 0 0 0 0 0 0 0 2 0 0 0 0 2 0 0 0 0 2 0 -2 0 0 0 0 0 0 1 0 2 0 0 0 1 2 0 0 0 0 -1 -1 0 0 0 0 
0 0 0 0 0 2 0 0 0 0 0 0 0 0 -2 0 0 0 0 1 -1 0 0 0 0 0 0 0 0 2 0 0 0 2 0 0 0 0 0 0 0 0 0 0 2 0 0 0 2 0 0 -2 0 0 0 0 0 0 0 0 0 0 1 0 0 0 0 -2 -1 0 0 0 0 0 0 0 2 0 0 2 0 0 1 0 0 0 0 0 0 0 0 1 2 0 0 0 0 0 -1 0 
1 0 0 2 2 0 0 0 0 2 0 0 0 0 -1 0 0 0 -1 0 0 0 0 1 -2 -1 0 0 0 0 -2 0 0 2 -1 0 0 0 0 0 0 -1 0 0 0 2 0 0 0 0 0 -1 0 0 0 0 -2 0 0 0 0 0 0 2 0 1 0 0 0 0 0 0 0 0 0 0 2 0 0 0 0 0 0 0 0 0 0 0 0 0 0 0 0 0 0 0 0 0 0 2 
0 0 0 0 0 -2 0 0 0 0 0 0 0 0 0 0 0 0 0 0 0 0 -1 1 0 0 0 0 0 -2 0 0 0 0 0 0 0 0 0 0 0 0 0 0 0 0 0 0 0 0 0 0 0 0 0 0 0 0 0 0 0 0 0 2 0 0 0 0 0 -1 -1 0 0 0 0 -2 -1 0 0 0 0 1 0 0 0 0 0 0 2 0 0 0 0 2 0 0 0 0 0 0 
1 0 0 0 0 0 0 0 -1 0 0 0 0 1 1 0 0 0 0 0 0 0 0 0 0 0 0 0 0 -2 -2 0 0 0 -2 0 1 0 0 2 0 0 0 0 0 2 1 0 0 0 0 0 1 0 0 -1 0 2 0 0 0 0 0 1 1 0 0 0 0 0 1 0 0 0 0 0 1 0 0 0 0 0 -2 0 0 0 0 0 0 0 -1 -2 0 1 0 -1 2 0 1 0 
0 0 -2 0 0 -1 -1 0 0 0 0 0 0 0 0 -1 0 0 0 0 0 0 0 0 0 0 0 0 -2 0 0 0 0 0 0 -2 0 1 0 0 2 0 0 -1 1 0 0 0 0 0 2 0 0 0 2 0 0 0 0 1 0 0 1 1 -1 1 0 0 0 0 0 0 0 0 0 0 0 0 0 0 2 0 0 -2 0 0 0 0 0 0 0 1 0 0 -2 0 0 0 0 1 
-2 0 0 0 0 0 0 0 0 0 0 0 0 0 0 1 0 0 0 0 0 0 0 0 0 0 0 0 0 -1 0 0 0 0 2 0 0 0 0 2 0 -1 0 0 0 0 0 0 -1 0 0 0 0 0 1 0 0 0 0 0 0 0 0 0 0 0 0 0 0 0 -1 1 0 0 0 0 0 0 0 -2 0 0 2 0 -2 0 0 2 0 0 2 0 0 0 0 0 -1 0 0 0 
0 0 0 0 0 -2 0 0 0 0 2 0 0 0 0 0 0 0 0 0 0 0 -1 0 0 0 0 0 0 0 0 0 2 2 0 2 0 0 0 0 0 0 0 0 2 0 0 0 -1 0 0 1 0 0 1 -1 0 0 0 0 0 2 0 0 -2 0 0 -2 0 0 0 0 0 0 0 0 -1 1 0 0 2 0 0 0 0 2 0 0 0 -2 0 0 0 0 0 0 0 0 0 0 
0 0 2 0 0 -2 0 2 0 0 2 0 0 0 0 0 0 0 0 0 0 0 0 0 0 0 0 2 -1 0 0 0 0 0 -2 0 -1 0 0 0 1 0 0 0 0 0 0 0 1 -2 0 -1 -2 0 -2 0 0 -2 0 0 0 0 0 0 0 0 -2 -2 1 0 0 0 0 0 0 0 0 -1 0 0 2 2 0 -1 0 0 0 0 -1 0 -1 0 0 0 0 0 0 2 0 0 
0 0 0 0 0 0 1 0 0 0 0 2 0 0 0 0 -1 0 0 0 -2 0 0 0 1 0 0 0 0 2 0 0 0 0 0 1 0 1 2 0 -1 0 0 2 -1 0 0 0 0 0 2 0 0 0 0 0 0 0 0 0 0 0 -1 0 0 0 0 1 -1 0 0 1 0 1 -1 0 0 0 0 0 0 0 0 0 0 0 2 0 0 0 0 0 0 2 0 0 0 0 0 0 
0 0 1 0 0 -1 0 0 0 0 0 0 0 0 1 0 0 -2 0 0 0 -2 0 0 0 0 1 0 0 1 -1 0 0 -1 0 0 0 0 0 0 0 0 0 -1 0 0 0 0 0 0 0 0 0 -2 1 0 0 0 0 -1 2 -2 0 0 0 0 2 0 0 0 0 0 -1 0 -1 0 0 0 0 0 0 0 0 0 2 0 0 -1 0 1 0 0 2 0 0 0 0 0 0 0 
-2 0 0 0 0 0 -2 0 -2 2 0 0 0 0 0 -1 0 0 0 0 -2 0 0 -2 -2 0 0 0 0 0 0 -1 1 0 0 0 0 0 0 0 0 1 1 0 0 0 -1 0 -1 0 0 0 0 -1 -1 0 0 0 0 0 0 1 0 0 0 0 0 -1 0 0 -2 0 0 0 -2 0 0 0 0 0 2 0 -1 0 0 0 0 0 0 0 0 0 0 1 0 0 0 0 0 0 
0 0 2 0 0 0 0 0 0 1 0 0 0 0 0 1 0 -2 0 0 0 0 1 0 -1 0 0 0 0 0 0 0 0 0 0 0 0 0 0 0 0 -2 0 0 0 0 0 0 0 0 1 0 0 0 0 0 0 0 -1 0 2 0 -1 0 0 0 1 0 2 2 0 0 0 0 0 0 0 0 0 0 0 0 0 0 0 0 0 0 1 0 0 0 -2 0 0 0 0 -1 0 -2 
-1 0 0 0 0 2 0 1 1 0 0 0 0 -2 0 0 0 -2 0 0 0 0 -2 0 0 0 0 2 0 2 0 0 0 0 2 0 2 0 0 0 0 0 0 0 0 0 0 0 0 0 0 -2 0 0 0 0 0 0 0 0 1 -1 0 0 0 0 0 0 1 0 0 0 0 0 -2 1 0 0 0 0 -2 -1 -1 0 0 0 0 0 2 0 0 -1 0 0 0 0 0 0 0 2 
2 0 0 0 -1 0 0 0 0 0 0 0 0 0 0 0 0 -2 0 0 0 0 0 0 0 0 -2 0 -1 0 1 0 -2 0 0 0 0 -2 1 -2 0 0 0 0 0 0 -2 1 0 0 0 0 -2 0 -2 0 0 0 0 0 0 0 0 0 0 2 0 0 0 0 0 0 0 0 0 1 0 0 1 0 0 0 -2 0 0 2 0 0 -1 1 0 0 0 -1 0 0 0 0 0 0 
0 1 0 0 0 0 0 0 0 2 0 0 0 0 0 0 0 0 -1 1 1 0 2 1 -1 -1 0 0 -1 0 0 0 0 0 0 0 0 0 0 0 0 0 0 0 0 0 -1 0 0 0 0 0 0 0 0 0 0 0 2 0 0 2 0 0 0 0 0 0 0 0 0 0 0 0 2 0 0 0 0 0 0 0 0 0 0 0 0 -1 0 0 0 0 0 2 0 -1 0 2 0 0 
-1 0 0 0 0 0 0 0 0 0 0 0 0 -1 0 2 0 -2 0 0 0 0 0 0 2 0 0 0 0 0 0 0 2 0 0 -2 0 2 0 0 0 0 0 0 0 0 -1 1 0 0 0 0 0 -2 0 0 0 0 0 0 -1 0 -1 0 0 0 0 0 0 0 0 0 -1 2 0 0 0 0 0 0 0 -1 0 0 0 0 -2 0 1 0 1 -1 0 0 0 0 0 0 0 0 

8 7 7 8 8 2 8 4 4 8 7 4 10 7 8 8 9 6 1 3 6 6 5 8 5 4 4 1 8 6 8 2 5 1 1 7 2 5 10 2 9 10 2 9 8 8 7 5 4 3 