100 200
2 2 0 0 0 2 0 -2 2 0 1 0 0 0 0 0 0 0 0 -2 0 0 0 0 0 0 -1 0 0 0 -2 0 0 0 -1 0 0 0 0 -1 0 0 0 0 0 0 0 0 0 0 0 -1 0 0 0 0 0 0 1 2 0 0 0 0 -2 0 0 0 0 0 -2 0 1 0 0 0 0 0 2 0 0 0 0 0 -2 0 0 0 0 0 0 0 0 0 2 0 2 2 0 -1 0 0 0 -1 0 2 0 2 2 0 -2 0 0 0 -1 0 0 0 0 0 0 0 0 0 0 0 2 0 2 0 0 -2 0 0 0 0 2 0 0 0 0 -1 0 0 0 0 0 2 -2 -2 -2 0 0 0 0 0 0 0 0 0 0 0 0 0 0 0 0 0 0 0 0 1 -2 0 0 0 2 2 0 0 0 0 0 2 0 0 -2 0 0 0 0 0 0 0 0 0 0 -1 -1 0 
0 0 0 0 1 0 0 0 0 0 0 0 0 0 -2 0 0 -2 0 0 -2 -2 0 0 -2 0 -1 0 0 0 0 0 0 0 0 0 0 0 0 0 0 1 0 0 0 0 0 0 1 0 0 -1 0 0 0 0 0 0 0 0 0 0 0 0 0 0 0 0 -1 0 0 0 0 0 0 0 -2 0 0 0 0 2 0 -1 0 0 -2 -2 0 0 0 0 -1 0 0 0 1 0 0 -1 0 0 0 0 -2 0 0 0 0 0 -2 0 0 0 0 0 0 0 0 0 0 -1 0 0 0 0 0 0 1 0 -1 0 0 0 0 0 1 -2 2 0 0 0 0 -1 2 0 0 1 0 -1 0 0 0 0 0 1 0 -2 0 0 0 0 0 0 0 -2 0 0 0 -1 -2 1 0 2 0 0 0 0 0 0 0 1 0 0 0 0 0 0 0 0 0 0 0 0 0 0 0 0 0 0 
0 0 0 0 0 -2 0 0 0 0 0 0 -1 0 0 0 0 0 0 0 0 0 0 0 -1 0 0 0 -2 2 0 0 0 0 0 0 0 0 0 0 0 0 0 0 -1 0 0 0 0 0 0 0 2 0 0 0 0 0 1 0 0 0 0 0 0 0 0 0 0 0 -1 0 0 0 1 0 0 0 0 0 -1 0 2 2 0 0 0 0 0 0 0 0 0 -1 0 0 0 0 0 0 0 0 0 0 -1 0 2 0 0 0 0 -2 0 0 0 -1 0 0 0 0 1 0 0 0 0 0 0 0 -1 -2 0 -2 0 -2 0 0 -1 0 0 0 0 0 1 0 -1 0 0 0 0 1 0 0 0 0 0 0 0 0 0 0 0 0 0 0 1 1 0 0 0 0 0 0 0 0 0 0 -1 0 -2 0 0 2 -1 0 1 0 0 0 -2 0 0 0 1 0 0 0 0 0 0 0 
0 0 0 0 0 0 0 1 0 0 0 -2 0 0 0 0 0 0 0 0 0 0 1 1 1 0 0 0 0 0 0 0 0 0 0 0 0 1 0 0 0 0 0 0 0 0 0 0 2 0 0 0 2 2 0 0 0 0 0 0 0 0 0 0 0 0 0 0 0 0 1 0 0 0 0 0 0 0 0 0 0 -1 0 0 0 0 0 0 0 0 0 -1 1 0 -1 0 0 0 1 -2 0 0 0 0 0 0 0 0 0 0 -2 0 0 -2 0 0 0 1 2 -1 0 -1 -2 0 -1 0 0 0 0 0 0 0 0 0 0 2 0 0 0 0 0 0 0 0 0 0 0 0 -2 0 0 -2 0 0 0 0 -1 0 0 0 0 0 0 0 0 2 0 0 0 0 0 0 0 0 0 0 -2 0 0 2 0 -2 0 0 0 0 0 0 0 0 0 0 0 0 0 0 0 0 0 0 
0 0 0 0 2 0 1 0 0 0 1 0 0 -2 0 -2 0 0 0 0 0 0 0 -1 0 0 2 0 0 0 2 0 0 0 0 0 2 0 0 0 0 0 0 0 2 0 0 0 0 -2 0 0 -2 2 0 0 0 0 1 0 1 0 0 0 0 0 0 1 0 0 0 0 0 -2 0 0 0 1 -1 0 2 0 0 -1 0 2 0 1 0 0 -1 -1 1 0 -1 0 0 -2 0 0 0 0 2 0 0 -2 0 -2 -2 0 0 0 -1 0 0 1 -1 0 0 0 2 0 -1 0 0 0 0 0 0 0 1 0 0 0 0 0 0 0 0 0 0 -1 2 -2 0 0 0 0 0 0 0 0 -1 -2 0 -1 0 0 0 0 0 0 0 0 0 0 0 0 0 0 0 0 0 -1 0 0 1 0 0 0 0 0 -1 1 0 -2 0 0 0 0 0 0 0 0 0 0 0 0 0 0 
0 -2 0 0 -2 0 0 2 0 0 0 0 0 0 0 0 0 0 0 -1 -2 0 0 2 2 0 -2 0 0 0 0 -1 0 1 0 -2 0 -2 0 0 0 0 0 0 0 1 0 0 0 0 1 -2 0 2 0 0 2 1 0 0 0 -1 2 0 0 -2 0 0 0 0 0 0 0 0 0 0 0 0 0 0 2 0 -2 0 0 1 0 0 0 0 -2 0 0 0 -2 0 0 -2 0 0 0 0 0 0 0 0 2 0 0 0 0 0 0 0 0 0 -2 0 0 2 0 2 0 2 0 -1 2 0 0 0 0 0 0 0 0 0 0 0 0 0 0 0 1 0 0 0 0 0 0 1 1 0 0 0 1 0 0 0 0 0 1 0 0 2 -2 -2 0 -2 0 0 0 0 0 0 0 -2 0 0 0 1 0 0 -1 0 0 0 0 2 0 0 0 0 0 0 0 0 0 0 0 0 
0 0 0 0 0 0 0 0 0 -2 0 -1 0 0 0 0 0 0 -2 0 0 0 0 0 0 0 0 0 0 0 0 0 2 0 0 2 0 2 -2 0 0 0 -2 0 0 -1 1 0 0 0 -1 0 0 0 0 0 0 0 2 0 0 0 0 0 0 0 0 0 0 0 -2 0 0 0 0 0 0 0 -2 0 2 0 0 0 0 0 -2 0 -1 0 0 1 -2 0 -1 0 0 0 -1 1 0 0 0 0 -2 0 0 0 0 0 1 0 0 0 -2 0 1 0 0 0 0 0 0 -1 0 -2 0 0 0 0 0 0 0 -1 1 0 0 0 0 0 0 0 0 0 0 0 0 0 0 0 0 0 0 0 0 0 0 0 0 0 0 0 0 0 0 -2 -2 0 0 0 -1 0 0 1 0 0 0 0 0 0 0 0 0 0 0 -2 -2 -1 0 0 0 0 0 -2 2 1 0 0 1 0 
2 0 0 0 0 0 0 2 -2 0 -1 0 -1 0 0 0 0 0 0 0 1 0 0 0 0 0 0 0 0 0 0 -2 0 0 0 0 0 0 0 1 0 -2 0 0 0 -2 0 0 0 0 0 -1 0 0 -1 -2 0 0 0 0 0 0 0 0 -1 0 -1 0 0 0 2 0 0 0 -1 0 0 0 0 0 0 1 0 0 0 -2 0 0 0 0 2 0 -1 0 0 0 0 0 0 0 0 0 0 2 0 0 0 0 2 0 0 0 0 1 0 0 0 -2 0 0 0 0 0 0 0 0 2 0 2 0 0 0 0 0 0 0 2 0 -1 1 0 0 0 -2 0 0 0 0 -2 0 0 0 0 0 0 0 0 0 0 -1 0 0 0 0 0 2 0 0 0 0 0 0 0 -1 0 0 2 0 0 0 0 0 0 0 0 -1 0 0 0 0 0 0 0 0 0 -1 -2 0 2 0 
-2 0 0 0 0 0 0 0 0 2 0 0 0 0 0 0 -1 2 0 0 0 0 0 0 0 0 0 0 0 0 0 0 0 0 0 -1 0 0 0 1 0 0 0 0 0 0 0 0 0 0 0 0 0 0 0 0 0 0 0 0 0 0 0 0 0 0 -2 0 -1 0 0 0 0 0 0 0 2 0 -2 0 0 0 0 0 0 0 0 0 0 0 2 0 2 0 0 -1 0 0 0 0 0 0 0 1 0 -2 0 0 0 0 0 0 0 0 0 0 0 0 0 1 0 0 0 1 2 0 0 0 1 0 0 1 0 0 2 0 -2 0 0 1 2 0 0 0 1 0 0 0 0 0 0 -1 0 0 0 0 0 2 0 0 0 0 0 0 0 0 1 -1 0 0 2 0 0 0 0 0 0 0 -1 0 -1 0 0 0 0 -1 0 -2 0 0 1 0 0 0 0 0 0 0 0 0 
0 0 2 -2 0 0 0 -1 0 0 0 0 0 0 2 0 0 0 0 0 0 0 0 0 0 0 0 0 -1 1 0 0 0 0 0 0 -1 1 -1 0 0 0 0 0 0 0 0 0 0 0 0 0 0 0 0 0 0 0 0 0 0 0 0 -2 0 0 2 0 0 0 0 0 0 0 0 0 0 0 0 -1 0 0 0 0 0 0 0 0 0 1 0 0 0 0 0 2 0 0 0 -2 0 0 0 0 0 0 0 2 0 0 0 -2 0 0 0 0 0 0 0 0 0 0 0 -1 0 0 -2 0 0 0 0 -1 0 0 0 0 0 0 2 -1 0 0 0 0 0 0 0 1 -2 0 0 0 -1 0 0 0 0 0 -2 0 0 -2 0 0 0 0 1 0 0 1 0 0 0 2 0 -2 1 0 0 -2 0 0 0 -2 0 2 0 0 0 -2 0 0 2 0 2 1 0 0 0 -1 
0 0 1 0 0 0 -2 -1 0 0 0 0 0 2 0 -2 0 0 0 0 0 1 0 0 0 -1 0 -2 -2 0 0 0 0 2 0 0 0 -2 0 0 -2 0 -1 0 0 0 0 -2 0 -1 0 0 0 0 0 -2 1 0 0 0 -2 2 0 0 0 0 0 0 0 0 0 0 0 0 0 0 2 0 0 1 1 0 2 0 0 0 0 0 2 0 1 1 1 -1 0 0 0 2 0 0 0 -1 0 0 0 2 0 -2 2 0 0 0 -1 0 0 0 -2 0 -2 0 0 0 0 -1 0 0 -1 0 0 0 0 0 0 0 0 0 0 -2 1 0 0 0 0 -2 -2 -2 0 0 0 0 0 -2 0 0 0 0 0 -2 0 0 -2 0 0 0 0 0 0 0 0 -1 0 0 0 -2 0 0 0 0 0 0 0 0 -2 0 0 0 0 0 0 0 0 0 0 0 0 0 0 -2 0 0 
0 -1 0 0 0 0 0 2 0 0 0 0 0 0 0 0 0 -2 0 0 0 0 0 0 0 0 0 -1 0 0 -2 0 0 0 0 0 0 0 0 0 2 0 0 -1 0 0 0 0 0 0 1 0 0 0 0 0 2 0 0 0 0 0 0 0 0 0 0 0 2 0 0 0 2 -2 0 0 0 -2 0 0 0 2 0 0 0 -2 0 0 -1 0 0 0 0 0 0 0 0 0 0 1 0 0 0 0 0 0 0 0 0 0 0 1 0 0 0 -2 0 0 0 2 2 0 -1 0 0 0 -2 0 0 0 0 0 0 0 1 0 -2 0 0 2 0 0 0 0 0 0 0 0 0 0 0 0 0 0 0 0 0 0 0 -1 0 2 -2 0 0 0 -2 -2 0 0 0 0 1 0 0 0 -1 0 0 0 0 0 1 0 0 1 0 -2 0 0 0 0 0 -1 0 0 0 0 0 0 
1 0 0 0 0 0 0 0 0 0 0 0 0 0 0 0 0 0 0 0 0 0 0 0 0 0 0 0 0 -1 -2 0 0 0 -1 0 0 -2 0 2 0 0 0 0 0 0 0 0 0 1 -1 0 0 0 0 0 0 0 0 0 0 0 0 0 0 -1 0 0 0 0 0 0 0 0 0 0 0 0 0 0 0 0 0 -1 0 2 1 0 0 0 0 0 0 0 0 -2 1 0 2 2 2 0 2 0 0 0 0 0 0 0 0 0 0 0 0 0 0 0 0 0 0 0 0 0 0 0 0 0 0 0 1 0 0 0 0 0 0 1 2 0 0 0 0 0 0 0 0 0 2 2 0 0 1 0 -1 0 0 0 -1 -1 0 0 2 1 0 0 0 0 0 0 0 -2 0 0 0 0 0 0 2 0 0 -1 0 -2 2 0 0 0 0 0 0 0 0 0 -1 0 0 2 0 -1 
0 1 0 2 -2 -2 1 0 0 0 -1 0 0 0 0 0 0 0 0 0 0 0 2 0 -1 0 0 0 -2 -2 0 -2 -2 0 0 0 1 0 0 0 2 0 0 0 1 0 0 0 1 0 0 0 -2 0 0 0 0 0 -1 0 2 0 0 0 0 -1 0 1 0 0 0 1 0 0 0 0 0 0 0 0 0 0 0 0 0 0 0 2 -2 0 0 0 2 0 0 0 0 0 0 -2 0 0 0 -2 0 -1 2 0 0 -1 0 0 0 0 0 0 0 0 0 0 0 0 0 0 0 0 0 2 -2 -2 2 -1 0 0 0 0 0 0 0 0 0 0 0 0 0 0 0 0 0 0 0 2 0 0 0 0 0 0 0 0 0 -2 0 0 0 0 0 0 0 1 0 0 2 0 0 -2 0 0 1 0 -2 0 -1 0 0 0 0 1 0 1 1 -2 0 2 0 0 0 0 0 0 
0 0 0 -1 0 0 0 0 0 0 0 0 2 1 0 -1 0 0 0 0 0 -2 0 0 0 2 0 0 0 1 0 0 0 0 0 0 0 0 0 0 0 0 0 0 0 0 0 0 0 2 0 0 0 1 0 0 -1 0 -1 0 0 0 0 0 0 0 -1 0 -2 0 0 0 0 0 0 -1 0 -2 0 0 0 0 0 1 0 -1 0 0 0 0 0 0 -2 2 0 0 0 0 0 0 2 0 0 0 0 0 0 0 0 0 0 0 -2 0 -1 0 0 0 0 0 0 0 0 0 0 0 0 -1 -1 0 0 0 0 1 0 0 1 0 0 0 0 0 0 -1 2 0 1 2 0 0 0 -2 0 0 -2 0 0 0 0 0 0 -2 0 0 0 0 0 -2 1 2 0 0 0 0 -2 0 0 0 -2 0 0 0 0 0 -2 0 0 0 0 0 0 0 0 0 0 0 0 0 0 0 
0 0 -2 0 -2 0 0 0 0 0 0 0 0 0 0 0 0 0 0 0 0 0 -2 2 0 0 0 -2 1 0 0 0 0 0 0 -2 0 0 -2 0 0 0 0 0 0 2 0 1 -2 0 0 0 0 1 0 0 0 -1 0 -1 -1 0 0 2 0 2 0 0 1 0 0 0 0 0 0 0 0 0 0 0 2 0 0 0 0 0 2 0 0 0 0 0 0 -1 0 1 0 0 0 0 0 0 0 0 0 0 0 0 0 0 0 -1 0 0 1 -1 0 0 -2 0 0 0 1 0 0 0 0 0 0 0 0 0 0 2 0 0 2 0 0 1 1 0 0 0 0 0 0 0 -1 0 0 2 -2 0 0 0 -2 0 0 0 -2 0 -2 0 0 0 0 0 2 0 0 -2 0 0 2 0 -1 0 2 0 0 0 0 0 0 0 0 0 0 0 -2 0 0 0 0 0 0 0 0 0 
0 0 0 0 -1 0 0 0 0 2 0 0 1 2 0 -1 0 0 1 0 0 0 -1 0 0 1 2 0 0 2 0 -1 0 0 0 0 0 1 0 0 0 -1 0 0 0 0 0 0 0 0 0 0 0 0 1 0 0 0 0 1 0 0 1 0 0 0 0 0 0 -2 1 0 0 -2 0 0 0 0 0 0 0 0 0 0 0 2 0 0 0 0 0 0 0 1 2 0 0 2 1 0 1 0 0 0 1 2 0 0 0 0 0 2 0 0 0 0 0 0 0 0 0 0 0 0 0 0 0 0 0 -2 0 0 -2 -2 0 0 -2 0 0 0 0 0 0 2 0 0 2 -2 0 0 0 0 0 0 0 0 0 0 0 -1 0 0 0 2 0 0 0 0 0 0 0 0 0 0 0 0 0 0 2 2 0 0 -2 0 0 0 0 0 0 0 -2 0 -1 0 0 0 0 -2 0 0 
0 0 0 0 0 0 0 0 0 0 0 0 -1 0 0 0 0 2 0 0 0 0 2 0 0 0 0 0 0 0 0 0 2 0 1 0 2 0 0 0 0 -2 2 0 1 0 -1 0 2 0 0 0 0 0 0 0 0 2 0 0 0 0 0 0 2 0 0 0 1 0 -1 -2 0 0 0 -2 0 0 0 0 -1 0 0 0 0 0 0 0 0 0 0 -2 0 0 0 0 -2 0 0 -2 0 0 0 1 0 0 0 0 -1 0 0 0 0 0 0 1 0 0 0 0 0 0 1 0 2 0 0 0 0 0 -1 0 0 -1 0 2 -2 0 0 0 0 0 2 0 0 0 0 0 0 0 0 0 0 0 0 0 1 2 2 0 -1 -2 0 2 0 0 0 0 0 0 1 0 0 0 0 0 0 0 0 0 0 0 0 0 0 0 0 0 0 0 0 0 0 0 0 0 2 2 0 -2 
0 0 0 0 0 0 0 0 0 0 0 0 0 0 -2 2 0 0 0 0 0 0 0 0 0 0 0 2 1 2 0 -1 0 -2 0 0 -1 0 -1 0 0 0 -1 0 0 0 0 0 0 1 0 0 0 2 0 0 0 0 0 0 0 0 0 0 0 0 1 0 0 0 0 0 0 0 0 0 0 0 0 -1 0 0 0 0 2 0 0 0 -2 -2 0 0 1 -1 0 0 0 -2 0 0 0 0 0 0 0 0 0 0 0 0 0 0 0 0 0 0 0 1 -2 0 0 0 1 0 0 0 0 2 2 0 0 0 0 0 0 0 0 0 2 0 0 0 0 2 0 1 -2 0 0 0 0 0 0 0 0 2 1 0 0 -1 0 0 0 0 0 0 0 0 0 0 0 0 0 0 1 0 0 0 0 0 0 0 0 0 0 0 -2 -1 -1 0 0 0 0 0 0 0 2 0 0 0 
0 0 0 0 0 0 0 0 0 0 -2 0 0 0 0 1 0 0 1 0 0 0 0 0 0 0 0 0 1 0 0 0 0 0 0 -2 0 0 0 0 0 0 -1 -1 0 -1 0 0 0 0 1 0 0 0 0 2 0 0 0 0 0 0 0 -1 0 0 0 0 0 0 0 0 0 0 1 0 1 0 -2 0 0 0 0 0 0 0 0 0 0 0 0 0 0 0 0 0 0 0 0 2 0 0 0 0 0 -2 0 0 0 0 0 0 0 0 0 0 0 0 0 0 -1 -2 0 1 0 0 0 -1 0 0 0 0 0 0 -2 0 0 0 0 0 0 0 -1 0 0 0 0 0 0 -1 0 1 0 -1 0 0 0 0 0 1 2 0 0 0 0 -2 0 1 0 1 -2 -2 0 0 0 0 2 0 -2 0 0 0 0 0 0 0 1 0 2 0 1 0 0 0 0 -1 -2 0 0 0 
0 0 -1 0 0 0 0 1 -1 0 0 -1 0 0 0 2 -2 0 0 2 0 0 0 0 0 0 -2 0 0 2 0 -2 0 0 0 0 -1 0 0 0 -2 0 0 0 0 0 0 -1 -1 0 0 1 0 0 0 0 0 0 -2 0 0 0 0 0 -2 0 -2 0 -1 0 0 0 0 0 0 0 0 0 0 0 0 0 0 0 0 2 0 -1 2 0 0 0 0 0 0 0 -2 0 0 0 0 0 0 0 0 0 0 0 -1 0 0 0 0 0 0 0 0 0 1 0 0 0 0 0 0 0 0 0 0 0 0 0 0 -1 0 0 0 0 0 0 -2 0 0 0 -2 0 0 0 0 0 0 0 0 0 0 0 0 0 0 0 0 0 -1 0 0 0 0 0 0 0 -2 0 0 0 0 2 1 0 0 0 0 0 0 -1 0 0 0 0 0 0 0 0 0 0 0 -1 0 0 0 0 
0 1 0 0 0 0 0 0 0 0 0 0 0 0 0 0 0 0 0 -1 0 0 0 0 0 0 0 0 0 0 1 0 0 0 0 1 0 0 0 0 1 0 0 0 0 1 -2 0 -1 -2 0 0 0 0 0 0 -1 0 0 -1 0 0 0 -1 0 0 1 0 0 0 0 2 0 2 0 -1 0 2 0 -2 0 0 0 0 0 -2 0 0 2 1 0 0 0 0 0 0 0 0 0 0 0 0 0 0 -2 0 0 -1 0 0 0 0 1 0 0 -2 0 2 0 0 -2 0 0 0 -1 0 0 0 0 0 -1 -2 0 0 0 -1 0 0 0 0 0 0 0 0 0 0 1 0 0 0 0 -2 0 0 0 2 0 0 0 -1 0 0 0 0 1 1 -2 0 0 0 0 0 0 0 0 -2 0 0 0 -2 0 0 0 0 0 2 0 0 -1 0 0 0 0 0 0 0 -2 0 0 0 
0 1 0 1 1 0 0 0 0 0 -1 0 0 0 0 0 0 0 -2 0 0 0 0 0 0 0 0 0 0 0 0 0 0 0 0 2 0 0 0 0 2 0 0 0 0 0 1 0 0 0 0 0 2 0 0 0 0 0 0 0 0 -2 0 2 0 0 0 0 0 0 -2 -2 -1 0 0 0 1 0 0 0 0 0 2 0 0 0 0 0 1 0 0 0 -2 0 0 0 0 0 0 0 0 0 0 0 0 0 0 0 0 0 0 0 0 -1 0 -1 0 0 2 0 0 0 0 0 0 -1 0 0 0 0 0 0 0 0 0 0 -2 0 0 0 0 0 0 0 0 0 2 0 0 0 0 0 0 0 2 0 0 0 0 0 0 0 0 0 0 0 1 0 2 0 0 0 0 -1 0 0 0 -1 0 0 0 0 0 -2 0 -2 0 0 0 0 0 0 0 0 -1 0 0 0 0 0 
0 2 0 -2 0 0 0 0 0 0 0 0 0 0 -1 0 1 2 0 0 0 0 0 0 0 0 0 -2 0 0 0 2 0 2 0 0 0 0 0 0 0 0 0 -2 1 1 0 0 -1 0 0 0 0 0 0 0 0 0 0 0 0 0 0 0 0 0 0 0 2 0 0 0 -1 2 0 0 0 0 1 0 0 0 0 0 0 0 0 0 0 1 1 0 0 0 0 0 1 1 1 -2 0 0 0 0 0 0 0 0 -2 0 -2 0 0 0 0 0 0 0 1 0 1 0 0 0 2 0 0 0 0 1 0 0 0 2 0 0 0 0 1 0 0 0 -2 0 0 2 0 0 0 0 0 0 0 0 0 0 0 0 0 0 0 0 -2 0 0 -1 0 -1 2 0 0 0 0 -2 0 0 0 0 1 2 0 0 0 0 0 -1 0 0 0 0 0 0 -1 0 0 0 0 0 0 0 
0 2 -1 0 0 0 0 0 0 0 1 0 0 0 1 0 -1 0 0 0 0 0 2 0 0 0 0 0 0 1 0 0 0 0 0 0 0 0 0 0 0 0 0 0 1 -1 0 0 0 -2 0 0 0 0 0 0 0 0 0 0 2 0 0 0 0 0 0 0 0 0 0 0 0 0 0 0 1 0 -1 0 0 0 0 0 0 0 0 0 0 1 0 0 0 0 0 0 0 0 0 0 0 0 -1 -1 -2 1 0 0 0 1 0 0 0 0 0 0 0 0 0 0 0 0 -2 0 0 1 0 0 0 0 -2 0 0 0 0 0 0 0 0 2 0 0 0 0 2 -2 0 0 0 0 0 -2 0 0 0 1 0 -1 0 -1 0 0 0 0 0 0 -1 0 0 0 1 0 0 0 0 0 -2 0 2 0 0 -1 0 0 0 0 0 0 -2 -1 0 0 -2 0 0 0 0 0 -2 1 
0 0 0 0 2 0 -1 0 0 0 0 1 0 0 0 0 0 0 2 0 0 -2 0 -1 0 1 0 0 0 2 0 2 -1 0 0 0 0 0 0 0 2 0 0 1 0 0 0 0 0 0 0 0 0 0 0 0 0 0 0 0 0 0 1 -2 0 0 0 0 0 0 0 0 0 0 -2 2 -2 0 -2 0 0 0 1 0 0 0 0 1 0 0 0 0 0 0 0 2 0 0 0 0 0 0 0 0 0 -1 0 2 0 2 0 0 0 0 0 0 0 0 0 2 0 0 0 1 0 -1 2 0 0 0 -2 0 1 0 0 0 1 0 0 0 -2 0 -1 0 0 0 0 0 0 1 0 1 2 0 0 0 0 2 -2 0 0 0 0 0 0 1 0 2 0 0 0 0 0 0 0 -2 0 0 0 -2 -1 0 2 2 1 0 0 0 0 0 0 0 0 0 0 0 0 0 0 0 
0 0 0 0 0 1 0 0 0 0 0 0 0 0 0 0 0 0 0 0 0 0 0 0 0 0 0 2 -2 0 0 0 0 0 0 0 0 -2 0 0 0 0 -1 0 1 0 0 -1 0 -2 0 -1 0 1 0 0 0 -2 0 0 0 0 0 0 0 0 0 0 0 0 0 0 0 0 0 0 0 0 0 1 0 0 0 2 0 0 -2 0 0 0 0 -1 0 0 2 1 2 2 2 0 2 0 0 1 0 0 0 0 0 0 0 0 0 0 2 0 0 0 1 0 0 0 0 0 0 0 0 0 0 0 0 0 0 0 0 0 0 0 0 0 0 0 0 0 -1 0 0 2 0 0 0 1 2 0 0 0 0 1 0 1 0 0 0 -1 0 0 0 0 -2 0 0 0 0 0 0 0 0 0 0 0 0 0 0 0 0 2 0 0 0 0 0 0 0 0 0 0 0 0 -2 0 
-1 0 0 0 -2 0 0 0 0 0 0 0 0 0 0 2 0 0 1 0 0 0 0 0 0 0 -1 0 0 0 0 2 0 0 0 0 0 -2 0 0 -1 -2 0 0 0 0 0 1 0 0 0 0 0 0 0 0 0 0 0 -1 0 0 0 0 0 0 0 0 0 0 0 0 0 0 0 0 0 0 1 0 0 1 0 0 0 0 2 0 0 0 0 0 -1 0 0 0 0 -1 0 0 0 0 0 0 0 0 0 0 0 0 2 0 0 0 2 0 0 0 -1 0 0 0 2 2 0 0 0 0 1 0 0 0 1 0 0 0 0 0 0 2 0 0 0 0 0 0 2 0 0 0 0 0 0 2 0 0 0 0 0 0 0 0 0 0 -2 0 0 1 0 0 0 0 0 0 0 0 2 2 0 1 -1 0 2 0 -1 -2 0 0 0 1 0 0 0 -2 0 0 0 2 1 0 
0 0 1 0 0 0 0 0 0 0 0 0 0 0 0 0 2 -2 0 0 0 0 0 0 0 1 0 0 0 0 0 1 0 2 0 0 0 0 1 0 0 0 0 0 2 -2 0 -1 -2 0 1 0 0 2 0 0 -2 0 0 -1 0 0 -2 0 0 0 0 0 -2 0 0 0 0 0 0 0 0 0 0 0 0 -2 2 0 0 0 1 -2 0 1 0 0 -2 0 0 0 2 0 0 0 0 2 0 0 0 1 0 2 0 0 0 0 0 0 0 2 0 0 -2 0 0 0 0 -1 0 2 0 2 0 0 -2 0 0 0 0 0 0 0 -2 0 0 -1 -1 0 0 0 0 2 0 0 0 -1 2 0 0 0 0 0 0 -2 0 0 0 0 0 0 0 -1 0 0 0 0 0 0 0 0 -1 2 0 0 0 0 0 0 0 0 0 1 0 0 0 0 0 0 0 0 0 0 0 1 
0 0 0 0 0 0 0 0 -1 0 0 0 0 0 0 0 0 0 0 1 0 0 0 0 0 0 -2 0 1 0 -2 2 -1 0 -2 0 0 0 0 0 0 0 0 0 0 0 2 1 0 1 0 -1 0 0 0 -1 0 -2 0 2 0 0 1 0 2 0 0 0 0 -1 0 -2 -2 0 0 0 2 -1 0 0 0 0 0 0 1 0 0 0 0 0 0 0 0 2 0 0 0 0 0 0 0 0 0 0 0 -1 0 0 0 -2 -2 0 0 0 0 0 0 0 0 0 0 0 -1 1 -1 0 1 0 0 0 0 0 0 0 -2 0 0 1 -2 0 0 0 0 0 0 -1 2 0 0 0 0 0 -1 0 0 0 0 0 -2 0 0 0 0 0 0 0 0 0 0 -2 -2 0 0 0 0 0 0 -2 0 -2 0 0 0 0 0 0 0 0 0 0 0 0 0 0 0 0 0 0 0 0 
0 0 0 0 0 -2 0 0 0 -1 2 0 0 0 0 -2 0 0 0 -2 1 0 0 0 0 0 0 0 0 0 0 1 0 1 0 0 1 2 0 0 0 0 0 1 0 0 0 1 0 0 0 0 0 0 0 -2 0 0 0 0 0 1 0 -2 1 0 0 2 0 0 0 0 0 1 0 0 1 0 0 0 0 2 0 0 0 2 0 0 0 0 0 0 2 0 0 0 0 0 0 0 0 0 0 0 0 0 0 2 0 0 0 0 0 0 0 0 0 0 0 0 0 0 0 -2 0 0 0 0 0 0 0 0 0 0 0 -2 0 0 0 1 0 1 0 0 0 0 1 -1 0 0 0 0 1 2 0 0 0 0 0 0 0 -1 0 0 0 0 0 2 -2 0 0 0 0 0 0 0 0 -2 0 0 0 1 0 0 0 0 0 0 0 0 0 0 0 0 -1 0 0 0 0 0 
0 0 0 1 0 0 0 0 0 0 0 0 2 -2 2 0 0 0 0 0 0 0 -2 -1 -2 2 0 0 0 0 0 0 0 -1 2 0 0 0 0 0 -2 0 0 0 0 -1 0 0 0 0 0 0 0 0 0 0 0 0 0 0 0 0 0 0 0 0 0 0 -1 0 -1 0 0 0 0 0 1 0 0 0 0 -1 0 -1 -2 0 0 0 0 0 0 -1 0 -2 0 0 -2 0 2 -1 0 0 0 0 0 0 0 0 0 0 1 0 0 0 0 1 0 -1 0 0 0 0 0 0 0 0 0 2 2 0 -2 0 0 0 2 0 0 -2 0 0 0 1 0 0 0 0 0 0 0 0 0 -2 0 0 -2 -2 0 0 0 0 0 0 0 0 2 0 0 0 0 0 0 0 0 0 2 -2 0 0 0 0 -1 0 0 0 0 0 0 0 0 0 0 0 0 0 1 0 0 0 0 0 
0 0 0 0 0 0 -1 0 0 0 0 0 0 2 0 -2 -2 0 -2 0 0 0 0 0 2 0 0 1 0 0 0 1 0 0 2 2 0 0 0 0 0 0 1 -1 -1 0 0 0 0 2 0 0 0 0 0 -1 0 0 -1 0 0 0 0 0 0 0 0 0 0 -1 0 0 0 0 0 0 0 0 -2 0 0 0 0 -1 0 1 0 0 0 2 0 0 -1 0 2 0 -2 0 0 0 -2 0 0 0 0 0 0 0 1 0 0 0 0 0 0 0 0 0 -2 0 0 0 0 1 0 0 2 0 0 0 -1 0 0 0 0 0 0 0 0 1 0 0 0 0 2 1 0 0 0 0 0 0 -1 0 0 0 1 0 0 -2 0 -1 1 0 0 0 0 0 0 -2 0 1 2 0 -2 -2 0 0 0 0 0 0 0 0 0 0 0 0 0 -2 0 0 0 1 0 0 0 0 0 1 
0 0 0 0 0 0 0 0 0 0 0 -1 0 -2 0 2 0 0 0 0 0 0 0 0 0 0 0 0 0 0 0 0 0 0 0 0 0 0 0 0 0 -1 0 -2 0 0 -1 0 1 0 0 0 0 0 0 0 0 -1 0 0 0 0 2 0 0 -2 0 0 0 1 0 0 0 0 0 0 0 0 0 0 0 0 0 0 0 0 0 0 -2 0 0 0 0 1 0 0 0 0 0 0 0 -1 0 0 0 0 0 2 0 1 0 0 0 0 2 0 0 0 0 0 1 0 0 0 0 -2 0 0 -2 0 -2 0 0 0 0 0 0 0 0 0 0 0 0 0 0 0 1 0 0 0 0 0 0 0 0 -1 1 0 0 1 0 0 0 0 0 -2 0 0 0 0 0 0 0 0 0 0 0 -2 0 0 0 0 0 0 0 0 0 0 0 0 0 0 0 0 0 0 0 0 0 0 
0 0 0 0 0 0 0 0 0 0 0 0 0 -1 0 1 0 1 0 0 0 0 0 0 -2 0 2 0 0 2 0 0 0 0 0 2 1 0 0 0 0 1 0 0 1 0 -1 0 1 0 0 0 0 0 0 -1 0 1 -2 0 0 0 0 0 -2 0 0 0 -2 0 0 0 0 0 0 1 0 0 0 2 0 0 0 0 0 0 0 0 0 0 -2 1 -2 1 0 0 0 1 0 0 0 0 0 0 0 0 -2 -2 -1 0 1 2 0 0 0 0 0 0 -1 0 0 2 0 0 0 0 0 0 0 0 0 0 0 0 -2 2 0 0 0 0 0 0 0 0 0 0 1 0 0 0 0 0 0 2 0 0 0 0 0 -1 0 0 0 0 0 0 0 0 0 0 0 0 0 0 0 2 0 0 1 0 1 0 0 0 0 0 0 0 0 1 0 0 0 0 1 0 0 0 2 0 
0 1 0 0 0 0 0 0 -2 0 0 0 0 1 0 1 0 0 0 0 0 0 0 0 0 0 0 0 0 0 0 0 1 0 0 0 0 0 0 0 -1 0 0 0 0 0 0 0 0 0 0 0 0 0 0 -1 0 0 0 0 0 0 0 -2 -2 0 0 0 0 0 0 2 -2 0 0 0 0 0 0 0 0 0 0 0 -1 0 -2 0 0 0 0 0 0 0 0 0 0 0 0 -2 2 0 -1 -1 0 0 0 0 0 2 0 0 0 0 0 0 0 0 0 0 -2 0 0 -2 0 0 0 0 0 0 1 0 0 0 0 0 -2 2 0 0 0 0 0 0 1 0 1 0 0 0 0 0 -2 0 0 1 0 0 0 0 -2 0 0 0 0 -2 0 0 0 -1 0 0 0 0 -2 0 0 0 -2 0 0 0 0 0 0 0 0 2 0 2 0 0 0 0 -1 -1 1 0 0 0 
0 0 0 0 0 2 -1 0 1 0 1 0 0 0 0 0 1 0 0 1 0 -2 0 0 0 0 0 0 0 0 0 0 0 0 0 0 0 0 1 -1 0 -2 0 0 0 0 0 0 0 0 0 0 0 0 0 0 0 0 0 -2 0 0 2 0 0 0 0 0 -2 0 0 0 -2 0 0 0 0 0 0 -2 0 0 0 0 1 0 0 0 0 -1 0 -1 0 0 0 0 0 0 0 -1 -1 0 0 -1 2 0 0 0 0 0 0 2 0 0 0 0 0 -2 0 0 1 0 0 0 0 0 -1 0 0 0 0 -1 0 0 0 2 0 0 0 0 1 0 -1 0 2 0 0 -1 0 0 0 0 0 0 0 0 1 0 0 0 0 0 0 0 0 0 0 0 2 0 0 0 0 0 0 0 0 0 0 0 0 0 0 0 0 0 1 0 0 -1 -1 0 -2 0 0 0 0 0 0 0 
0 -2 2 0 -2 0 0 0 0 0 0 0 -1 0 0 -1 2 0 0 0 2 -1 -1 -2 0 0 0 0 0 0 0 0 0 0 0 0 0 -2 0 0 0 0 0 1 0 2 0 1 -1 0 0 2 1 -1 0 -2 -2 1 0 0 0 0 0 2 0 -2 0 0 0 0 0 0 0 0 0 0 0 0 0 0 0 2 0 0 0 0 -2 0 0 0 0 -1 0 0 0 0 0 0 0 0 0 0 0 -1 0 0 0 0 -2 0 0 0 1 0 1 0 -1 0 0 0 0 0 -2 1 -1 0 0 0 0 0 0 0 1 -2 0 0 2 0 -1 0 0 0 0 0 -1 1 0 0 0 0 0 0 0 2 2 0 0 0 0 0 0 0 0 0 0 1 0 0 0 -1 0 0 0 0 2 0 0 0 0 0 0 -2 0 0 0 1 1 -1 0 0 0 0 0 0 0 0 2 0 -2 0 
-1 0 0 1 0 0 0 -2 1 0 -2 0 2 0 0 0 0 2 0 0 0 0 0 2 0 0 0 -1 0 0 0 0 0 0 0 1 0 0 0 0 0 0 0 0 0 0 2 0 0 0 0 0 0 0 0 1 0 -2 1 0 0 0 0 -1 0 -2 0 0 0 0 0 0 -2 0 0 0 0 0 0 1 0 0 0 0 0 0 0 0 1 0 0 0 0 0 0 0 -1 0 0 0 0 0 -2 -1 0 -2 0 0 -2 0 0 0 0 0 0 0 0 0 1 0 0 1 0 0 0 -2 0 0 0 0 0 0 0 0 1 0 2 0 0 0 -1 0 0 0 0 0 0 0 0 0 0 0 0 0 0 0 0 0 -1 0 0 0 -2 -2 0 0 0 2 0 -1 -2 0 0 1 0 0 0 2 0 -1 0 -1 0 0 0 0 0 0 0 0 0 -1 0 2 0 0 2 -1 0 0 
0 1 0 0 0 -1 0 0 0 -1 0 0 0 0 0 1 0 0 0 0 0 0 0 2 0 0 0 -1 0 -2 0 0 0 0 0 2 0 2 0 2 0 0 0 0 0 -1 0 0 0 0 0 0 2 0 0 0 0 0 -1 -2 0 0 -1 0 0 0 1 0 0 0 1 0 0 0 0 0 0 0 0 0 0 0 0 0 -1 0 0 0 0 0 -2 -2 0 0 0 0 2 0 -2 -2 0 0 0 0 0 0 0 0 0 -1 0 1 0 -1 0 0 0 0 0 0 0 0 0 0 0 0 1 0 2 -1 0 0 0 0 0 0 0 0 0 0 0 -1 1 0 -2 -2 0 0 0 0 0 -1 0 0 0 0 2 0 0 0 0 0 0 2 0 0 0 0 0 -2 0 0 0 0 -1 2 0 0 0 1 0 0 0 0 0 -2 0 0 0 1 2 0 0 0 0 0 0 0 0 0 
0 0 -2 0 0 0 0 0 0 0 0 0 0 2 0 0 0 0 -1 0 0 0 0 2 0 0 0 0 0 0 0 0 0 0 0 0 0 0 0 1 0 0 0 0 0 0 0 0 0 0 0 0 0 0 0 0 0 0 -1 0 0 -2 -2 0 0 1 0 0 0 0 -1 0 0 0 0 0 0 2 0 0 0 0 0 0 0 0 0 0 0 0 0 2 0 0 0 0 2 -2 0 2 0 0 -2 0 0 0 0 0 -1 0 0 0 0 -1 0 0 0 0 0 0 0 0 0 0 0 0 0 0 0 0 0 0 2 0 0 0 0 0 0 0 0 0 0 0 0 0 2 0 -1 0 0 -1 0 -1 -2 -2 0 0 0 0 0 0 0 0 2 2 0 0 0 0 0 0 0 -2 -2 0 0 0 -1 0 0 0 1 -1 1 0 0 0 2 0 0 0 0 0 0 0 0 0 0 -2 
0 0 0 0 0 0 0 0 0 0 0 0 0 0 0 2 0 0 0 0 0 2 0 0 0 0 0 1 -1 0 0 0 0 1 -1 0 0 0 0 0 0 1 -1 0 2 0 0 0 2 0 0 -2 0 -2 0 0 0 0 0 0 0 0 0 0 0 -2 0 0 0 0 0 0 0 -2 0 2 0 0 0 0 0 0 0 0 0 0 -2 0 0 0 0 0 0 2 0 0 0 0 1 -1 0 0 0 2 0 0 0 0 0 0 0 0 0 0 0 0 0 0 0 0 0 1 2 2 0 0 0 2 0 0 0 1 0 0 0 0 0 0 1 0 0 0 0 0 1 0 0 0 0 0 0 2 2 0 2 1 0 0 0 0 0 -2 0 0 0 0 0 0 0 0 -2 0 0 -1 0 0 0 0 0 0 0 -2 0 0 2 0 0 0 0 0 0 0 0 0 -1 0 0 0 0 0 
0 0 0 0 -1 0 0 0 0 0 0 0 0 0 0 0 0 0 -2 1 0 0 0 0 -2 0 0 0 1 0 0 0 0 0 1 2 0 0 0 0 0 0 0 0 -2 0 0 0 0 0 0 0 0 0 0 0 0 0 0 -2 -2 0 0 0 0 0 -1 0 0 0 0 0 0 -2 2 0 0 0 0 -2 0 0 0 0 2 0 0 1 0 -2 1 0 0 0 0 -1 0 -2 0 0 -1 -1 0 -2 -2 2 0 0 0 0 0 0 0 0 0 0 0 0 0 -1 0 0 0 0 0 -2 0 -1 0 2 0 -1 0 0 0 0 0 0 0 0 0 -2 0 0 0 0 0 0 0 0 0 0 0 0 0 0 0 0 0 0 0 0 0 0 0 -2 0 0 0 0 -2 1 0 0 0 1 0 0 0 0 0 2 0 2 -2 0 1 0 0 0 2 0 0 0 0 0 0 -1 1 0 
0 0 0 0 0 0 -1 0 0 0 0 -2 0 0 0 -1 0 -1 0 0 0 1 0 0 0 0 0 0 0 0 0 0 0 0 0 0 0 0 0 0 2 0 2 0 0 0 2 0 0 -2 0 -1 0 0 0 0 0 1 1 0 1 -1 0 2 0 0 0 -2 0 0 0 0 0 0 2 0 0 0 1 0 0 0 0 0 0 0 -2 0 0 -2 -2 0 0 1 0 0 0 1 0 0 0 0 -1 0 0 -2 0 0 2 0 0 0 0 2 0 0 0 0 -2 0 0 0 0 0 0 0 0 0 0 0 0 0 0 0 0 0 0 0 0 0 1 0 0 0 0 0 0 0 0 0 0 0 0 0 1 0 0 0 0 2 0 0 1 0 0 0 0 0 0 -2 0 -1 0 0 -2 0 1 2 0 0 0 -1 -1 0 0 0 0 0 0 0 0 1 1 0 0 0 0 0 0 0 
0 0 2 1 0 0 0 0 0 0 0 0 0 0 0 0 0 0 1 0 0 -1 0 0 0 0 0 0 0 0 0 0 0 0 0 0 1 0 0 0 0 0 0 0 0 0 0 0 0 0 1 0 0 0 0 0 0 0 0 0 0 0 0 0 0 0 0 2 0 0 0 0 2 0 0 0 -2 2 0 0 0 0 0 0 0 0 -1 0 0 1 0 0 0 0 0 -1 -1 1 0 0 0 0 0 0 0 0 0 0 -2 2 0 0 0 0 0 0 2 0 0 0 0 0 0 -1 0 0 0 0 0 0 0 0 0 1 2 0 0 0 0 0 0 0 0 0 0 0 0 0 0 0 0 0 0 -2 2 0 1 -2 0 -1 0 2 2 0 0 0 0 0 0 -1 0 0 -2 0 0 0 0 0 0 0 1 -1 1 2 0 0 0 0 0 -1 0 0 0 0 0 0 -1 0 0 0 
0 0 0 -1 0 -1 1 0 0 0 0 0 -2 0 2 0 2 0 0 0 0 0 0 0 2 0 0 0 0 -2 1 0 0 0 0 0 0 0 0 0 0 0 0 0 0 0 0 0 -1 1 0 0 2 0 0 -2 0 0 0 0 0 0 2 0 0 0 0 -2 0 0 1 0 0 0 2 0 0 0 2 0 -2 0 0 1 0 0 -1 0 -1 0 0 2 0 1 0 0 2 0 0 0 0 0 0 0 0 0 0 0 0 0 0 0 0 0 0 0 0 0 0 0 0 0 0 0 0 0 0 0 0 0 0 0 0 1 0 0 0 0 0 0 0 0 0 0 0 1 1 0 0 0 -1 0 0 0 0 0 0 0 1 0 0 0 0 0 0 -1 0 0 -2 0 0 0 0 0 1 0 2 0 0 2 -1 0 0 2 0 -1 0 0 -1 0 0 0 -1 -2 1 0 0 0 0 0 
0 0 0 0 0 0 0 -2 0 0 0 0 0 -2 0 0 0 0 0 0 2 -2 -1 0 0 0 -2 1 0 0 0 0 0 1 0 -1 0 0 2 -2 0 -2 -2 0 0 2 0 0 0 0 2 0 2 0 -1 0 0 0 0 0 0 0 0 -1 0 0 0 0 0 0 -1 -1 0 0 0 -2 0 0 0 0 2 -1 0 0 0 0 2 1 0 0 1 0 1 0 0 0 -2 0 0 2 0 0 0 0 0 0 2 0 0 0 0 0 -1 2 0 0 0 0 -1 1 0 0 0 0 0 0 0 2 0 0 0 0 1 -2 0 0 0 0 0 0 -2 0 0 0 0 0 0 0 0 -2 0 0 0 0 0 0 0 0 0 0 -2 0 0 0 0 0 0 0 0 1 0 0 0 0 0 0 0 0 0 0 0 0 0 0 -2 0 0 0 -1 0 -1 0 0 0 0 0 0 0 0 0 
0 -1 -1 0 -2 0 2 0 0 0 0 0 0 0 0 1 0 0 -2 2 0 0 0 0 0 0 2 0 -2 0 0 0 -2 0 2 -1 -2 0 -2 0 0 0 0 -2 0 0 -1 2 -1 0 2 0 0 0 -1 2 0 2 0 0 0 0 0 0 2 -2 0 0 0 0 -1 -1 0 0 0 0 2 -1 0 0 0 0 0 0 2 0 -2 0 2 0 0 0 1 0 1 0 0 0 0 0 0 0 0 0 0 1 0 0 1 -2 0 0 0 0 -1 0 0 0 0 0 0 0 0 2 0 0 0 0 0 0 0 1 -1 -2 0 0 0 0 -1 0 0 -1 0 0 0 0 0 2 0 0 0 0 0 0 0 0 0 0 0 0 0 0 0 -2 0 -2 0 0 0 0 0 0 0 0 0 0 0 0 0 0 0 0 0 0 -2 0 0 0 0 0 0 0 0 0 0 0 0 0 2 0 
0 0 -2 0 0 0 0 0 0 1 0 0 0 0 0 0 -1 0 0 2 0 0 0 0 0 0 -2 0 0 -2 0 0 0 0 1 -2 0 0 0 0 0 0 1 0 0 0 0 0 0 0 0 0 2 0 0 2 0 0 0 0 0 0 0 0 0 0 0 0 -2 0 0 0 0 0 0 1 1 0 0 0 0 0 0 0 0 0 -1 0 0 0 0 0 0 0 0 0 0 -1 0 0 0 -2 0 0 0 0 -2 -2 0 0 0 0 0 0 1 0 0 0 0 0 2 -2 0 0 2 0 0 0 0 -1 0 0 0 1 2 0 2 0 0 0 0 0 2 0 0 0 0 0 0 0 0 0 0 0 0 0 0 -1 0 0 0 0 0 0 1 0 -1 0 2 0 0 0 0 2 0 0 0 0 0 0 0 2 0 0 0 0 0 0 0 -2 0 0 0 0 2 0 0 0 0 2 
0 0 2 2 0 -1 0 2 0 0 0 0 0 0 0 2 0 0 0 0 0 0 0 0 0 0 0 0 0 0 0 0 0 0 0 0 0 0 0 -2 0 0 0 0 0 -1 1 0 0 0 0 0 0 0 0 0 -1 2 0 0 -2 0 0 0 0 0 0 -1 -1 0 0 0 0 0 0 0 0 0 0 0 0 0 0 -1 -1 0 0 2 0 0 0 0 0 -1 0 0 0 -1 0 0 0 0 1 0 -1 0 0 2 0 0 0 0 1 0 0 0 0 1 0 0 -2 0 0 0 0 0 0 0 0 0 0 0 0 0 0 0 0 0 0 -1 0 0 0 0 0 0 0 -2 1 0 0 0 0 0 0 0 2 0 0 0 2 2 0 0 0 0 0 0 0 0 0 0 0 0 0 0 0 0 0 0 0 0 0 -1 0 0 0 0 0 2 2 0 -2 0 0 1 0 0 0 0 
0 2 0 0 0 0 0 0 1 0 -2 1 0 0 1 1 0 0 0 0 0 0 0 0 2 0 1 0 0 0 0 0 0 0 0 0 0 0 0 0 0 0 0 0 0 0 -1 0 0 0 0 0 0 -2 0 0 0 0 0 2 -1 0 0 2 0 0 1 0 0 0 0 0 0 0 0 0 0 0 0 0 0 -1 0 0 0 -1 2 -2 0 0 0 0 0 -1 0 0 0 0 -2 0 0 1 0 0 0 0 0 0 2 0 0 -1 0 -1 0 0 0 0 0 0 -2 0 0 0 0 0 0 0 0 0 2 0 0 1 0 0 0 0 0 0 0 0 0 0 0 0 -1 0 0 0 0 0 2 0 0 0 1 0 0 0 0 0 0 -2 2 0 0 0 0 0 0 0 0 0 0 0 0 0 0 0 0 0 0 0 0 0 0 0 1 0 0 0 1 0 0 0 0 0 0 0 
0 0 0 -2 0 0 0 0 0 0 -2 0 0 0 0 0 0 0 0 0 0 0 0 0 0 0 1 0 0 -1 0 0 0 0 -2 0 2 1 0 -1 -1 2 2 0 0 0 0 0 0 -2 0 -1 0 0 0 0 -1 0 0 0 0 0 -1 0 0 0 0 0 0 0 0 0 0 0 0 0 0 2 0 0 0 0 0 0 2 0 0 0 1 0 0 0 0 0 0 -1 0 0 0 0 0 -1 -2 0 0 0 0 2 0 0 -1 0 -1 0 0 0 -2 2 1 0 0 0 0 0 0 -1 0 0 -1 0 0 0 1 0 0 -2 0 0 0 0 0 0 0 0 0 0 0 0 0 0 0 0 0 2 0 0 0 0 0 0 0 0 0 0 2 0 0 0 0 -2 0 0 0 0 0 0 0 -1 0 1 0 -1 0 -2 0 -2 0 1 0 0 0 0 2 -2 0 0 -1 0 0 0 
0 1 0 0 -2 0 0 0 0 0 0 0 0 0 0 -2 -2 -2 0 0 0 0 0 0 0 0 0 0 1 0 0 0 2 0 2 0 -1 0 0 0 0 0 0 2 0 1 0 0 0 2 0 0 0 -1 0 0 0 0 0 0 0 0 -2 1 -1 0 0 1 0 0 0 0 0 0 0 0 2 0 0 -2 0 1 -2 0 0 0 0 -1 0 2 2 2 0 0 0 0 0 0 -1 0 0 0 2 1 0 0 0 0 2 -1 0 0 -2 0 0 0 -2 2 0 0 0 -2 -2 0 0 1 0 0 0 0 -2 0 0 1 2 0 0 0 -2 0 0 0 -2 0 1 0 0 0 0 0 0 0 0 0 0 0 0 0 0 1 0 0 0 0 0 2 0 0 0 0 0 0 0 0 0 0 0 -2 0 0 0 0 0 0 0 -1 0 0 0 0 0 0 0 1 0 0 0 1 0 0 
0 1 0 0 0 0 0 0 0 0 2 0 1 0 0 0 0 0 0 2 0 0 0 0 0 -1 0 0 0 0 -1 0 0 0 0 2 0 0 2 1 0 2 -2 0 0 0 0 2 0 1 0 -1 0 0 0 0 -1 0 0 0 0 -2 0 0 0 0 0 -2 0 -1 0 0 0 0 1 0 0 -1 0 0 2 0 0 0 0 0 2 0 0 0 -2 0 0 2 0 0 0 0 0 0 0 0 0 0 0 0 0 0 0 1 0 0 2 0 0 0 0 0 0 0 0 0 0 0 -1 0 0 2 1 0 0 2 2 0 -1 0 0 0 2 0 0 0 -2 0 2 0 0 -1 1 0 0 0 0 0 0 0 0 0 -1 -1 0 0 -2 0 0 0 0 -2 0 -2 1 0 1 0 0 0 0 -2 0 -1 0 0 0 0 2 0 -2 0 0 0 0 0 0 0 0 0 0 0 0 0 
-1 1 0 0 0 0 0 0 -1 0 1 0 0 0 0 0 0 0 0 0 0 0 0 0 0 0 0 0 0 0 0 0 0 0 0 0 1 -1 0 0 0 0 0 0 1 0 -1 0 0 0 0 0 0 0 0 0 0 0 2 0 0 0 1 0 0 0 0 0 0 0 0 0 0 0 0 0 -1 -1 0 2 0 0 0 0 1 0 0 0 0 0 0 0 0 0 0 0 0 0 0 -2 0 0 2 0 0 0 0 0 0 0 0 0 0 0 0 0 0 0 0 0 0 0 0 0 0 2 0 0 0 0 0 0 1 0 0 0 0 0 -2 -2 0 0 0 1 0 2 0 0 0 0 0 -2 0 0 0 0 0 -1 0 0 1 0 0 0 0 2 0 0 0 -2 0 0 0 1 0 0 0 0 2 0 0 -1 0 0 0 0 0 0 0 0 -1 -1 0 0 0 0 -1 0 0 0 
-1 0 0 0 0 0 0 0 0 0 0 0 -2 -1 0 0 0 0 -1 1 1 2 -2 0 0 0 0 0 0 0 0 0 0 0 0 0 0 0 0 0 0 0 0 0 0 1 0 0 0 0 2 0 0 -2 -1 0 0 0 0 0 0 0 -2 0 0 0 2 0 0 0 0 0 2 0 0 0 0 0 0 0 0 0 -2 0 0 0 0 0 0 0 0 0 0 0 0 0 -2 0 0 0 0 0 0 0 2 2 0 0 0 1 0 0 0 0 0 0 0 0 0 0 0 0 0 -1 0 0 0 0 0 0 0 -1 0 0 0 -1 -1 -1 0 0 2 0 0 0 0 0 0 0 2 0 0 0 2 2 0 0 0 0 0 0 0 0 0 0 0 0 0 2 0 0 0 0 -2 1 0 0 0 0 0 0 0 0 0 -1 0 -2 0 2 0 0 0 0 0 2 0 -2 0 0 0 0 
0 0 0 0 0 0 0 0 0 0 0 0 0 0 0 -2 0 0 0 0 0 -2 0 0 2 0 0 -2 0 0 0 0 0 0 0 0 0 -1 0 0 0 0 0 0 0 0 0 0 0 0 0 0 0 0 0 0 0 1 0 -1 0 0 0 0 0 0 0 0 0 0 0 -1 0 0 -2 0 0 0 0 0 2 0 0 0 0 0 0 0 0 0 0 0 1 0 0 0 0 0 0 0 0 0 2 0 0 0 0 -2 0 2 0 0 0 0 0 0 0 0 0 0 0 0 0 0 0 0 0 0 0 0 0 -2 0 0 -2 0 0 1 -1 -1 0 0 0 1 0 0 0 0 2 0 0 0 0 0 0 0 0 0 0 0 0 0 0 0 0 -1 0 0 0 0 0 0 -2 0 0 0 0 0 0 0 0 0 0 0 0 0 0 0 0 0 1 0 0 0 0 0 0 0 0 -1 
-1 0 0 2 -2 0 0 0 1 0 0 2 0 0 0 0 -2 1 0 0 0 0 0 0 0 -1 0 2 0 0 0 0 2 0 0 -1 0 0 0 -1 0 0 0 -1 0 0 -1 1 0 1 0 2 2 0 0 -2 0 0 0 0 0 0 0 0 0 0 0 -1 2 -2 0 0 0 0 0 0 0 0 0 -2 2 0 0 2 -2 0 0 0 0 0 0 0 0 0 1 0 -1 0 0 0 1 0 0 0 0 0 0 0 -1 0 0 -1 0 0 0 0 0 0 0 0 0 0 0 2 0 0 2 -2 0 0 0 0 -2 0 0 0 0 0 0 0 0 0 1 0 0 0 0 0 0 0 0 0 0 0 0 0 0 0 0 2 0 0 -2 2 -2 -1 0 0 -1 -2 2 0 2 0 -2 -2 0 0 -2 0 0 0 0 0 0 0 0 0 0 0 0 0 -2 -2 0 0 0 0 0 0 
0 0 -2 0 -1 -2 0 0 0 0 0 0 2 0 0 0 2 0 0 -1 2 0 0 0 0 0 0 0 0 0 0 0 0 0 0 1 1 0 0 0 2 0 -1 0 0 0 0 0 -2 0 0 0 -1 0 -1 0 0 0 2 -2 0 -2 0 0 0 0 0 0 0 1 0 0 1 0 0 0 0 0 0 0 0 0 0 0 0 0 0 0 0 0 -1 0 0 0 0 0 0 1 0 1 0 0 0 0 0 0 0 0 0 0 0 0 0 0 0 0 1 0 0 0 1 1 -1 0 0 0 -1 0 0 0 0 0 0 0 0 0 0 0 1 0 0 0 0 0 0 0 -2 0 0 1 0 -2 0 0 0 0 0 0 0 -2 -2 0 0 0 0 0 0 0 2 0 0 -2 0 0 0 0 0 0 0 0 0 0 0 0 0 0 0 0 0 -2 0 0 0 0 0 0 0 0 0 0 
2 0 -2 0 2 0 0 0 0 0 0 0 0 0 0 0 1 0 0 0 1 0 0 0 -2 0 0 0 0 -2 0 0 0 0 0 0 0 0 0 0 0 0 0 0 0 0 0 0 0 0 0 0 0 2 0 0 0 2 0 0 -2 0 0 0 2 0 0 0 0 0 0 0 -2 0 0 0 1 2 0 0 0 0 0 0 2 0 0 0 0 0 0 0 0 0 2 0 0 0 0 0 0 0 0 0 0 0 0 0 0 0 0 0 -1 0 0 0 0 0 1 0 0 0 0 -1 0 0 0 0 0 0 0 0 0 0 0 0 0 1 0 0 0 0 0 0 0 0 -2 0 0 0 0 0 1 0 0 -2 2 0 0 0 0 0 0 0 0 0 0 0 0 1 0 0 0 0 0 0 0 0 0 0 0 0 0 0 -2 0 0 0 -1 0 0 1 0 0 1 0 0 0 0 2 
0 -2 0 0 0 0 0 0 0 0 0 0 0 0 -1 0 0 0 0 0 0 -1 -1 0 0 0 0 0 0 0 0 0 -1 0 0 0 0 0 0 0 -1 0 0 -1 0 0 0 0 0 0 0 0 0 0 0 0 0 0 0 0 0 2 0 0 0 2 2 0 0 0 0 0 0 0 -1 0 0 0 0 0 0 0 0 0 0 0 0 0 0 0 2 0 0 0 0 0 0 0 0 0 0 1 0 0 0 0 0 0 -1 0 0 0 0 1 0 0 0 0 0 0 1 0 0 0 0 0 0 0 0 0 0 0 0 2 0 0 1 2 0 0 -2 0 0 -1 0 0 0 2 0 1 0 0 0 0 0 0 0 2 0 0 0 0 0 0 0 2 0 0 0 1 0 -1 0 0 0 0 0 0 0 0 0 0 0 0 0 1 0 0 0 0 0 0 0 -1 0 2 0 0 0 0 
0 0 -1 0 0 -2 -1 2 0 2 0 0 0 0 0 0 0 0 0 0 0 0 0 2 0 1 1 0 0 1 -2 0 0 0 -2 0 0 0 0 0 0 0 0 0 -1 0 0 0 -2 0 0 0 2 0 0 0 0 0 0 0 0 0 0 0 -1 0 -1 0 0 0 0 0 -1 0 0 0 0 0 0 0 0 -1 0 0 0 0 2 0 0 1 0 0 0 0 0 2 1 0 0 0 0 0 0 0 0 0 0 1 -2 0 -2 1 -1 -1 0 0 0 0 1 0 -2 0 0 0 -1 -1 0 0 1 0 0 1 0 0 0 0 0 0 0 0 0 0 0 0 -2 0 0 0 1 2 0 0 0 0 -1 0 0 0 0 0 0 0 0 0 0 0 0 -1 0 0 0 0 0 1 0 1 1 0 0 1 2 0 -2 0 0 0 0 -1 0 0 0 0 1 1 0 0 0 0 0 0 
-1 0 0 0 0 0 0 0 0 0 0 0 0 0 0 0 0 -1 0 0 0 0 0 2 1 0 0 -1 0 2 0 0 0 -1 0 2 0 0 -1 0 -1 0 0 0 0 2 0 -1 0 0 0 0 0 1 0 0 0 -1 -1 0 2 2 0 -2 0 0 0 0 0 0 0 0 0 0 2 0 1 -1 0 0 2 0 2 0 0 0 0 0 0 0 -2 0 0 0 0 0 0 0 0 0 0 0 0 0 0 0 0 -1 1 0 0 0 2 0 0 0 0 1 1 0 0 1 0 0 -1 0 0 0 0 0 0 0 2 0 0 0 0 0 0 0 0 0 -2 0 -1 0 -1 0 0 2 0 2 -1 2 2 0 0 0 0 0 0 0 0 0 0 0 0 0 1 2 0 0 0 0 0 0 2 0 0 0 1 0 0 0 0 0 0 0 0 0 0 0 2 0 0 0 0 2 0 0 
0 2 0 0 0 0 1 2 0 -1 0 2 0 0 0 2 0 0 0 0 -1 -2 2 0 0 0 0 0 0 0 0 0 -1 0 0 0 0 0 0 0 0 0 0 0 0 0 0 0 -2 0 0 0 0 0 2 0 0 -2 0 0 -1 0 -1 0 -1 0 0 0 0 0 0 0 0 0 0 0 -1 0 0 0 0 0 0 0 0 0 0 0 0 0 0 0 0 0 0 0 0 0 0 0 0 0 0 0 0 0 0 0 0 -2 0 0 0 0 0 0 -2 0 0 0 2 1 0 0 0 0 0 0 0 0 0 0 -2 0 0 0 0 0 0 0 0 0 0 0 1 0 0 0 0 0 0 0 0 0 0 0 -1 0 0 0 0 0 -2 0 0 2 -2 0 0 0 1 0 0 2 0 0 -2 0 1 0 -1 2 0 0 0 0 2 0 0 0 -1 0 1 0 0 0 0 0 0 0 
2 0 0 0 0 0 0 0 0 0 0 0 2 0 0 1 0 0 0 -1 2 0 1 0 0 1 -2 0 0 0 0 0 0 0 0 0 0 0 0 1 0 0 0 0 0 0 1 0 0 0 0 0 0 0 0 0 0 0 0 0 0 0 2 0 0 0 -1 0 0 0 0 -2 0 0 2 0 -2 0 0 2 0 0 0 0 0 0 0 0 0 0 0 0 0 0 0 0 0 0 0 1 0 0 0 2 -1 1 2 0 0 0 -1 0 0 0 0 0 1 0 0 0 0 0 0 0 0 0 -1 0 0 0 0 -1 0 1 0 0 0 0 0 0 0 -2 0 0 0 0 0 0 0 0 0 1 0 0 0 0 0 0 0 1 0 -2 0 0 0 0 0 0 0 0 -1 0 0 -1 0 0 0 0 0 0 0 0 1 -1 0 0 0 0 0 2 0 0 0 0 0 0 1 -1 0 0 
0 0 0 0 0 0 0 1 0 0 0 0 0 0 0 0 0 0 0 0 0 0 0 0 0 -1 0 2 0 0 -1 0 0 0 -2 0 0 -2 0 0 0 0 0 0 0 0 0 0 -1 -2 0 0 -1 -2 0 0 0 0 -1 0 0 1 1 0 0 0 0 0 0 0 0 0 -2 0 0 0 0 0 0 0 0 0 0 0 0 0 0 -1 1 0 0 0 -1 0 -2 0 1 0 -2 0 0 2 0 0 0 1 -1 0 0 -2 0 0 0 0 0 -1 0 0 0 0 0 0 0 0 -2 0 0 0 2 0 0 1 0 -2 1 0 1 0 -2 0 0 -2 0 2 0 0 0 0 0 0 0 0 0 2 0 0 0 0 0 0 -2 1 0 0 0 0 0 0 0 0 0 0 0 0 0 0 0 0 0 0 0 -2 0 -1 0 -1 0 0 0 0 0 1 0 0 0 -2 -2 0 0 0 
0 0 0 0 0 0 0 1 0 0 0 0 2 0 2 0 1 0 0 0 0 0 0 0 0 2 -1 1 0 0 0 0 -1 1 -2 0 0 0 0 0 0 0 0 0 -2 0 0 0 0 0 0 0 2 0 0 0 0 0 0 0 0 0 0 0 0 0 -2 0 0 0 0 0 0 0 0 0 0 0 2 0 0 2 0 1 0 1 2 0 0 0 0 0 0 0 0 0 0 0 0 -1 0 0 0 0 0 0 0 0 0 0 0 0 0 0 0 0 0 0 0 0 0 -1 0 0 0 0 -1 0 0 0 0 -2 1 2 0 0 0 0 0 0 0 0 -1 0 2 0 0 0 0 0 0 0 0 0 0 0 0 1 0 0 0 0 0 0 0 0 0 0 0 0 2 1 0 0 -1 0 0 0 0 0 -2 0 0 0 0 0 0 0 0 0 0 0 0 0 0 0 0 0 0 0 
1 0 0 0 0 0 1 0 0 0 1 0 0 0 -1 0 -2 0 1 0 0 -1 0 0 0 0 -1 0 0 -1 0 1 -2 0 0 1 0 0 0 -2 0 0 0 0 0 0 0 0 0 0 0 0 0 0 0 0 0 0 0 0 -2 0 0 1 0 0 -1 0 0 -2 0 0 0 0 2 0 0 0 2 0 0 0 0 0 1 0 0 0 0 0 0 0 0 0 0 1 0 0 0 0 0 0 2 0 0 0 0 -2 0 0 -2 0 0 0 0 0 0 0 0 -2 0 1 0 0 0 0 0 0 -2 0 0 0 0 0 0 0 0 1 0 -2 0 0 0 1 0 0 0 1 0 0 0 0 0 0 0 1 0 0 0 0 0 0 0 0 0 0 0 0 0 -1 0 2 0 2 0 0 -1 1 0 0 0 -1 0 0 0 1 0 0 0 0 0 0 0 0 0 -1 0 0 -1 0 
-2 0 0 1 0 -2 0 -1 0 0 0 2 0 2 0 1 0 0 0 -1 0 0 0 0 0 0 0 0 0 0 0 0 0 0 0 2 0 0 0 0 0 -1 0 0 0 0 -1 0 0 0 0 -1 0 0 0 0 0 0 2 0 0 0 -1 0 -2 0 0 0 1 0 2 0 0 1 0 0 1 1 0 -2 0 0 0 0 0 0 0 0 0 0 0 0 -2 0 0 -2 -2 -1 0 0 1 0 0 -2 0 0 0 -2 -1 0 0 0 0 0 0 0 0 2 0 0 0 -2 0 -2 0 -1 0 1 -1 0 0 0 0 -2 0 0 0 0 2 0 0 2 2 0 0 0 0 0 0 0 -2 2 0 0 0 0 0 0 0 2 0 0 -2 0 0 0 1 -2 0 0 0 0 0 0 0 0 0 2 2 0 0 0 0 0 1 0 0 0 1 -2 -2 0 2 0 0 0 0 0 0 0 
2 -1 1 0 0 0 0 0 -2 0 0 2 0 -2 0 0 0 0 0 0 -2 0 0 0 0 0 0 -2 0 0 0 0 0 0 0 -2 0 0 0 0 0 0 0 0 -2 0 1 0 0 1 0 0 0 0 2 1 0 0 0 2 0 0 0 0 0 0 0 -2 2 -1 0 0 0 1 0 0 0 0 0 0 0 0 0 0 0 0 0 0 0 0 -1 0 0 0 0 0 -2 0 0 0 0 0 0 0 0 0 0 0 0 0 0 2 0 0 0 0 0 0 0 0 1 0 0 -2 0 -1 0 0 0 0 0 0 1 0 0 0 0 1 0 0 0 0 0 0 0 0 -1 0 0 0 0 0 0 0 1 0 0 2 2 0 -1 0 0 0 2 0 1 -1 1 0 -2 0 0 -2 0 0 0 0 0 0 0 0 -2 0 0 0 -1 0 0 0 2 0 1 0 0 2 0 0 -2 0 
0 0 0 0 -1 2 0 0 0 0 0 0 0 0 0 1 0 0 0 0 0 0 0 0 0 0 -1 1 0 0 0 0 0 2 0 0 0 0 0 0 0 2 0 0 0 0 0 0 0 0 0 0 0 -1 0 0 2 0 0 0 -2 0 0 0 -1 0 -1 0 0 -1 0 0 0 -2 1 0 0 0 0 0 0 0 0 0 0 0 -2 2 0 0 2 0 0 0 0 0 0 0 0 0 0 1 1 0 0 2 0 0 1 0 0 2 0 0 0 0 0 0 0 0 0 0 0 0 0 0 0 0 -1 0 0 0 0 0 0 0 0 1 0 0 0 0 1 0 0 2 1 0 0 0 0 0 0 0 0 0 1 -2 0 0 0 0 0 0 0 0 1 -2 2 0 0 0 1 1 0 0 -1 1 2 0 0 -2 -2 0 0 -1 0 0 0 0 0 -2 1 0 2 -1 0 0 0 0 
0 0 -1 0 0 0 0 0 0 0 0 -2 0 0 0 0 0 0 0 0 0 0 1 -2 0 0 0 0 0 0 -2 0 0 0 0 0 0 0 0 0 0 0 0 0 -2 -1 0 0 2 0 0 1 0 0 0 0 0 0 0 0 0 0 0 0 2 0 -1 -1 1 0 2 0 0 0 1 0 0 0 0 0 0 0 0 0 1 0 0 0 2 0 0 0 0 0 0 1 0 0 0 0 0 0 0 2 0 0 -2 0 0 -1 0 1 2 0 0 0 0 -1 2 -2 -2 0 0 0 0 0 0 0 0 0 0 0 0 0 0 0 0 2 0 0 0 0 0 0 1 0 0 0 0 0 0 0 0 0 0 0 0 1 0 0 0 0 0 0 0 0 -2 0 2 1 0 0 0 0 2 0 0 0 0 0 1 2 0 0 0 0 -2 0 1 0 0 0 0 0 0 2 0 0 0 2 
0 0 0 0 0 0 0 1 0 0 0 0 0 0 0 0 0 0 0 0 0 0 0 0 0 0 0 0 0 0 0 0 0 0 0 0 0 2 0 0 -2 2 0 0 1 0 0 0 0 0 0 2 1 0 0 1 0 1 0 0 0 0 0 -1 0 0 0 -2 0 0 0 0 0 0 -2 0 0 0 0 0 0 0 0 0 0 0 0 0 1 -2 0 2 0 0 0 0 0 0 0 0 0 0 0 2 0 0 0 0 2 2 0 0 -2 0 0 0 0 0 1 -1 0 0 1 0 -2 0 2 -1 0 0 0 0 0 0 0 0 0 0 0 0 0 0 0 0 0 1 -2 0 0 0 0 0 2 0 0 0 0 0 0 0 0 -1 -2 0 0 2 0 0 -2 -2 0 0 0 0 0 0 0 0 0 0 0 0 0 2 0 0 -1 0 0 0 0 0 0 0 0 1 0 -2 2 0 
0 2 0 0 0 0 0 0 0 0 0 2 0 0 2 0 0 -2 0 0 0 0 0 1 0 0 0 0 -1 -1 0 0 0 0 0 0 2 0 0 0 0 0 0 0 0 0 0 0 0 0 0 1 0 0 0 1 0 1 0 -2 0 -2 0 0 0 0 0 0 0 0 0 0 0 0 1 0 -2 0 0 0 0 0 0 0 1 0 0 0 0 0 1 0 0 0 0 0 0 0 0 0 0 0 0 0 0 -1 0 0 1 0 -1 0 2 0 0 0 0 0 0 0 0 0 0 0 0 0 0 0 1 0 0 0 0 0 0 0 0 0 0 0 0 0 0 2 0 0 0 -2 0 0 0 0 0 0 0 0 0 0 0 0 0 0 0 0 0 0 1 0 -2 0 0 0 0 0 0 0 0 0 0 -1 0 0 0 0 0 1 0 1 0 0 0 0 0 0 0 0 0 0 0 0 
1 0 0 0 0 0 0 0 0 0 0 0 0 0 1 -1 -2 0 0 1 0 0 0 0 0 0 -1 0 0 0 0 -1 0 0 0 -2 0 2 -2 0 0 0 0 0 0 0 0 -2 0 0 0 0 0 2 0 -1 0 1 0 0 0 0 0 0 0 0 0 2 0 0 1 0 -1 -1 2 0 0 0 1 0 0 0 0 0 2 1 0 0 -1 0 0 0 0 0 0 0 0 0 0 0 0 0 0 0 0 0 0 0 0 0 0 2 0 0 0 0 0 0 0 0 0 0 0 0 0 0 0 0 0 0 0 0 -2 1 0 -2 1 1 0 0 0 0 -2 0 0 0 0 0 0 0 0 0 0 0 0 0 -1 0 0 -1 0 0 1 0 0 1 0 0 0 0 -1 0 0 0 0 0 2 0 0 0 0 0 1 1 0 1 0 0 0 0 -1 0 0 2 -1 0 -1 0 0 2 
0 0 0 0 1 2 0 0 2 2 0 0 0 0 0 0 0 0 0 0 0 0 2 0 0 0 0 0 0 0 -1 1 0 0 0 0 0 0 0 0 0 1 0 0 0 0 0 0 0 0 0 0 0 0 0 -1 0 0 0 0 -2 0 0 1 0 0 0 0 -2 0 0 0 0 0 0 0 0 0 0 0 0 -1 0 2 0 0 0 0 0 0 0 0 0 -2 0 2 0 0 0 0 1 0 0 0 0 0 0 2 0 0 0 0 -2 0 0 0 0 -2 0 2 0 0 0 0 0 0 0 -1 0 -1 0 0 0 0 0 0 0 0 0 0 0 0 0 0 0 0 0 0 0 0 0 0 0 0 0 0 0 0 1 0 0 0 0 -2 1 0 0 -1 0 2 0 0 0 0 0 0 0 2 1 0 0 -2 0 2 0 0 0 0 0 0 0 0 0 0 0 0 -2 0 0 0 
0 0 0 0 0 0 0 0 0 0 0 0 0 0 0 0 0 0 0 0 0 0 0 0 0 0 0 0 0 0 0 0 0 -1 0 0 0 0 0 0 0 0 0 0 0 0 0 -1 -1 0 -1 0 0 0 0 0 0 0 0 0 0 0 0 1 0 1 -2 0 0 0 0 0 0 0 0 0 0 0 0 1 0 0 -1 0 0 0 0 0 0 1 0 2 0 0 0 0 0 0 0 0 0 -2 0 0 0 0 0 0 0 2 0 -1 1 0 0 0 0 0 0 0 0 0 0 0 0 1 2 0 -2 0 0 1 0 0 0 0 -1 0 -2 0 2 0 0 0 0 0 1 0 -1 0 -2 0 1 0 2 0 1 0 0 0 -2 0 0 0 0 0 0 0 0 0 2 -1 -1 0 0 1 -1 0 2 0 0 0 -2 0 0 0 0 0 0 0 0 0 0 0 0 0 0 0 0 0 
0 0 0 0 1 0 -2 0 0 0 0 0 -1 0 -2 0 1 0 0 -2 0 -2 1 0 -1 -2 -2 1 0 0 0 0 0 0 0 0 0 0 -2 0 0 0 0 -1 0 0 0 0 0 0 0 0 0 0 -1 0 0 0 0 0 0 -1 0 2 2 2 0 0 0 0 2 1 0 0 0 0 0 0 0 0 0 0 0 0 0 2 0 0 2 0 0 -2 0 0 0 0 0 2 0 0 0 0 2 2 2 0 0 0 0 0 0 0 -1 0 2 0 0 0 0 -2 0 0 0 0 0 2 0 0 0 0 0 0 1 0 1 2 0 -2 0 0 0 0 0 0 0 0 0 0 0 -1 -2 0 0 0 0 0 0 -2 0 0 0 0 0 0 0 0 0 0 2 0 0 0 0 0 -1 -2 0 0 0 0 0 -2 0 0 0 0 0 0 0 -1 0 0 0 0 2 0 0 1 0 0 
0 0 0 1 -2 0 -1 0 -2 0 2 0 2 0 0 0 0 2 0 2 0 0 0 0 0 0 0 2 0 1 0 0 0 0 0 0 0 0 0 0 1 0 -1 -1 0 0 0 0 0 0 1 -1 -1 2 0 0 0 0 0 1 0 0 0 0 0 0 0 0 0 0 0 1 -1 0 0 0 0 0 0 0 0 0 0 -1 0 0 2 -1 0 0 0 -2 0 0 0 0 0 1 0 0 0 0 0 0 -1 0 0 0 0 -1 0 0 0 0 0 0 2 0 0 -2 0 0 2 0 0 0 -1 0 -2 0 2 0 0 2 1 0 1 -1 0 0 2 0 -1 0 0 0 0 1 0 0 0 -2 0 0 0 2 0 2 0 0 1 0 0 0 0 0 0 -1 0 0 0 0 0 -2 0 0 -2 0 0 0 0 -2 0 -2 0 0 0 0 0 1 0 0 1 0 0 0 0 0 0 0 
0 0 0 0 0 0 1 -2 0 1 0 0 0 2 0 0 0 0 0 0 0 0 0 2 0 0 0 0 -2 0 0 2 1 0 0 -1 0 0 0 0 0 0 0 0 0 0 0 1 0 0 1 1 0 0 0 0 1 -2 0 0 0 2 -2 0 0 0 0 2 0 0 0 -1 0 0 0 0 0 0 0 0 1 2 0 0 0 0 0 0 0 0 0 0 0 -2 0 -2 0 0 0 1 0 0 0 0 -1 0 0 0 0 -1 0 0 0 0 0 -2 0 -2 0 -1 0 0 0 0 0 0 0 1 2 0 0 1 0 0 0 0 0 0 2 0 1 0 0 0 0 0 0 0 0 0 0 0 0 0 2 0 0 -2 0 -2 0 0 0 0 0 0 0 0 1 0 0 1 0 0 0 0 0 2 0 0 0 0 0 0 0 0 0 1 0 0 0 2 0 0 -1 2 2 0 0 -2 
1 0 0 0 0 2 0 2 0 0 1 0 1 0 0 0 0 -1 -1 0 0 0 1 0 0 0 -1 1 0 1 0 0 0 0 0 0 -2 -2 0 0 0 -2 -1 0 2 1 0 0 2 0 0 0 1 0 0 0 -1 0 0 0 0 0 0 0 0 0 0 -2 0 -2 0 0 0 1 0 0 0 1 0 0 0 0 0 0 0 0 0 0 0 0 -1 0 0 0 0 1 0 0 2 0 0 0 0 2 0 0 -1 0 -2 0 0 0 0 0 -1 0 0 0 0 0 0 0 0 0 0 -1 0 0 0 0 0 0 0 2 0 0 0 0 0 0 0 2 2 0 0 0 1 0 0 0 0 0 0 0 0 0 0 0 -1 0 0 -1 0 -1 0 -1 0 0 0 2 0 0 1 0 0 0 0 0 0 0 0 0 2 0 0 2 0 2 0 0 0 0 0 0 0 0 0 0 0 0 
1 0 0 0 0 0 0 0 0 0 0 0 -1 0 0 2 2 0 0 0 0 0 0 0 0 1 -1 0 0 0 0 1 0 0 0 0 0 0 0 0 -1 -1 0 -1 2 0 0 0 0 0 2 0 0 0 0 0 0 0 0 0 0 -1 0 1 0 0 0 0 0 0 0 0 0 0 0 2 0 2 1 0 0 0 0 1 0 0 -1 0 0 -2 0 0 0 2 -1 -1 0 0 -2 1 0 2 0 -1 0 -2 0 0 1 0 0 0 0 0 0 0 0 0 0 0 0 0 0 0 0 0 0 0 0 0 0 0 0 1 0 0 0 0 0 0 -1 0 -2 0 0 1 0 0 -2 0 0 0 0 0 0 0 0 -1 1 0 0 1 0 0 -2 0 0 0 0 0 0 0 1 0 0 0 -2 0 0 0 0 0 -2 0 0 0 0 0 0 0 1 2 0 0 0 0 0 0 0 0 
2 0 0 0 0 1 0 -2 0 0 0 0 0 2 0 0 2 0 0 0 1 0 1 -2 0 -1 0 0 0 1 0 0 0 0 0 0 0 0 0 0 1 0 -1 1 0 0 1 -1 0 0 0 0 0 -2 0 0 0 0 0 0 0 0 0 0 0 0 0 0 0 0 0 -1 0 2 0 0 -1 0 0 0 0 0 0 2 -1 0 2 0 0 -1 0 0 0 0 0 0 0 0 0 0 0 -2 0 0 0 0 0 0 -1 0 0 2 -1 0 -2 2 0 0 0 0 0 0 -2 0 0 0 0 0 0 0 0 0 0 0 0 0 0 -2 2 0 0 0 0 0 0 0 2 0 0 0 0 0 0 0 0 0 -2 0 -2 0 0 -2 0 -1 0 0 0 0 2 0 -1 0 0 0 0 0 0 0 0 0 0 0 0 0 0 1 0 2 0 0 -2 -1 0 0 0 0 0 -2 0 0 
0 2 0 0 0 0 0 0 0 0 0 0 0 0 0 0 0 0 1 0 0 0 0 0 0 0 0 1 0 0 0 0 0 0 0 -1 0 0 0 0 -2 0 0 0 0 0 0 0 0 0 0 0 0 0 0 0 -2 0 -2 0 0 0 0 0 0 0 0 0 1 0 0 0 2 0 0 0 2 0 0 0 0 0 0 0 0 0 0 0 0 2 0 0 -2 0 0 -2 1 0 0 0 0 0 0 0 0 0 0 0 0 2 0 0 0 0 0 0 0 1 0 0 0 0 1 0 0 0 0 -2 -1 1 0 0 0 0 0 0 -1 0 0 -1 0 -1 0 0 0 2 -2 -2 0 0 0 0 0 0 0 0 0 0 0 -2 0 0 0 0 0 0 0 0 0 1 0 0 0 -1 0 0 0 0 0 0 0 1 0 0 0 0 0 0 0 -1 1 -2 0 2 -2 0 0 0 0 0 
2 0 0 0 0 0 0 0 0 0 0 0 0 2 0 0 0 0 0 0 0 0 0 0 -2 0 0 0 0 -1 0 0 0 0 0 0 0 0 0 0 1 0 0 0 0 0 0 0 0 0 0 0 -2 0 0 1 0 0 0 -1 1 0 0 0 2 0 0 0 0 0 0 0 0 1 0 0 -2 0 0 0 0 0 0 0 0 0 0 0 0 0 0 0 0 0 0 0 0 0 0 0 1 0 0 0 0 0 0 0 0 0 -1 0 0 1 0 0 -2 0 0 0 0 2 0 0 1 1 0 0 -2 0 0 0 0 -1 0 0 2 0 0 2 0 0 0 0 0 2 0 0 0 0 -1 0 2 0 0 0 0 0 -2 0 0 0 0 0 0 -1 0 2 0 0 0 0 1 -2 0 1 0 0 0 0 0 0 0 0 0 0 0 0 0 0 0 0 0 1 0 0 0 0 1 0 
0 0 0 0 0 0 0 0 0 2 0 0 0 0 0 0 0 0 0 0 0 0 0 0 0 0 0 0 0 1 0 0 0 0 0 0 0 0 0 0 0 0 -1 0 0 -1 -2 1 0 0 -2 -2 2 0 0 0 0 0 0 0 0 0 0 0 0 0 0 0 0 1 0 1 0 0 0 0 0 0 0 1 0 0 0 0 0 0 0 0 0 0 0 0 0 0 0 0 0 1 2 0 -1 0 0 0 0 -2 0 0 0 0 0 0 0 -1 2 0 0 0 0 -1 0 0 0 0 -1 0 0 0 0 0 0 0 -2 0 0 -2 0 0 0 0 0 2 1 0 0 0 1 -2 0 0 0 0 0 0 0 2 -1 0 0 0 0 0 0 0 0 0 0 2 0 0 0 0 0 0 0 0 0 0 0 0 0 0 0 0 0 -1 0 2 0 0 0 0 0 0 0 0 1 2 0 0 
0 0 2 0 0 0 0 0 0 0 0 0 0 0 0 0 0 0 0 -1 0 0 2 0 0 0 -2 2 0 0 0 0 0 -2 0 0 0 0 0 -2 0 0 0 0 0 0 1 0 0 0 0 0 -1 0 0 0 2 0 0 0 -2 0 1 0 2 0 -1 -2 1 0 0 0 0 -2 0 0 0 0 0 0 2 0 0 0 0 0 0 2 0 0 -2 0 0 0 0 2 0 0 0 -2 0 0 2 0 0 0 0 0 0 -1 0 0 0 0 0 0 0 0 -1 0 0 0 0 -1 0 0 2 0 0 0 0 0 0 0 0 0 0 0 1 0 0 0 0 0 0 0 1 0 0 0 0 0 0 0 0 1 0 0 0 0 0 0 0 0 0 0 0 0 0 0 -2 0 0 0 2 0 1 0 0 0 0 0 0 0 0 0 -1 0 0 0 0 -1 0 0 2 0 1 0 -1 0 
0 0 0 0 0 0 0 0 2 0 0 0 0 0 0 0 0 0 0 2 1 0 -1 1 -2 2 0 0 0 0 1 0 0 1 1 2 0 0 0 0 0 0 0 0 0 0 0 0 0 0 0 0 0 2 0 0 0 0 2 0 1 0 0 0 0 0 -2 0 0 -1 0 0 0 0 0 0 0 0 0 1 0 -2 0 0 0 0 0 -2 0 0 0 2 -1 0 0 0 0 0 -1 0 0 0 0 0 0 0 0 0 -1 2 0 0 -2 0 0 1 0 0 0 2 0 0 0 0 0 0 2 0 0 0 0 -1 0 0 0 0 0 0 0 0 0 0 -2 0 0 0 0 0 0 0 0 0 0 0 0 0 0 0 -1 0 0 0 -1 0 2 0 0 0 0 0 0 2 0 0 0 0 0 0 0 0 2 -2 0 0 0 0 0 1 0 0 0 0 -2 0 0 0 0 -2 0 2 
0 0 0 2 0 0 0 0 -2 0 0 0 0 2 0 0 2 0 0 2 0 0 0 1 0 1 0 0 0 0 0 0 0 0 -1 -1 0 -1 0 0 0 0 0 0 0 0 0 0 -2 0 -2 0 0 0 0 0 0 0 2 0 0 0 0 0 0 0 -1 0 0 0 0 1 0 0 0 0 0 0 0 0 0 0 0 0 0 0 0 0 0 2 0 0 0 0 0 0 0 0 0 0 0 0 -2 -1 0 0 0 0 0 1 0 0 0 0 0 0 0 0 0 2 0 0 0 0 0 1 0 0 0 0 0 2 0 1 0 0 1 0 0 0 0 0 -2 0 0 0 0 -2 0 0 1 0 0 0 0 0 0 0 0 0 0 0 0 0 0 0 2 -2 0 -1 0 -2 0 0 0 0 0 0 0 0 0 0 0 0 0 0 0 0 0 0 0 0 0 0 0 -1 2 0 0 0 
0 0 0 0 0 0 0 0 0 0 -1 0 0 0 0 2 0 0 -2 0 0 0 0 -2 0 2 0 0 0 1 0 0 0 -1 0 0 2 0 0 0 0 0 0 0 -1 0 0 0 0 0 0 0 -2 1 0 0 0 0 0 0 0 0 1 0 0 0 0 0 0 1 0 0 -1 0 0 0 0 0 0 0 0 0 0 0 0 0 0 0 0 0 0 0 -1 1 0 0 0 0 1 0 0 0 0 -1 -1 0 0 0 0 0 0 0 0 0 0 -2 0 0 -2 0 0 0 0 0 -2 0 0 0 2 0 0 0 -2 0 0 0 0 0 0 0 0 0 0 2 1 0 0 0 0 0 0 0 0 1 0 0 0 0 0 0 0 0 2 -2 0 0 0 0 0 0 0 1 0 2 0 0 0 0 0 0 0 0 0 0 0 0 0 -2 0 1 1 0 0 0 0 0 0 -2 0 1 
0 0 0 0 2 0 -2 0 0 0 0 1 0 0 2 0 0 0 0 0 0 0 0 1 0 -2 0 0 0 0 0 0 0 0 -2 0 0 0 0 0 0 0 1 0 2 0 2 0 0 0 0 0 0 0 1 -1 0 -1 0 0 0 -2 -1 -1 0 0 2 2 0 2 0 -1 0 0 0 0 0 0 0 2 0 1 0 0 0 0 0 0 0 0 0 0 0 0 2 0 0 0 2 0 0 0 0 0 2 -1 -2 0 1 0 0 0 0 0 0 -2 0 0 0 0 2 -1 0 0 0 1 0 0 0 0 1 0 0 1 0 0 0 0 0 0 0 0 0 1 0 0 0 0 -1 -2 -2 0 0 0 0 0 0 -2 1 0 0 0 0 2 0 1 0 0 0 0 0 -1 0 0 0 -2 0 0 0 0 0 0 0 -2 0 -2 2 0 0 0 0 0 0 0 0 0 0 0 1 0 
0 0 0 0 0 0 0 0 0 0 0 -2 0 -1 0 0 0 0 0 0 0 0 0 0 0 2 0 0 0 0 0 0 0 0 -2 0 0 2 0 0 0 0 0 0 0 0 0 0 0 0 0 0 0 0 0 0 0 0 2 0 -2 0 0 2 0 0 0 1 1 0 0 0 0 0 0 0 0 0 0 0 0 0 0 0 0 0 0 0 0 0 0 0 0 1 0 0 0 0 0 0 -2 0 0 0 0 0 -2 0 0 0 0 0 0 0 0 0 0 0 0 0 0 0 0 0 0 0 1 0 2 0 0 -1 0 0 1 0 0 0 1 0 0 0 0 0 0 0 0 1 -1 0 0 0 0 0 0 0 0 1 0 0 0 0 -2 0 0 0 0 0 0 0 0 0 -1 0 0 0 0 -2 0 0 0 1 0 0 0 0 -1 0 0 0 0 -2 0 0 0 0 0 0 0 0 
-1 0 0 0 0 0 0 0 0 0 0 0 0 -2 -1 0 0 1 -1 0 0 0 -2 0 -1 0 0 0 0 0 0 0 0 0 0 0 0 0 -2 0 0 0 0 0 0 -1 0 0 0 0 0 0 0 2 0 0 0 2 0 -2 0 0 -1 0 0 0 0 0 0 0 1 1 0 0 0 -1 0 1 0 0 0 -2 0 1 -2 0 0 0 0 0 0 -1 0 0 0 0 0 0 0 0 0 0 -2 0 0 0 0 0 0 0 0 -2 0 0 0 0 2 0 0 0 0 0 0 0 0 0 0 0 0 0 0 0 0 0 0 0 0 0 0 0 0 0 -1 0 0 -1 0 0 0 -1 2 0 0 0 0 0 -1 0 0 0 -2 0 -2 0 0 0 0 0 0 0 -2 0 0 0 0 0 -1 0 0 0 -2 0 0 0 0 0 0 0 0 0 2 0 0 0 0 0 0 -1 0 0 
0 0 0 0 0 0 0 0 0 1 1 0 0 0 0 0 0 0 0 0 0 0 0 0 0 0 0 -1 0 0 0 0 0 0 -1 0 -1 1 0 0 0 0 0 0 0 0 0 0 0 0 0 2 -1 1 0 0 0 0 0 0 0 0 0 0 -2 0 0 0 0 0 0 0 0 0 2 1 -1 -1 0 0 0 0 0 0 0 0 0 0 0 0 0 0 0 0 0 0 -2 -1 0 0 0 0 0 0 0 0 0 0 2 0 -2 1 0 1 0 0 0 1 0 0 0 0 0 0 2 0 0 2 0 0 0 -1 0 0 0 0 -1 0 0 0 0 -2 0 0 0 0 -2 2 2 0 0 0 0 0 0 0 0 0 1 0 0 0 -1 0 0 0 0 0 0 0 -1 0 0 0 -2 0 0 0 0 0 0 0 1 1 0 0 0 0 0 0 0 0 -1 0 0 0 0 0 0 0 
0 0 2 0 0 0 0 0 0 0 -2 0 1 0 0 0 2 0 0 0 0 0 0 -1 0 -1 0 0 0 0 0 0 0 0 0 0 0 0 0 2 1 0 0 0 0 0 0 0 0 0 0 0 0 0 0 0 0 2 0 0 0 0 1 0 0 2 0 0 0 0 0 0 0 1 2 0 -1 0 0 2 0 0 0 0 0 0 0 0 0 0 -1 0 -1 1 0 0 0 0 0 0 0 0 -1 0 0 0 0 0 0 1 0 1 0 0 0 2 0 0 -1 -2 0 -1 0 0 0 0 0 0 0 0 0 0 0 0 0 0 2 0 -2 0 0 0 2 0 1 0 0 0 1 0 2 0 0 0 -1 2 0 1 0 -1 0 0 0 -2 0 0 0 -2 0 -1 2 2 0 0 0 0 0 0 0 0 0 0 2 0 0 0 0 1 -1 0 0 0 -2 0 0 0 0 0 0 0 
0 0 0 -2 0 -2 0 0 0 0 0 0 0 2 0 0 -2 0 -2 0 0 0 0 0 -2 0 2 0 0 1 -1 0 -2 0 0 0 0 0 0 0 0 -2 0 0 -1 0 0 0 2 0 0 0 0 0 0 0 0 0 0 0 0 0 2 1 0 0 0 0 0 0 0 0 0 0 0 0 0 1 0 0 0 0 0 0 0 0 0 0 0 0 0 -1 -1 0 -2 1 1 -1 0 0 0 0 2 0 0 0 0 0 0 0 2 0 1 1 0 0 0 0 0 0 -2 0 0 0 0 2 0 1 0 0 0 0 2 2 0 0 0 0 2 1 0 0 -1 0 0 0 0 0 0 0 0 0 0 0 1 0 0 0 0 0 2 2 -1 0 0 0 0 0 0 -1 0 0 0 0 0 0 0 0 2 0 0 0 0 -1 0 0 0 2 0 -1 0 0 0 0 -1 2 0 0 0 0 
0 0 -1 0 -2 0 0 -1 -2 0 0 0 0 0 1 0 0 0 -1 0 0 0 0 0 0 0 0 0 0 2 0 0 0 0 0 0 1 0 -2 0 0 0 0 0 0 0 0 0 0 0 0 0 0 0 0 0 -2 -2 0 0 -2 0 -1 0 0 0 -2 1 0 0 0 0 0 0 0 0 0 0 -2 0 0 -1 -1 0 0 0 0 0 0 0 0 0 0 0 0 -1 0 0 1 1 0 0 0 0 -1 2 0 2 -1 0 0 0 0 0 0 0 1 -1 0 0 -1 0 0 0 1 0 0 0 0 2 0 0 0 0 1 -2 0 0 0 0 0 0 -2 0 0 0 0 0 0 0 0 0 -1 0 0 -1 0 0 0 0 0 0 0 1 0 -2 0 -1 1 0 -1 -2 2 0 1 0 0 0 -1 0 0 0 0 0 0 0 0 -2 0 0 2 0 0 0 0 0 0 2 0 0 
0 0 0 0 0 0 -2 0 0 0 2 0 1 0 0 0 0 1 1 0 0 0 0 0 0 0 0 1 0 0 -1 2 0 0 0 0 0 0 2 0 1 -2 0 0 0 -2 0 0 0 0 1 0 0 0 1 0 0 0 0 0 -1 1 0 0 0 -2 0 0 0 0 0 0 -1 0 0 0 0 0 0 0 0 0 -1 0 0 0 0 0 0 0 0 0 0 0 0 0 0 0 0 0 0 0 0 0 0 0 0 2 -2 -1 0 0 0 -1 -1 1 0 0 0 -2 0 0 -2 0 0 0 0 0 0 0 0 0 2 0 0 0 0 0 0 0 0 0 0 0 0 0 1 0 0 1 0 0 0 2 0 0 0 0 0 0 1 0 1 0 0 0 0 2 0 0 0 0 0 0 0 0 0 -2 0 0 2 2 0 0 0 2 0 2 0 0 0 0 -2 0 2 -1 0 0 0 1 
0 -1 0 0 0 0 0 0 0 0 0 0 1 -1 0 0 2 0 0 0 0 0 -2 0 0 0 0 0 0 0 0 -1 0 0 2 0 0 0 0 0 0 0 0 0 0 0 0 2 0 0 0 0 0 0 1 0 0 0 0 0 0 -2 0 0 0 0 0 0 0 0 0 0 0 0 0 0 -2 0 0 0 0 0 1 -2 0 0 0 0 0 0 0 2 0 1 0 2 0 0 -2 0 0 2 0 0 0 0 0 0 0 0 0 0 1 0 0 0 0 0 0 0 0 2 0 0 0 1 0 0 0 2 0 0 0 2 0 0 0 0 0 0 0 0 0 0 0 0 0 0 0 0 0 0 0 0 0 0 0 0 2 -1 0 0 0 0 0 0 2 0 0 0 0 0 0 0 1 -2 0 0 0 0 0 0 0 1 0 0 0 0 0 0 -2 0 0 0 0 2 0 0 2 0 
0 0 0 0 1 0 -1 0 0 0 0 0 0 0 1 0 0 0 -1 0 0 0 0 0 -2 2 0 0 2 0 1 0 0 -1 -2 0 0 0 0 0 0 1 -1 1 0 0 0 0 0 0 0 1 -2 0 0 0 0 0 0 0 0 0 0 2 0 0 0 0 0 0 0 0 0 0 0 0 0 0 0 0 0 0 0 0 0 0 0 0 0 0 0 0 0 -2 0 1 0 0 -1 0 0 0 -2 0 0 0 0 -1 0 0 1 0 0 0 0 0 0 0 0 0 0 0 -2 0 0 2 0 0 -1 -2 0 0 0 -2 0 0 0 0 -1 0 0 0 0 -2 0 2 0 -2 0 -2 0 0 0 1 0 0 0 0 -2 1 -2 0 0 0 2 0 0 0 0 0 0 0 0 1 0 0 0 0 0 2 0 0 1 0 -1 0 0 0 0 0 0 -1 0 0 0 0 0 -1 0 0 

6 8 10 7 10 2 4 10 10 2 2 9 10 2 2 5 8 5 4 2 2 5 10 1 2 6 8 3 5 10 4 2 1 9 3 5 10 9 9 10 2 3 10 2 9 3 3 9 3 1 4 8 9 3 2 8 4 10 8 10 7 1 2 7 7 6 7 3 10 1 4 7 7 5 5 10 1 1 8 5 1 8 4 4 8 6 8 10 4 2 10 1 3 7 4 4 2 6 10 10 