20 40
-2 0 1 0 -1 1 0 0 0 0 2 -2 0 0 0 0 -2 0 0 0 0 0 1 0 0 0 0 -2 0 -1 0 2 0 0 0 0 -2 0 0 0 
0 0 0 0 0 0 0 0 0 0 0 0 0 1 0 0 0 0 0 0 -1 0 1 0 0 0 0 0 2 0 0 0 0 -2 -1 0 0 0 0 0 
0 0 0 0 0 0 -2 0 0 0 0 0 0 -2 0 0 0 2 -2 0 0 0 0 0 0 -1 0 0 0 0 0 2 0 0 2 0 0 1 0 -2 
0 0 2 0 0 0 0 2 0 0 0 0 0 -2 0 0 0 0 0 0 0 0 0 0 0 0 0 0 0 0 0 0 0 0 0 0 0 0 0 1 
0 0 0 0 0 0 0 0 0 0 0 0 0 0 0 0 0 0 0 0 0 0 0 0 0 0 0 -1 0 0 0 -2 -2 0 0 0 0 0 -1 0 
0 0 2 0 2 0 0 0 -1 2 0 -1 0 0 1 1 0 0 0 0 0 2 1 -2 0 0 0 0 -1 1 0 0 0 0 0 0 0 0 0 1 
0 0 2 0 0 0 0 -1 0 0 0 0 0 2 0 0 0 0 0 0 0 1 0 1 0 0 0 0 0 0 0 0 0 0 0 0 0 -1 0 -2 
0 0 -2 0 0 0 -1 2 0 0 0 0 0 0 0 0 0 -1 1 0 0 -1 0 0 0 0 0 -1 0 0 0 0 0 0 0 0 1 0 1 0 
0 0 0 0 2 0 0 0 -1 0 0 -1 0 0 0 0 0 0 0 0 0 2 0 0 0 0 0 0 0 1 0 0 0 0 0 0 0 0 0 1 
0 0 0 2 0 0 0 -2 1 0 2 0 0 0 0 -1 0 0 0 0 0 0 0 0 -2 0 0 0 0 0 0 0 -1 0 1 0 0 0 0 0 
0 0 0 -1 0 2 0 -2 0 -1 0 0 1 0 0 0 -1 1 0 0 -2 0 0 1 0 0 0 0 -2 1 0 0 -1 2 0 0 0 0 0 0 
0 1 0 -1 0 -2 0 0 0 1 0 0 1 0 1 0 0 0 0 0 0 0 0 2 1 0 0 0 0 0 0 0 0 0 0 1 0 0 0 0 
2 0 0 0 0 0 0 1 0 2 0 0 0 0 -2 0 0 0 0 0 0 0 0 0 0 -2 1 0 0 -2 0 0 0 0 0 0 0 1 1 -2 
0 0 0 0 0 0 0 0 0 0 0 0 0 0 0 0 -2 0 0 0 0 1 2 0 2 0 0 0 1 -2 0 0 0 0 0 0 0 0 0 -2 
0 0 0 0 0 -1 0 0 0 0 0 0 0 0 0 0 0 0 0 0 0 0 0 -1 0 0 -2 0 0 0 0 0 0 0 0 0 0 0 0 0 
-2 0 0 0 0 0 0 2 0 0 0 -1 0 0 0 -2 0 0 0 1 -1 0 0 0 0 0 0 0 0 0 -1 -2 0 0 0 0 0 0 0 0 
0 0 0 0 0 0 0 0 0 0 0 -2 0 0 0 0 0 0 0 0 0 0 0 2 0 0 0 0 1 0 0 -1 0 0 2 -2 0 0 0 -2 
0 0 0 -1 0 0 0 0 0 -1 2 -1 0 0 0 0 0 1 0 -2 0 1 0 1 0 0 0 0 0 0 0 0 0 0 0 0 -2 0 0 0 
0 0 0 0 0 0 0 -1 0 0 0 0 2 0 -2 -2 0 0 2 0 0 0 0 -1 2 0 0 0 0 0 0 -2 0 -1 0 0 0 0 -2 0 
1 0 0 0 0 0 0 -2 0 -2 0 0 0 0 1 1 0 0 -2 0 0 1 1 0 0 0 0 0 0 0 0 0 0 1 0 0 0 0 0 0 

1 6 5 9 6 7 7 8 2 9 5 8 3 7 4 10 10 8 8 7 