50 100
1 0 -1 2 -1 0 2 0 0 0 0 0 0 2 -1 0 0 0 0 0 0 0 0 0 0 -2 0 0 0 0 0 -2 0 0 0 0 0 0 0 0 0 0 -2 0 0 0 0 0 -1 0 0 0 0 0 0 0 0 0 0 0 0 0 0 1 0 0 0 0 0 0 0 1 0 -1 0 1 0 -1 0 0 0 0 0 0 0 0 0 0 0 0 0 0 0 0 -2 0 0 0 0 -1 
0 0 0 0 0 0 2 2 -1 0 0 0 0 1 0 0 -2 0 0 0 0 0 -1 0 -1 0 0 0 2 0 0 0 0 0 0 0 0 0 0 0 0 -1 0 0 0 -2 0 0 -1 0 0 0 0 0 0 0 0 0 0 0 0 0 -2 0 2 0 0 0 0 0 0 0 0 0 0 0 -2 0 1 -2 1 0 0 0 0 0 1 0 0 0 0 0 0 0 0 0 0 0 0 0 
0 0 0 0 0 2 -2 0 0 -2 0 0 1 1 0 0 0 0 0 -2 0 -2 2 -1 0 0 0 0 0 1 0 0 0 0 0 0 0 0 0 -1 0 0 0 1 0 2 0 0 0 0 0 0 -1 0 -1 0 0 0 -1 0 0 0 0 0 0 0 -2 0 0 -1 0 0 0 0 2 1 1 0 0 0 0 0 0 0 0 0 2 0 0 -1 0 0 1 0 0 1 -1 0 -1 0 
0 0 0 0 -2 -1 0 -1 1 0 0 0 0 1 0 0 0 0 0 0 0 0 2 -1 0 0 0 0 0 0 0 0 0 0 0 0 -1 0 1 0 0 0 0 0 0 0 0 0 0 0 2 0 0 0 0 -1 0 0 0 0 0 0 -1 0 0 0 0 -1 0 0 0 0 0 0 -2 0 0 0 0 -1 0 0 0 2 0 0 2 0 -2 0 0 0 0 2 1 -1 0 0 0 0 
2 0 1 0 -2 0 0 -2 0 0 0 0 0 0 0 0 1 0 0 0 0 0 -1 -2 1 0 -1 0 0 0 0 0 2 0 0 0 0 0 2 0 0 0 -2 -1 0 0 0 0 0 0 2 0 -2 1 0 0 0 0 0 0 0 0 0 -1 0 2 0 2 -2 1 0 0 2 0 0 0 0 0 0 0 0 0 -1 -1 0 0 0 0 0 0 2 -2 0 0 0 0 0 0 0 0 
0 0 0 0 0 0 0 0 0 0 0 0 0 0 0 0 0 -2 0 0 0 0 0 1 2 -2 0 0 1 0 1 0 0 0 -2 -2 0 -2 0 -2 0 2 0 0 0 0 0 0 0 0 2 2 0 -1 0 0 2 0 0 0 0 0 0 0 0 0 0 0 1 0 0 2 0 0 -1 0 0 2 0 0 0 0 0 0 -2 0 0 -2 0 -2 0 0 0 0 1 0 0 0 0 0 
-2 0 0 0 -2 0 0 0 -2 2 0 0 0 0 0 0 0 0 0 0 0 -1 0 0 0 0 0 0 0 0 0 0 1 0 1 -2 0 0 0 0 0 0 0 -1 0 0 0 0 0 0 0 1 0 0 0 1 0 0 0 0 0 1 0 0 0 0 0 0 0 0 0 0 2 0 0 0 0 0 0 0 -2 1 0 0 0 0 0 0 0 0 0 0 0 1 -1 0 0 0 0 0 
0 0 0 0 0 0 0 0 0 0 0 0 0 0 0 2 -2 0 -2 0 0 0 0 0 0 -2 0 0 0 -1 0 -2 0 0 0 0 0 -2 0 0 0 -1 0 0 0 0 0 1 0 0 0 0 0 0 0 0 0 0 0 0 0 0 0 0 0 0 0 -2 0 0 0 0 0 0 0 0 -1 0 0 0 0 2 0 0 0 0 2 0 0 0 -1 0 0 0 -1 1 1 0 0 0 
-1 0 0 -2 0 0 0 0 0 0 0 0 0 0 0 2 0 0 -1 0 0 0 1 0 -2 0 0 0 0 0 -1 0 0 0 0 0 0 0 0 0 0 0 1 0 0 0 0 0 0 0 0 0 0 0 0 0 -1 -1 0 0 -2 0 0 -2 0 0 0 0 0 0 0 0 0 0 0 0 0 0 0 0 0 0 0 0 0 0 1 0 0 0 0 0 0 0 -2 0 0 0 0 0 
0 0 0 0 -2 0 0 1 0 2 0 0 0 1 0 -1 0 -1 0 0 0 0 0 2 0 0 0 0 0 0 0 1 0 0 0 -2 -1 1 0 0 0 0 0 0 0 0 0 0 2 -1 0 0 0 0 0 0 0 0 -1 1 0 0 0 2 0 0 0 -1 0 0 0 0 0 0 0 0 0 0 -1 0 0 2 0 0 0 0 0 0 0 -1 -1 1 0 0 0 -1 0 0 0 -2 
0 0 0 0 0 0 0 0 2 0 0 0 0 0 0 0 0 2 0 0 0 -2 0 0 -2 0 0 0 0 0 0 0 0 0 0 0 -2 0 0 0 0 0 0 0 0 0 0 0 -2 0 0 0 0 0 0 0 -1 0 -2 0 -1 0 2 0 -2 -1 0 0 0 0 0 0 0 0 0 0 0 0 0 0 0 0 0 1 0 0 -2 0 0 0 0 0 0 0 2 0 0 0 0 0 
-2 0 0 0 0 0 2 0 0 0 0 0 0 0 0 0 0 0 0 2 0 0 0 0 -2 0 0 0 0 0 2 0 0 0 0 0 0 0 0 0 0 -2 -1 0 0 0 -1 0 0 0 0 0 1 1 0 0 0 0 0 -1 0 0 0 -2 0 -2 0 1 0 0 0 0 -2 0 -1 0 0 0 0 0 0 -2 0 0 2 0 0 0 -1 0 0 2 0 1 0 0 -1 0 0 0 
-1 -2 0 0 0 -2 0 2 0 0 -2 0 0 0 0 0 0 0 -1 -1 -1 0 0 0 0 2 0 0 0 0 0 2 0 0 0 -1 1 0 0 0 0 0 0 0 0 0 0 0 0 0 -1 -2 -1 0 2 0 0 0 1 0 0 0 0 0 0 0 0 0 0 0 0 0 0 0 2 0 -1 0 0 0 0 0 0 0 0 -1 2 -2 0 0 2 0 0 0 0 0 0 0 0 2 
0 0 -2 2 0 0 0 0 0 0 0 0 0 0 0 0 -2 0 0 0 1 2 0 1 1 0 0 0 0 0 0 -1 0 0 0 0 -1 0 0 0 0 0 -2 2 0 0 0 2 0 -2 0 0 0 -2 -1 1 0 0 0 0 0 0 0 0 0 0 0 0 0 0 -2 0 1 0 0 0 1 0 0 0 0 0 0 0 2 2 0 0 0 0 0 2 0 0 0 0 -1 1 0 0 
0 0 0 0 0 0 0 0 0 0 0 -2 0 0 0 0 0 1 0 0 0 1 2 0 0 -2 0 0 0 0 0 0 0 0 0 0 0 0 0 0 0 0 0 0 0 0 0 0 -1 1 0 0 0 0 2 2 0 0 0 2 0 2 0 -2 0 0 0 2 0 0 0 0 0 0 0 -1 0 0 0 0 -1 0 0 0 0 -1 -2 0 0 0 2 0 0 0 2 -2 0 1 0 0 
0 0 0 0 0 2 0 0 0 -1 -2 0 0 0 0 0 2 0 0 0 0 0 0 0 -1 0 0 0 -2 0 1 -2 0 1 0 1 0 0 0 0 0 0 0 0 0 0 0 0 -2 0 0 0 0 0 0 0 1 0 0 0 0 0 -2 0 -2 -2 0 0 0 0 0 0 1 0 -2 0 1 0 1 0 -2 0 2 0 0 2 0 0 -1 0 0 0 0 1 -1 2 0 0 0 0 
0 0 2 0 0 0 2 -1 0 0 0 0 0 0 0 0 0 0 -2 0 0 0 -1 0 0 0 0 0 0 0 -2 0 0 0 0 0 1 0 0 0 0 0 2 -2 -1 -2 0 0 0 -2 0 0 0 0 0 0 0 0 0 0 0 0 0 0 1 0 0 -1 1 0 0 0 0 0 0 0 0 -2 0 0 0 0 0 -1 0 2 0 0 0 0 0 0 0 0 -1 -2 0 0 0 0 
0 0 0 0 0 2 0 0 0 0 0 0 0 0 0 0 0 0 0 -2 0 0 1 0 0 -1 0 -1 0 0 0 0 0 0 0 0 0 0 0 0 0 0 0 0 0 0 0 0 0 0 -1 0 -2 0 0 0 0 0 0 0 0 0 2 0 0 2 0 0 0 0 0 -1 0 0 0 0 2 1 0 0 0 0 0 -2 0 0 0 0 0 0 0 0 1 0 0 0 0 0 0 -1 
0 0 0 0 0 0 0 0 0 0 0 0 0 0 0 0 0 0 0 0 0 0 0 0 0 2 0 0 0 0 0 0 0 2 0 0 -1 0 0 -1 0 0 0 0 1 0 -1 0 0 1 0 1 0 -1 -1 0 0 0 0 -1 0 0 0 0 -1 0 0 0 0 0 0 0 0 0 0 0 0 0 0 0 2 0 0 0 0 -1 0 0 0 0 0 0 0 0 0 0 0 2 -2 0 
0 0 0 0 -1 0 0 0 2 0 0 0 0 0 0 2 0 0 0 2 -2 0 -1 0 0 0 0 0 -2 -2 0 0 0 0 0 0 0 0 0 0 0 0 0 0 0 0 1 1 -1 0 1 0 0 0 0 0 0 0 0 0 0 0 -2 0 0 0 0 0 0 2 1 -1 0 0 0 0 0 0 0 0 0 0 0 0 0 1 0 1 -1 -2 0 0 0 0 2 1 0 0 0 -1 
0 0 0 0 0 0 1 0 0 0 0 0 0 0 0 0 1 2 0 0 -2 0 0 0 0 0 0 0 1 0 0 0 2 2 0 2 -2 0 0 0 0 0 0 0 0 0 0 0 0 0 0 0 0 0 0 0 0 0 0 1 0 0 -1 0 0 0 0 2 0 -1 0 0 0 0 0 0 -1 0 0 0 0 0 -1 0 0 -1 0 0 0 0 -2 0 -2 0 0 0 0 0 0 0 
0 0 0 0 0 2 0 0 0 0 0 0 0 0 -2 0 2 0 0 0 0 0 2 0 1 0 -2 0 1 0 0 0 0 0 0 0 0 0 0 1 0 0 0 0 0 0 0 0 0 0 -1 1 0 0 0 0 0 0 0 0 0 0 0 0 0 0 0 0 0 0 0 0 2 0 0 0 0 1 0 -2 0 0 0 1 0 0 -1 0 0 0 0 0 0 0 -2 0 -2 0 0 0 
0 -2 -1 0 0 0 0 0 2 0 0 1 -1 0 1 0 1 0 0 0 0 0 0 0 0 0 0 0 0 0 2 0 0 0 -1 0 -2 0 0 0 2 0 0 -2 -2 0 0 0 0 0 0 0 1 -1 0 0 -1 0 0 0 0 0 2 -1 0 0 0 0 0 0 0 0 0 -1 0 1 -1 0 0 0 -1 0 0 0 0 0 0 0 0 0 0 0 1 0 -1 0 2 0 0 -2 
0 0 1 0 0 0 0 0 0 0 0 0 2 0 2 0 0 0 0 0 0 0 0 0 0 1 0 0 1 0 1 2 0 -1 0 0 0 0 -1 -1 0 0 0 0 0 0 0 -2 2 0 -1 2 0 -1 0 0 0 0 0 0 0 0 0 0 -2 0 0 -2 0 -1 0 1 0 0 0 0 0 0 0 0 0 0 -1 -2 0 0 0 0 0 0 0 0 0 0 0 0 0 0 0 0 
0 0 0 0 -1 1 0 0 0 0 0 0 0 0 0 0 0 0 0 0 1 -1 0 -2 -2 0 0 1 0 0 0 0 0 0 0 0 0 0 0 0 2 0 -2 0 0 0 0 0 -2 0 0 0 0 0 0 0 0 -1 0 0 0 0 0 0 1 0 0 0 0 0 0 0 0 0 0 0 0 0 0 -1 0 0 0 0 0 0 0 0 0 0 0 0 -2 0 1 0 -2 0 0 0 
0 0 0 0 0 0 0 0 0 2 0 0 0 0 0 0 0 0 0 2 0 0 0 0 1 0 0 -1 1 0 0 0 0 1 0 0 0 1 0 0 -2 -2 0 0 0 0 0 0 0 0 0 0 0 -1 -2 0 0 0 0 0 -1 0 0 2 1 0 0 0 0 0 2 0 0 0 2 -2 0 0 0 0 0 0 -1 0 2 0 0 0 2 0 0 0 0 0 -2 0 0 0 0 0 
0 0 0 0 0 0 0 0 0 0 -1 0 0 1 0 0 -1 0 0 0 -2 0 0 0 0 0 0 0 2 1 0 0 0 0 0 0 1 -1 0 0 0 2 0 0 0 0 0 0 0 0 0 0 0 0 0 1 0 -2 0 0 0 0 0 0 0 -1 0 0 -2 0 0 2 0 0 0 0 0 0 -2 0 0 0 0 0 0 0 0 0 0 1 0 0 0 0 -1 0 0 0 2 0 
0 0 1 -1 0 -2 -2 0 -1 0 0 -2 0 0 0 1 0 0 0 0 0 0 0 0 -2 0 0 0 0 0 0 2 0 0 0 0 0 1 0 0 0 0 1 0 0 0 0 0 0 0 0 0 0 0 1 0 0 0 -2 -2 0 0 1 -2 0 0 -1 0 0 0 -1 0 0 0 0 0 0 0 0 0 2 0 0 0 0 0 0 2 0 0 0 0 1 0 0 2 0 0 -1 0 
0 0 0 0 0 0 0 0 0 0 0 0 0 -1 0 0 0 -2 -2 0 0 0 0 1 0 0 0 0 0 0 0 0 0 0 0 0 0 0 1 0 0 0 0 0 0 0 -1 1 0 0 0 0 0 2 0 0 0 0 0 0 0 0 2 0 0 -2 0 1 0 0 0 0 0 -1 0 0 0 0 -2 0 0 0 0 0 0 0 0 0 0 0 0 0 0 0 0 0 0 1 0 -1 
-2 0 0 0 0 0 0 0 0 0 0 0 0 0 0 0 0 0 0 0 0 0 0 -1 0 2 1 0 -2 -2 0 0 0 0 0 0 0 0 0 -2 0 0 1 0 0 0 0 0 0 0 0 0 0 0 0 0 0 1 0 0 0 0 0 0 0 2 0 0 1 0 -2 0 -1 0 -1 0 0 0 0 0 0 0 0 0 0 -1 0 0 1 1 0 0 1 0 2 0 0 0 -2 0 
0 0 0 0 0 0 0 0 0 0 0 0 -2 0 0 1 0 2 1 0 0 0 0 0 0 0 -1 0 0 0 0 0 0 0 0 0 1 0 0 0 0 1 0 -2 0 0 0 0 0 0 0 -2 0 0 0 0 0 0 0 -2 2 0 -2 0 0 0 0 0 0 2 0 0 0 0 0 0 0 0 0 2 1 2 -2 0 0 0 0 0 0 0 1 2 0 0 0 2 0 0 0 2 
0 0 -2 0 0 0 0 0 0 0 0 0 0 0 0 0 0 0 0 0 0 -1 0 1 0 0 0 0 -2 1 0 0 2 0 0 0 -1 0 -2 0 0 2 1 0 0 1 0 0 0 0 0 2 0 0 0 0 0 -2 0 0 0 0 0 0 0 -1 0 0 1 0 2 0 1 0 1 0 0 0 0 0 0 -1 1 0 0 0 0 0 -2 -1 0 0 0 0 0 0 0 0 0 0 
0 0 0 0 0 0 1 -2 0 1 0 0 0 0 0 -1 0 2 0 1 0 1 0 -1 0 -1 2 0 0 0 0 0 0 0 0 0 0 2 0 0 0 0 0 0 0 0 0 0 -2 1 2 0 0 0 0 0 0 0 0 0 0 0 0 0 0 0 0 1 0 0 0 0 0 0 0 -2 0 0 0 0 -2 -2 -1 0 0 0 0 0 0 0 0 0 0 0 0 -2 0 0 0 0 
0 0 0 0 0 0 0 0 0 0 0 0 0 0 0 2 0 0 2 0 0 0 0 0 0 0 0 0 0 0 0 -2 0 0 0 0 0 0 0 0 0 0 1 0 0 0 0 0 0 0 0 0 0 0 1 0 0 0 -2 0 0 0 0 0 -1 -2 2 0 -2 -1 0 0 0 0 0 0 0 0 0 -1 0 0 0 0 0 -1 -1 0 0 1 0 0 0 0 0 0 0 0 0 0 
0 0 2 0 -2 1 0 0 0 -1 -2 0 2 0 2 0 0 2 0 0 0 0 0 0 1 0 0 0 0 0 0 0 0 0 -2 1 0 -2 0 0 0 0 0 0 0 0 0 0 0 0 0 0 0 0 0 0 0 2 0 0 0 0 0 0 0 -1 0 0 0 0 0 0 0 0 0 0 0 0 0 0 0 0 0 0 1 1 0 0 0 -2 0 0 0 0 0 0 0 0 0 0 
0 0 0 0 0 0 0 0 0 0 0 0 0 0 0 0 0 0 0 1 1 0 0 0 0 0 0 0 0 0 2 0 0 0 0 0 1 0 0 0 0 0 0 0 1 0 0 0 0 0 0 0 0 -1 0 -1 0 1 -2 -1 2 0 0 0 0 0 0 0 1 0 0 1 0 0 0 0 0 0 0 0 0 0 0 0 0 0 -2 0 1 0 0 0 2 0 0 0 1 0 0 0 
0 0 -2 0 0 1 0 0 -2 0 0 0 0 0 0 0 0 0 0 2 0 -2 0 0 0 0 0 0 0 0 0 -2 0 0 0 0 0 0 0 0 0 0 0 0 0 0 0 0 0 0 -2 0 0 0 0 0 0 0 0 0 0 0 0 0 0 0 0 0 -1 1 0 0 -1 0 0 0 0 0 0 0 0 0 0 0 0 0 0 0 0 0 0 0 0 0 0 0 0 0 0 0 
0 0 -2 0 0 0 1 1 0 0 -2 2 0 0 0 0 0 0 0 0 0 1 -1 0 -2 -1 0 0 -2 0 0 1 0 0 1 0 0 0 0 0 0 0 0 0 0 -1 1 0 0 0 0 0 0 0 0 0 0 -1 0 0 0 0 0 0 1 1 0 0 0 -1 0 0 1 2 2 0 0 0 2 0 0 0 0 0 0 0 0 0 0 0 0 0 1 0 -1 0 0 0 2 0 
0 0 0 1 0 -2 0 0 0 0 0 1 0 0 1 0 0 0 0 -2 0 0 0 0 1 2 0 0 0 1 2 0 -2 1 0 0 0 0 -2 0 0 0 1 0 0 -2 0 0 0 0 -2 0 0 0 0 0 0 -1 0 0 0 0 0 0 0 0 -2 -2 0 1 0 0 0 0 0 0 0 0 0 0 0 -2 0 0 0 0 -1 0 0 -2 -1 0 -1 0 0 0 0 -1 0 0 
0 -2 0 0 0 0 0 0 0 0 2 0 0 2 0 0 0 0 0 0 0 0 0 0 0 0 -1 0 0 1 0 0 0 0 0 -2 0 0 0 0 0 -2 2 1 0 0 0 0 0 2 0 -1 0 0 0 0 0 2 0 -2 0 0 0 -1 0 0 0 1 0 0 0 -2 0 0 0 0 0 0 0 0 0 0 0 0 0 0 0 0 0 0 0 0 0 -1 0 0 0 0 0 0 
2 1 0 0 -2 0 0 0 -2 -2 1 0 0 0 0 0 0 0 0 0 0 0 0 0 2 0 0 0 0 0 0 0 0 0 0 0 0 0 0 0 0 0 0 0 -2 0 -2 0 0 0 0 0 -1 0 0 0 0 0 0 0 0 0 0 0 0 0 0 2 0 0 1 0 0 0 0 0 0 0 0 2 0 0 0 1 0 0 -1 0 0 0 0 0 0 0 0 0 0 0 0 0 
0 -1 0 0 0 0 0 0 0 0 0 0 0 0 0 1 0 0 0 0 0 1 -2 0 0 0 0 0 2 0 1 -1 0 0 0 0 0 0 0 0 0 0 2 0 0 0 0 0 0 0 0 0 0 1 -1 0 0 -2 0 0 0 0 0 0 0 0 1 0 2 0 0 0 0 2 0 0 0 0 0 0 -1 0 0 -2 0 2 0 0 0 0 -2 0 0 0 0 1 0 0 0 0 
0 0 0 0 0 0 0 0 0 0 -2 0 0 2 0 0 0 0 1 0 0 0 0 2 1 1 -2 0 0 0 0 0 0 0 0 0 0 0 1 0 0 -2 0 0 2 1 0 0 0 0 0 -2 0 0 0 0 2 2 0 0 0 0 0 0 0 0 -2 0 0 0 0 0 0 0 0 1 -2 0 0 0 0 0 0 0 0 0 2 -1 0 0 0 0 0 0 0 1 0 0 0 0 
0 0 0 -2 0 0 0 0 0 0 0 0 0 0 0 0 0 0 0 1 1 0 0 0 0 0 2 0 0 0 0 0 0 1 0 -1 0 0 0 1 0 0 0 0 0 0 0 0 0 0 0 0 2 0 0 0 0 0 0 -2 0 0 0 0 0 0 -1 0 0 0 0 -2 0 0 0 0 0 0 0 -2 0 0 0 0 0 0 0 0 0 1 0 0 -1 0 0 1 0 -1 0 1 
0 0 0 0 1 -1 0 0 0 -2 0 0 1 0 0 2 0 0 0 0 2 0 -1 0 0 0 0 0 0 0 2 0 0 0 0 0 0 2 0 0 0 0 0 0 -1 0 0 0 0 0 0 0 0 0 0 0 0 0 0 0 0 1 0 0 -2 0 0 0 0 0 0 0 0 0 0 0 0 0 0 0 1 0 0 0 0 1 0 0 0 0 1 0 0 0 0 0 0 0 0 0 
0 0 0 2 1 0 0 0 0 0 0 -1 1 0 1 0 0 0 0 0 0 0 0 1 -1 0 0 0 0 2 0 0 0 0 2 0 0 0 0 0 0 0 0 0 0 0 0 0 0 0 0 0 2 0 0 -1 0 0 -1 2 0 1 2 0 1 0 0 0 0 -1 0 1 -1 2 0 0 0 0 0 0 0 0 0 0 2 0 0 0 -2 0 0 1 0 0 0 0 0 0 0 0 
0 0 0 0 0 0 0 0 0 -2 0 0 -1 0 0 2 0 2 0 -2 0 0 0 0 0 -2 0 0 0 0 1 0 2 0 0 0 -1 0 1 0 0 2 0 -1 0 0 0 0 1 0 0 0 0 0 0 0 -2 0 0 0 0 2 0 0 -2 0 0 -1 0 -1 -1 -2 0 -1 0 -2 -2 0 0 0 2 1 0 0 0 -2 2 0 0 0 0 0 0 0 1 0 -1 2 0 0 
2 0 1 0 0 0 0 1 -2 0 0 0 0 0 0 -2 0 0 0 0 0 0 0 1 0 0 0 0 0 0 0 0 0 -2 0 0 0 1 0 0 0 0 0 0 0 0 0 0 0 0 -1 0 0 0 0 2 0 -2 0 -2 0 0 0 0 2 0 -1 0 0 0 -2 0 0 -1 1 0 0 2 0 1 1 0 0 0 0 1 2 0 0 0 0 0 0 0 0 0 0 0 0 0 
1 0 0 0 0 2 0 0 0 -1 0 0 0 -1 -2 0 0 -2 0 0 0 0 0 0 -1 0 0 2 0 0 0 0 0 0 0 0 0 -1 0 0 0 1 1 0 0 0 0 0 -1 -1 0 0 0 0 0 0 0 0 0 0 0 0 0 0 0 -2 0 2 0 0 0 0 -2 0 0 0 0 0 -1 0 0 -1 0 0 0 0 0 0 2 1 0 0 0 0 0 0 -1 2 0 0 
0 0 0 0 1 1 0 2 0 0 2 0 0 0 0 0 0 0 0 -2 0 0 0 0 0 0 -1 0 0 0 0 0 0 0 0 0 0 0 0 0 0 0 0 0 0 0 0 0 0 0 -2 0 0 0 0 -1 0 0 -2 0 0 0 0 0 0 0 0 0 0 0 0 0 2 0 0 -1 -2 0 0 -2 0 0 0 0 0 0 0 0 0 0 0 1 0 -1 0 0 0 1 -1 0 

1 9 1 1 6 3 9 8 2 4 2 9 6 6 6 8 9 3 6 5 2 3 6 6 7 1 4 3 5 2 7 8 1 4 4 10 5 7 9 10 4 8 4 2 4 4 6 7 6 4 