50 100
1 1 -1 0 -1 -1 1 1 -1 0 0 1 0 0 -1 -1 0 0 -1 0 0 -1 1 0 0 1 1 0 1 0 0 1 -1 0 -1 0 0 0 -1 1 0 0 0 -1 0 -1 -1 0 0 0 1 -1 0 0 0 -1 1 0 0 0 -1 -1 1 0 -1 1 -1 1 0 0 0 -1 -1 0 0 0 1 1 0 -1 -1 0 1 0 -1 1 1 -1 0 0 0 0 0 0 0 0 0 1 0 0 
-1 0 0 -1 0 0 -1 1 -1 0 0 0 0 1 -1 1 1 1 0 -1 -1 1 1 -1 1 1 -1 0 0 0 -1 0 1 -1 -1 1 1 0 -1 -1 1 0 1 1 1 1 0 1 -1 0 0 1 -1 0 0 0 0 1 0 1 -1 0 -1 0 1 1 0 0 0 -1 -1 0 0 -1 0 0 -1 0 0 0 0 0 0 0 0 1 -1 0 1 0 0 0 0 -1 1 -1 -1 1 0 -1 
-1 0 -1 -1 0 0 0 1 0 0 0 0 0 0 0 -1 1 0 1 1 0 -1 0 0 0 0 1 1 -1 1 -1 1 1 1 1 1 0 0 0 0 -1 -1 1 0 0 0 -1 -1 -1 0 1 0 0 1 1 0 0 0 1 1 0 0 -1 0 -1 0 -1 0 -1 0 -1 -1 0 0 1 -1 0 0 0 0 -1 0 0 -1 1 -1 1 1 -1 0 0 0 0 0 -1 0 -1 0 0 0 
1 0 0 1 1 1 1 -1 0 -1 0 1 1 1 1 1 1 0 0 -1 -1 1 1 0 1 -1 -1 0 1 1 1 0 -1 0 1 0 0 -1 0 0 0 1 1 -1 -1 0 -1 0 0 0 0 0 0 0 0 0 -1 -1 1 0 0 0 -1 0 0 0 1 0 1 1 0 0 1 0 1 0 0 0 0 0 1 0 0 0 0 -1 -1 0 -1 0 0 -1 0 -1 1 1 0 0 0 0 
0 -1 -1 0 0 -1 1 0 1 0 0 -1 -1 1 0 -1 0 0 -1 0 1 0 0 0 0 0 0 0 1 1 0 0 0 -1 -1 0 -1 -1 0 0 0 0 0 0 -1 1 1 1 0 0 1 1 -1 0 0 0 0 -1 0 0 0 0 0 0 1 1 -1 0 -1 -1 0 1 -1 1 0 1 1 -1 1 -1 0 -1 1 0 0 0 1 -1 0 1 0 -1 0 -1 0 0 -1 0 0 0 
0 1 0 0 0 1 0 -1 -1 -1 -1 0 1 0 0 -1 -1 0 1 1 0 1 0 0 -1 0 0 0 0 -1 1 0 0 0 1 0 1 -1 -1 0 -1 0 1 0 0 1 1 -1 1 1 0 0 -1 1 -1 -1 0 0 0 1 0 0 -1 0 0 1 0 1 0 0 0 0 1 1 -1 0 0 0 0 0 -1 0 0 -1 0 1 0 1 0 -1 0 1 0 0 0 0 1 1 1 0 
1 0 -1 1 0 0 1 1 0 0 0 0 0 -1 -1 -1 -1 -1 -1 0 -1 0 1 0 0 0 1 -1 0 0 1 0 1 0 -1 1 0 -1 -1 -1 0 0 1 1 0 0 1 -1 1 1 1 0 1 1 -1 -1 -1 1 0 1 0 0 0 1 0 1 0 0 0 1 1 0 1 1 0 -1 0 0 0 -1 0 0 -1 0 -1 1 1 0 -1 -1 0 -1 0 -1 1 0 1 1 -1 0 
1 -1 0 0 -1 -1 1 0 -1 0 1 0 0 1 1 1 0 1 0 -1 1 0 0 -1 1 -1 1 0 0 1 0 0 0 1 1 0 0 0 0 -1 1 0 0 1 -1 -1 0 1 -1 1 -1 0 1 1 0 0 -1 0 1 -1 0 0 -1 1 1 -1 0 1 0 -1 0 1 0 1 0 -1 -1 -1 0 1 -1 0 0 0 -1 -1 -1 1 1 0 1 -1 -1 -1 0 -1 -1 0 0 -1 
0 -1 1 0 0 -1 0 0 0 0 0 0 1 1 0 0 -1 1 1 1 1 -1 1 -1 -1 -1 0 -1 -1 0 0 -1 1 -1 1 -1 0 -1 -1 0 1 0 -1 1 0 1 -1 0 1 1 0 0 0 1 0 1 -1 -1 -1 0 1 0 1 0 -1 1 -1 0 1 -1 0 1 -1 0 0 1 -1 -1 0 -1 0 0 0 0 0 0 0 1 -1 -1 0 0 -1 1 0 0 -1 -1 0 1 
0 1 0 0 0 1 -1 0 0 -1 -1 -1 -1 0 1 0 0 0 1 1 -1 0 0 0 0 0 -1 -1 0 -1 0 1 -1 0 -1 -1 -1 0 1 0 0 0 1 0 0 -1 0 0 -1 0 -1 0 0 1 0 1 1 0 0 0 0 1 0 0 1 1 0 0 0 0 0 -1 0 -1 0 0 1 1 1 0 0 -1 1 -1 0 0 -1 0 1 0 0 -1 -1 0 -1 -1 0 -1 0 0 
1 1 1 1 0 0 -1 0 0 0 0 0 1 0 0 -1 0 0 0 0 0 1 0 0 -1 0 0 0 1 1 -1 1 0 0 0 -1 1 0 0 -1 -1 0 0 0 0 1 0 0 -1 -1 0 0 0 0 0 1 0 1 -1 0 0 1 0 0 0 0 0 0 -1 0 0 1 1 0 -1 -1 1 -1 1 1 -1 0 -1 1 1 0 -1 1 0 1 0 0 1 -1 1 0 1 0 1 -1 
0 -1 0 0 0 1 -1 0 -1 0 1 1 1 1 -1 0 -1 1 0 0 -1 0 0 1 -1 0 1 1 0 -1 -1 -1 0 0 0 1 1 1 0 0 -1 1 0 0 -1 1 1 0 -1 -1 1 -1 -1 0 0 0 1 0 -1 0 -1 1 0 0 -1 1 -1 0 1 0 1 0 -1 -1 0 0 0 0 0 0 1 0 0 0 -1 0 -1 0 -1 -1 1 0 0 0 -1 0 1 0 1 -1 
-1 0 0 1 -1 0 0 -1 1 1 1 1 -1 -1 0 1 -1 -1 0 0 0 0 0 0 -1 -1 0 0 1 1 1 1 -1 0 1 0 0 -1 -1 0 -1 -1 0 0 0 -1 0 0 0 0 -1 1 1 1 0 0 0 0 0 0 0 0 0 0 1 0 1 0 0 0 0 0 0 -1 1 0 -1 1 1 -1 0 -1 0 1 0 -1 0 1 -1 0 -1 -1 0 0 -1 0 1 0 -1 0 
-1 1 -1 0 0 -1 -1 -1 -1 0 0 -1 1 0 1 -1 1 0 0 -1 1 -1 -1 1 -1 0 1 0 0 -1 -1 -1 0 -1 0 -1 1 0 0 1 0 0 0 1 0 0 0 0 -1 0 0 -1 1 -1 0 -1 0 0 0 1 0 -1 -1 1 0 0 0 1 1 -1 0 -1 0 1 0 1 0 -1 0 0 0 1 -1 1 0 0 -1 0 0 -1 1 0 0 0 0 1 0 0 -1 1 
1 -1 0 -1 -1 0 0 0 0 0 -1 0 0 0 1 0 0 1 -1 1 1 0 0 0 0 0 0 -1 0 -1 0 -1 0 1 0 -1 0 0 0 0 0 0 0 0 -1 0 0 -1 0 0 0 0 -1 -1 1 -1 0 0 0 1 0 0 1 1 -1 0 0 1 0 -1 0 0 0 0 1 0 0 -1 0 -1 -1 0 0 -1 0 1 0 0 0 1 0 0 -1 0 0 1 1 0 0 1 
0 1 0 -1 -1 1 0 -1 1 0 0 0 0 1 0 0 0 -1 0 0 0 -1 0 -1 -1 0 -1 0 0 0 -1 1 -1 -1 0 1 0 1 0 0 0 0 0 0 1 1 -1 1 1 -1 0 -1 0 -1 -1 -1 1 1 0 0 1 0 0 0 -1 -1 1 1 1 0 0 1 0 -1 0 0 0 0 0 -1 0 -1 0 0 1 1 1 1 0 0 0 0 1 0 -1 -1 1 1 -1 -1 
0 0 -1 0 1 1 -1 0 0 0 0 1 0 -1 -1 0 -1 0 -1 0 1 0 -1 1 0 1 1 1 0 0 0 0 -1 1 0 0 1 -1 -1 -1 1 -1 -1 0 -1 1 -1 -1 -1 1 -1 0 1 0 0 1 -1 1 1 1 -1 0 0 1 0 -1 1 1 1 0 1 -1 0 -1 -1 1 0 1 -1 0 1 0 -1 0 1 1 -1 -1 0 0 1 0 0 0 0 0 1 0 1 0 
1 0 0 1 1 0 0 1 1 -1 0 -1 -1 -1 0 -1 0 0 1 0 0 -1 -1 1 1 -1 0 -1 0 0 0 0 0 0 0 0 1 1 0 -1 0 -1 0 0 -1 -1 1 0 -1 0 0 1 0 1 0 0 -1 1 0 1 1 0 1 0 1 0 0 0 1 1 1 0 1 0 -1 0 0 1 0 1 -1 -1 -1 0 0 0 0 -1 0 0 1 1 1 1 0 -1 0 1 1 0 
-1 1 0 0 1 1 1 -1 0 0 0 -1 -1 1 1 1 -1 -1 1 0 1 -1 -1 -1 0 1 0 0 0 0 0 1 0 0 1 1 1 -1 -1 0 0 0 1 1 1 -1 0 -1 0 1 0 0 1 1 0 0 0 -1 -1 0 0 -1 -1 1 0 -1 1 0 -1 0 0 -1 0 0 -1 1 1 1 0 -1 0 0 0 -1 1 1 0 -1 -1 0 -1 1 1 0 1 1 0 0 -1 1 
1 0 0 1 0 0 -1 -1 -1 -1 0 0 0 0 -1 0 0 0 1 0 0 -1 -1 0 0 0 1 1 0 -1 0 1 0 0 0 1 -1 -1 -1 1 1 1 0 1 0 -1 1 -1 0 0 0 1 -1 0 0 1 -1 0 0 0 1 1 -1 0 1 1 1 0 0 -1 1 0 0 0 -1 0 -1 1 -1 0 1 -1 0 0 0 0 0 0 1 0 1 -1 -1 0 -1 1 -1 0 0 0 
1 1 -1 1 0 1 -1 -1 1 0 0 1 -1 0 0 -1 -1 -1 0 1 0 0 1 -1 0 1 0 -1 1 1 -1 -1 -1 0 1 -1 -1 -1 1 1 0 0 -1 1 0 0 1 0 0 -1 -1 0 0 0 0 0 0 1 1 0 0 0 0 1 0 0 1 0 -1 0 0 -1 0 -1 1 -1 0 0 0 -1 0 -1 0 -1 -1 -1 0 1 -1 0 1 -1 1 1 0 -1 1 0 1 0 
1 0 1 1 1 -1 0 0 -1 -1 -1 1 0 0 0 1 0 0 -1 1 -1 1 1 0 -1 1 0 0 -1 1 0 -1 -1 0 -1 0 0 0 0 0 1 0 1 1 0 -1 1 -1 1 1 1 1 -1 0 0 0 -1 -1 0 0 -1 0 0 0 -1 0 1 1 0 0 0 1 0 1 -1 0 -1 1 -1 1 -1 -1 0 -1 0 -1 1 -1 1 -1 -1 0 0 0 0 1 -1 -1 -1 0 
0 1 -1 -1 1 1 0 -1 -1 1 0 1 0 0 0 1 -1 1 0 0 0 -1 -1 0 0 -1 0 0 0 0 0 1 -1 -1 1 1 0 1 -1 -1 -1 0 -1 0 1 0 -1 -1 0 0 1 0 0 1 0 0 -1 0 0 0 0 0 0 1 -1 1 1 0 0 1 0 0 -1 0 0 0 0 0 -1 -1 0 -1 -1 0 0 1 0 0 0 1 -1 1 0 0 -1 0 -1 -1 -1 0 
1 0 0 0 0 0 1 1 0 0 0 0 -1 -1 0 -1 1 0 1 1 0 -1 0 1 -1 0 -1 1 0 -1 -1 0 0 1 1 0 1 0 -1 -1 0 1 -1 -1 -1 0 0 -1 0 0 0 1 0 1 -1 1 -1 1 0 1 -1 1 0 0 -1 0 0 0 0 0 0 1 0 -1 0 -1 -1 0 -1 -1 0 0 0 -1 -1 0 0 0 0 1 1 0 -1 0 0 1 0 -1 1 -1 
0 0 0 0 -1 1 0 0 0 -1 -1 0 -1 0 -1 -1 1 -1 0 -1 0 0 0 1 1 0 0 0 0 1 0 -1 1 0 0 1 0 1 0 1 1 0 0 -1 1 0 -1 0 -1 0 0 1 0 0 0 0 -1 0 0 -1 -1 1 1 1 0 0 1 0 1 0 1 1 -1 0 1 1 -1 0 0 0 -1 1 1 0 -1 0 0 -1 -1 1 -1 0 1 0 0 -1 1 -1 1 0 
1 1 0 0 -1 0 1 -1 -1 -1 1 -1 1 1 0 1 0 0 0 0 0 0 0 1 -1 0 1 0 1 1 -1 -1 0 1 0 0 -1 0 -1 0 0 1 1 -1 1 0 0 0 1 0 -1 -1 0 1 0 0 0 0 0 -1 -1 0 0 1 1 1 1 1 0 0 -1 1 0 0 -1 1 0 0 1 1 0 -1 1 0 0 -1 0 0 0 1 0 -1 0 -1 -1 0 0 -1 0 0 
1 1 1 -1 0 1 0 0 0 1 0 0 1 -1 1 0 0 0 0 0 0 -1 1 0 0 1 1 -1 0 0 0 0 -1 0 1 0 0 0 0 1 -1 0 0 0 1 0 0 0 -1 1 -1 1 1 0 0 -1 -1 -1 0 0 0 0 1 1 -1 1 -1 -1 0 -1 0 -1 0 1 0 0 0 0 0 0 0 1 -1 0 0 1 1 1 0 0 0 0 -1 1 0 1 1 1 -1 0 
0 0 1 0 1 1 0 -1 1 0 0 0 1 0 -1 -1 0 0 0 1 0 1 1 0 0 1 -1 0 0 0 1 0 0 1 0 0 0 1 0 0 0 0 0 0 0 0 1 0 -1 1 0 1 -1 0 -1 1 1 1 -1 1 0 -1 1 -1 0 1 0 -1 1 -1 1 1 1 0 1 1 -1 -1 0 1 -1 0 0 -1 -1 1 1 0 0 -1 0 -1 -1 1 1 0 0 0 0 0 
0 0 -1 1 0 0 0 0 1 0 0 0 -1 1 -1 1 0 0 0 0 -1 0 1 0 0 -1 1 -1 0 0 0 0 -1 -1 1 1 1 -1 1 -1 0 0 -1 0 1 -1 -1 1 0 1 0 0 0 0 -1 0 1 0 -1 1 0 0 0 1 1 1 0 1 0 0 1 -1 0 1 0 1 1 -1 0 -1 1 -1 -1 1 1 0 0 -1 0 1 1 0 -1 -1 1 -1 -1 -1 0 -1 
1 1 1 0 -1 0 -1 -1 1 -1 1 1 0 -1 0 1 0 -1 -1 0 1 0 -1 -1 0 0 0 1 -1 -1 0 0 1 0 0 0 1 0 0 0 0 0 -1 -1 0 1 -1 0 -1 1 1 0 -1 -1 1 0 -1 0 0 0 0 -1 -1 1 -1 1 0 -1 0 1 0 -1 0 0 -1 0 1 0 1 0 1 1 -1 0 1 0 -1 0 0 1 0 0 1 1 0 0 0 -1 0 0 
1 0 1 0 1 -1 0 -1 1 1 1 -1 0 0 1 0 1 -1 0 0 -1 0 -1 0 0 0 0 0 1 -1 0 -1 0 1 0 0 0 -1 0 0 0 1 1 -1 -1 -1 1 0 0 0 1 0 0 0 0 0 -1 1 0 1 0 0 0 1 0 1 1 0 1 0 0 1 0 1 0 0 1 -1 1 -1 0 1 1 -1 0 1 -1 -1 1 0 0 -1 1 1 0 -1 -1 0 -1 0 
-1 0 1 0 1 0 1 1 0 0 0 1 0 1 1 -1 0 -1 -1 1 1 0 0 -1 0 0 1 0 1 0 -1 -1 -1 0 1 0 1 0 1 -1 0 1 -1 0 0 1 -1 0 1 0 -1 0 -1 0 0 1 1 0 0 1 0 0 -1 -1 0 0 -1 -1 1 -1 0 1 -1 1 1 0 0 0 -1 0 0 1 0 0 -1 0 -1 0 1 1 0 -1 0 -1 -1 1 -1 0 -1 0 
0 -1 0 0 0 0 -1 1 -1 0 -1 0 0 0 -1 1 1 0 1 0 1 -1 0 -1 -1 0 1 0 0 -1 0 0 1 0 1 -1 0 0 1 0 1 -1 0 0 -1 -1 0 0 0 1 0 1 -1 -1 0 0 0 0 0 0 1 0 0 -1 -1 1 0 0 0 0 1 1 -1 0 1 1 0 1 0 0 0 0 1 0 -1 -1 1 -1 -1 1 0 -1 1 1 0 1 -1 -1 -1 0 
0 0 0 1 1 1 0 0 0 -1 -1 -1 1 -1 0 0 0 1 0 0 0 -1 0 1 1 -1 0 0 1 0 0 -1 0 -1 0 1 0 0 -1 0 0 0 -1 -1 1 -1 0 1 0 1 0 1 0 -1 0 -1 -1 -1 0 0 0 -1 -1 -1 0 1 1 1 0 1 1 -1 1 1 0 -1 -1 0 0 1 1 1 -1 0 1 0 0 -1 0 -1 0 -1 1 1 0 0 -1 1 1 0 
1 -1 0 -1 0 -1 0 1 1 0 -1 0 0 -1 0 -1 -1 -1 -1 0 -1 1 0 0 0 -1 0 -1 0 0 0 0 0 1 -1 0 0 0 0 -1 0 -1 0 0 1 1 -1 -1 -1 1 0 1 0 0 1 0 0 1 1 -1 0 0 0 1 0 0 0 0 0 1 -1 0 1 1 0 -1 0 0 -1 0 0 -1 0 0 0 0 1 1 1 -1 1 1 0 -1 0 0 1 1 -1 -1 
0 0 0 -1 0 -1 0 0 -1 1 -1 0 -1 0 -1 0 -1 0 1 -1 1 0 -1 0 1 1 1 0 -1 0 0 1 1 0 0 0 0 -1 0 -1 -1 -1 1 0 1 0 -1 0 1 1 0 0 0 -1 -1 0 -1 1 0 1 0 -1 0 0 1 0 1 -1 0 0 -1 0 -1 0 1 0 -1 1 0 1 0 -1 1 1 1 1 0 -1 -1 -1 0 1 0 0 0 0 0 0 0 0 
0 -1 0 0 1 1 0 1 0 0 -1 -1 0 1 -1 1 -1 0 1 1 -1 0 0 0 0 0 -1 1 1 -1 0 -1 -1 0 -1 -1 -1 1 -1 -1 0 0 0 -1 1 -1 0 1 0 0 0 0 0 0 -1 1 0 0 0 -1 0 1 1 1 1 -1 1 1 0 0 -1 1 0 -1 -1 1 -1 1 0 0 0 0 -1 1 0 -1 0 1 1 1 1 -1 0 0 0 -1 0 0 -1 0 
0 0 0 0 1 0 1 -1 0 -1 -1 1 0 0 0 0 -1 0 -1 1 0 0 1 1 1 0 1 1 1 0 0 -1 0 1 0 -1 1 -1 -1 0 -1 0 -1 0 0 0 1 1 1 -1 0 -1 0 1 0 -1 0 0 1 -1 -1 -1 1 0 0 -1 -1 -1 -1 0 1 1 1 -1 0 1 1 1 0 1 0 0 1 0 0 0 -1 0 -1 -1 0 -1 -1 -1 -1 0 1 0 1 -1 
1 0 0 0 0 0 0 0 1 0 0 0 -1 0 -1 1 1 -1 0 0 -1 1 -1 0 -1 0 0 -1 1 0 0 0 0 0 1 0 0 0 -1 1 -1 0 0 0 0 0 -1 0 0 0 1 -1 -1 0 1 0 -1 -1 1 0 1 -1 0 -1 0 1 0 1 0 0 -1 0 1 0 0 1 1 0 0 -1 1 1 0 -1 -1 0 0 0 1 0 -1 0 1 1 1 0 0 0 -1 0 
-1 -1 -1 1 0 -1 1 1 -1 1 0 -1 1 1 1 0 -1 1 1 1 0 0 0 0 0 0 0 0 0 0 -1 1 1 0 0 0 0 1 -1 -1 0 1 0 1 0 0 1 1 -1 -1 0 -1 -1 1 -1 1 0 1 -1 1 1 -1 -1 -1 1 1 0 0 0 1 0 1 1 -1 0 0 -1 1 -1 1 -1 -1 1 -1 -1 0 0 0 0 1 -1 0 -1 0 0 0 -1 -1 0 0 
1 -1 0 1 -1 0 0 -1 -1 0 0 0 0 0 0 0 1 0 0 0 1 1 1 -1 1 0 1 1 1 1 -1 0 0 1 1 1 0 0 0 0 1 0 0 0 0 0 0 1 -1 1 0 0 0 0 0 0 -1 0 0 -1 0 0 1 0 1 -1 1 0 0 0 0 1 -1 -1 0 1 0 1 0 0 1 -1 -1 0 1 -1 0 1 -1 1 -1 0 1 0 0 0 0 -1 0 0 
-1 0 0 -1 -1 0 1 0 1 -1 -1 0 -1 -1 1 0 1 1 1 0 1 0 1 0 0 0 1 0 1 -1 1 -1 1 -1 1 0 1 1 1 -1 -1 0 0 1 0 0 -1 1 1 1 0 1 0 0 0 0 -1 -1 0 0 0 1 1 1 -1 -1 0 1 1 -1 -1 1 -1 1 -1 1 1 1 0 0 0 1 1 0 -1 -1 0 0 0 0 0 0 -1 0 1 1 0 -1 0 0 
-1 0 1 0 1 0 1 0 0 0 0 0 1 0 0 1 0 0 0 1 -1 0 -1 1 1 -1 0 0 0 1 -1 0 -1 0 0 -1 0 0 1 1 1 0 0 0 -1 1 -1 1 0 -1 0 0 -1 0 -1 0 1 0 1 1 1 -1 0 0 0 0 0 0 0 0 -1 0 0 0 1 0 0 1 1 1 0 0 -1 0 0 0 0 0 1 -1 -1 0 0 0 0 -1 -1 -1 1 0 
0 1 0 1 0 -1 -1 -1 0 1 0 0 0 0 0 -1 0 0 0 0 0 -1 0 -1 0 0 0 1 -1 1 -1 0 0 0 -1 0 0 0 1 1 1 -1 0 0 0 1 -1 1 -1 0 0 -1 1 1 1 0 -1 0 0 0 0 1 -1 1 0 0 -1 1 -1 -1 1 0 1 0 1 -1 1 0 0 1 0 0 0 1 0 1 0 0 1 -1 0 0 0 -1 0 -1 -1 -1 -1 0 
1 0 0 0 0 1 0 1 -1 0 0 0 0 0 -1 0 0 0 1 1 0 -1 -1 1 0 -1 0 0 0 -1 -1 0 0 1 0 0 0 -1 -1 0 0 0 0 1 1 0 -1 0 0 0 0 0 0 0 -1 0 0 0 0 1 1 -1 0 -1 0 0 -1 1 0 1 0 -1 0 0 0 1 0 0 -1 1 1 0 0 0 1 0 0 0 -1 1 0 1 1 -1 0 0 0 1 1 0 
1 0 0 -1 1 0 0 0 0 0 0 0 0 0 -1 -1 -1 -1 0 0 -1 0 1 0 -1 1 0 0 1 1 -1 0 0 0 0 0 0 1 0 0 0 1 -1 0 1 0 0 -1 -1 0 1 1 1 0 1 1 0 -1 1 0 1 1 1 0 1 0 0 -1 -1 1 -1 0 0 -1 0 1 0 -1 0 -1 0 0 0 -1 1 0 0 -1 0 0 1 1 0 1 -1 0 0 0 0 -1 
-1 0 1 1 0 1 0 1 0 0 1 0 0 -1 -1 -1 -1 0 0 1 -1 1 1 1 -1 0 -1 -1 0 -1 0 1 1 -1 -1 -1 0 -1 1 1 1 0 -1 0 1 0 1 1 0 0 1 0 1 -1 0 0 0 1 0 1 -1 1 0 -1 0 -1 -1 0 -1 0 -1 0 0 0 0 0 0 1 0 -1 0 -1 -1 0 1 1 0 0 0 0 0 0 0 1 -1 0 0 1 0 1 
-1 0 -1 0 0 0 -1 -1 0 -1 -1 0 0 -1 -1 0 0 0 1 0 1 -1 0 -1 -1 0 1 -1 0 1 1 0 0 -1 0 0 0 0 1 -1 0 0 0 0 -1 0 -1 0 0 -1 -1 -1 1 0 0 -1 -1 1 -1 0 0 -1 0 0 0 -1 -1 1 0 1 0 1 0 1 0 0 -1 -1 -1 1 -1 0 -1 0 0 1 0 0 0 1 0 -1 -1 -1 0 1 0 -1 -1 -1 
1 1 0 1 0 0 0 0 0 0 0 1 0 0 1 0 0 -1 -1 -1 -1 0 1 0 0 -1 0 -1 0 0 0 0 0 -1 0 -1 0 1 0 1 0 0 1 1 0 0 0 0 -1 -1 -1 0 0 1 0 -1 1 0 0 0 0 0 1 1 1 -1 -1 -1 1 -1 -1 0 0 0 -1 -1 0 1 0 1 0 0 1 0 0 -1 0 0 0 1 1 -1 0 1 -1 1 -1 -1 1 1 
1 1 -1 -1 0 -1 -1 -1 1 0 0 0 -1 0 0 0 -1 0 0 -1 1 -1 0 -1 -1 0 -1 0 1 -1 0 1 0 0 1 0 0 -1 -1 0 1 -1 1 -1 -1 0 0 -1 0 1 0 -1 0 0 1 0 0 1 0 0 -1 0 -1 0 1 0 1 1 0 1 1 0 1 0 0 1 0 1 1 0 0 -1 -1 1 -1 0 0 0 0 -1 0 -1 0 0 1 0 0 0 0 1 

3 2 10 1 8 2 1 3 9 3 7 7 10 10 9 8 10 7 7 1 2 6 6 5 3 1 2 1 9 9 5 7 2 9 2 6 8 8 5 8 5 3 10 7 2 2 4 2 1 5 