50 100
1 0 -1 -1 0 0 0 1 -1 1 -1 -1 0 1 0 0 0 0 0 -1 0 0 -1 0 1 0 0 0 0 0 -1 -1 1 -1 -1 0 0 0 -1 0 1 -1 -1 0 0 0 0 1 0 0 -1 -1 0 0 1 -1 0 0 0 0 0 1 0 1 0 0 -1 -1 1 0 0 1 0 0 -1 1 1 0 0 -1 -1 -1 0 -1 0 1 0 -1 1 0 0 -1 0 0 1 0 -1 -1 1 0 
1 0 0 -1 0 0 1 0 0 0 1 1 1 0 0 1 1 -1 1 1 0 -1 0 1 0 0 0 1 0 -1 0 1 1 0 -1 0 0 -1 0 1 0 -1 0 0 0 0 -1 0 1 0 1 1 1 -1 -1 0 0 0 0 1 1 0 1 0 0 -1 1 -1 1 -1 0 1 0 1 1 1 1 0 0 0 0 1 0 -1 0 -1 0 -1 0 0 -1 0 1 1 0 1 -1 1 0 -1 
1 0 0 0 -1 -1 1 1 -1 1 0 0 1 1 0 0 0 -1 1 1 0 0 0 0 0 0 0 1 1 0 0 -1 -1 1 0 0 1 1 0 0 0 1 0 1 0 -1 0 0 0 0 0 -1 -1 -1 0 -1 0 -1 -1 0 0 -1 1 0 0 0 0 -1 -1 0 0 -1 0 1 1 0 1 0 0 0 0 -1 0 0 1 1 1 0 1 0 0 1 -1 0 1 0 1 -1 0 -1 
0 1 1 0 0 -1 0 0 0 1 1 1 0 -1 1 -1 -1 1 -1 0 -1 1 -1 0 -1 0 -1 0 -1 -1 0 1 1 0 0 1 -1 -1 0 0 0 1 0 1 0 -1 0 0 -1 1 1 -1 0 -1 0 0 0 -1 -1 1 1 -1 0 0 -1 0 0 1 1 0 -1 -1 -1 0 0 0 -1 0 -1 -1 0 1 -1 1 -1 1 0 1 1 -1 0 0 0 -1 -1 0 0 0 0 0 
0 -1 0 0 0 1 0 0 1 0 0 0 -1 -1 1 0 0 0 1 0 0 -1 0 1 0 1 0 -1 1 1 0 1 0 1 1 0 0 1 0 1 0 0 0 1 -1 1 0 1 0 0 0 -1 -1 0 1 1 1 0 0 -1 -1 -1 0 0 0 1 0 0 0 1 0 1 -1 1 1 0 0 1 0 0 -1 1 -1 1 0 -1 0 0 0 0 0 0 0 -1 -1 0 1 1 -1 0 
-1 0 1 1 0 -1 1 0 0 0 1 -1 1 1 1 -1 -1 1 0 -1 1 0 1 1 1 0 0 -1 1 -1 0 0 0 0 -1 -1 0 0 1 0 -1 0 0 1 0 0 -1 -1 0 0 0 0 -1 0 0 0 1 0 -1 1 1 0 0 0 0 0 0 0 1 0 0 0 1 1 0 0 -1 0 0 0 1 1 1 0 0 0 0 0 1 1 1 1 -1 1 1 -1 0 1 -1 -1 
-1 0 0 0 -1 0 -1 -1 0 0 0 1 -1 1 1 -1 1 0 0 0 -1 1 1 0 0 1 0 0 1 -1 -1 -1 -1 -1 0 -1 0 0 0 -1 -1 0 1 1 -1 0 0 0 0 -1 -1 0 -1 0 0 0 0 1 0 0 0 -1 -1 0 1 0 -1 0 0 1 1 1 0 0 1 0 0 -1 -1 0 0 1 0 0 -1 0 0 0 1 0 0 1 1 0 -1 0 -1 0 0 1 
0 0 -1 0 0 0 1 1 0 -1 0 -1 -1 1 -1 0 -1 -1 0 0 0 -1 0 1 1 0 1 0 0 0 -1 -1 0 1 0 -1 1 0 0 -1 0 -1 1 1 0 -1 -1 1 -1 0 0 -1 -1 -1 0 0 0 0 -1 -1 0 0 1 0 -1 0 0 0 -1 -1 -1 -1 -1 1 1 -1 1 -1 0 0 -1 0 -1 -1 0 0 1 0 0 -1 -1 -1 -1 -1 0 0 0 -1 0 1 
-1 0 -1 0 0 1 0 -1 0 1 1 0 1 0 0 1 1 0 0 -1 -1 0 -1 1 0 1 0 0 0 0 0 1 -1 0 -1 1 0 1 0 0 0 0 0 0 1 0 0 1 0 1 0 -1 -1 1 -1 0 -1 0 0 0 0 1 0 0 -1 0 0 0 0 0 -1 0 -1 0 1 0 -1 0 0 -1 0 0 -1 0 -1 0 0 0 0 1 0 1 0 1 -1 0 -1 -1 0 0 
1 0 0 1 0 -1 -1 0 1 0 0 -1 -1 1 1 0 0 0 1 -1 0 0 0 -1 0 1 1 0 1 0 0 0 -1 1 1 0 -1 -1 1 -1 0 0 -1 -1 0 1 0 0 0 -1 1 1 -1 0 0 1 1 1 -1 0 0 -1 0 -1 1 1 0 -1 -1 0 0 0 0 0 0 0 1 1 0 -1 0 0 1 0 -1 1 0 1 1 1 1 0 1 0 0 0 0 -1 1 0 
-1 1 0 -1 0 1 0 0 1 0 0 1 1 0 0 -1 1 1 -1 0 -1 0 0 -1 0 0 0 0 -1 1 0 0 0 0 0 -1 0 1 0 -1 0 1 0 1 1 1 0 -1 1 1 0 0 0 0 -1 1 0 0 -1 1 0 -1 0 0 0 0 0 1 -1 0 0 0 1 -1 0 0 1 0 0 0 0 0 0 0 1 0 1 0 1 0 -1 1 0 1 0 0 0 -1 0 0 
0 0 0 0 1 1 0 -1 0 -1 0 0 0 1 1 0 0 1 1 1 0 -1 0 0 0 0 1 0 1 1 1 -1 1 -1 0 -1 0 1 1 -1 0 -1 0 -1 -1 1 1 0 1 -1 -1 0 0 -1 0 0 1 0 1 1 0 0 0 -1 1 0 -1 0 0 0 1 1 1 1 1 0 -1 0 0 1 -1 0 0 0 0 1 1 0 0 1 0 0 0 1 -1 0 1 1 -1 1 
-1 -1 1 0 0 0 0 1 1 0 0 0 -1 0 0 -1 -1 1 0 1 0 0 1 0 0 1 -1 0 1 -1 0 0 1 1 -1 0 0 -1 0 1 0 0 0 1 0 1 1 0 -1 -1 0 0 1 0 -1 0 1 -1 -1 1 -1 0 0 0 -1 0 -1 0 1 0 0 0 -1 0 1 1 1 0 0 0 1 0 0 -1 0 1 1 -1 1 0 0 0 1 0 0 1 1 0 0 -1 
-1 0 0 0 0 0 -1 -1 0 0 0 0 0 1 0 0 -1 0 -1 0 0 0 1 1 0 -1 0 0 1 0 -1 0 0 0 0 0 0 -1 0 1 0 1 1 0 0 1 0 0 1 1 0 -1 -1 0 0 0 -1 1 1 -1 0 0 0 0 0 0 0 -1 -1 -1 0 1 1 -1 0 -1 0 -1 -1 -1 -1 1 0 1 0 0 1 -1 0 -1 -1 0 0 0 0 0 1 1 -1 0 
-1 1 1 0 -1 0 0 0 1 -1 1 0 1 0 1 0 -1 0 -1 0 0 -1 0 0 0 0 0 0 -1 -1 1 0 0 0 -1 0 0 0 -1 0 0 0 1 0 -1 0 -1 -1 0 -1 0 1 1 0 0 -1 -1 1 0 1 -1 -1 1 1 1 0 0 -1 0 0 0 0 -1 0 -1 0 0 1 1 0 0 -1 0 1 -1 1 -1 1 -1 0 0 -1 -1 1 1 0 1 -1 -1 0 
1 0 0 0 -1 0 -1 1 0 0 -1 0 1 -1 -1 0 0 0 0 1 0 -1 0 1 1 -1 0 -1 1 -1 1 1 1 0 -1 1 1 0 0 0 -1 0 1 1 -1 0 -1 0 0 1 0 0 0 0 0 0 -1 0 -1 1 1 1 0 -1 0 0 0 -1 0 0 1 -1 0 1 -1 0 -1 1 1 0 0 -1 0 0 0 0 -1 0 0 -1 -1 -1 0 1 -1 1 0 0 1 0 
0 0 -1 1 0 0 0 -1 -1 0 0 1 1 0 0 0 0 0 0 -1 0 0 0 1 1 -1 0 -1 0 -1 0 1 1 0 1 0 1 0 0 0 0 -1 -1 1 1 0 -1 1 0 0 1 0 0 -1 0 0 1 1 1 0 -1 0 0 0 0 -1 0 -1 1 1 -1 0 0 0 -1 1 1 1 0 1 0 0 1 0 1 1 0 0 0 0 -1 -1 0 0 1 0 0 1 -1 0 
-1 0 0 -1 1 0 0 1 -1 1 0 1 1 -1 1 -1 -1 0 0 0 0 0 0 -1 0 -1 0 1 0 0 -1 0 0 -1 0 -1 1 1 0 0 -1 0 0 1 0 1 0 0 1 -1 0 0 1 -1 1 0 -1 1 0 1 0 -1 0 1 1 0 1 1 -1 -1 1 0 1 -1 1 0 0 0 0 1 0 -1 -1 0 0 1 0 -1 -1 0 1 0 0 -1 1 0 1 0 0 -1 
0 0 0 -1 -1 0 -1 0 0 1 -1 0 0 1 -1 -1 -1 0 1 1 1 1 -1 1 0 0 0 0 0 1 -1 0 1 0 -1 1 0 0 -1 -1 1 0 -1 0 -1 -1 -1 1 1 0 0 1 1 -1 0 0 0 0 0 -1 0 1 0 1 1 -1 -1 -1 -1 0 0 -1 1 1 1 1 0 0 -1 -1 -1 -1 1 0 0 1 0 0 0 0 0 0 0 0 -1 0 0 0 -1 0 
0 1 1 0 0 1 -1 1 -1 1 0 0 0 -1 1 0 -1 1 1 1 1 1 0 1 1 -1 0 1 0 -1 1 -1 0 1 0 0 0 1 0 1 1 0 0 0 0 1 -1 0 -1 -1 0 1 0 1 0 -1 0 0 1 1 0 -1 -1 0 0 -1 0 0 0 -1 -1 0 1 0 0 0 0 0 0 0 -1 0 0 -1 0 -1 -1 0 -1 -1 -1 -1 0 0 1 1 0 -1 1 0 
0 0 0 0 0 -1 1 0 0 1 1 -1 0 0 0 -1 1 0 -1 0 1 1 -1 0 1 1 1 0 0 0 -1 -1 0 0 0 0 -1 -1 1 1 0 1 0 1 0 0 0 0 1 1 1 0 1 0 0 0 -1 0 1 -1 0 -1 1 0 0 1 1 0 0 0 -1 1 0 0 0 -1 -1 -1 0 0 0 1 1 1 0 1 0 0 0 -1 0 -1 0 0 0 -1 -1 -1 -1 -1 
0 1 1 1 0 0 0 1 -1 1 1 0 0 1 0 -1 0 0 -1 0 1 1 -1 0 0 0 1 0 0 -1 -1 0 0 -1 -1 -1 -1 0 0 0 -1 0 1 -1 -1 0 1 0 1 1 -1 0 0 0 -1 1 1 -1 1 -1 0 1 -1 0 -1 0 0 0 1 -1 0 -1 -1 1 -1 0 1 0 0 0 0 -1 0 0 -1 0 0 1 -1 -1 1 -1 0 1 0 1 -1 -1 0 0 
0 0 0 1 0 1 0 0 1 -1 -1 -1 -1 0 0 -1 1 -1 -1 0 0 1 1 0 0 0 0 -1 -1 1 0 -1 -1 1 -1 1 0 0 -1 0 0 0 -1 0 0 0 -1 -1 0 0 1 0 0 0 0 0 0 -1 0 -1 0 0 0 0 -1 0 0 0 0 -1 1 1 0 -1 0 0 0 1 0 -1 1 0 1 0 0 0 -1 -1 0 1 0 -1 1 -1 0 0 0 0 -1 0 
0 1 1 1 0 0 0 0 0 1 1 0 1 1 0 0 0 0 1 1 -1 0 1 0 1 -1 0 0 1 0 0 1 1 0 0 0 -1 0 0 1 0 0 0 0 1 -1 -1 0 -1 1 1 0 -1 0 0 1 -1 -1 1 1 0 0 0 1 1 1 0 1 0 -1 1 0 0 1 1 -1 0 -1 -1 0 0 0 0 1 -1 0 1 0 0 -1 0 1 0 0 1 1 0 0 -1 -1 
-1 -1 1 0 0 -1 0 -1 1 1 0 -1 1 -1 -1 0 1 1 1 -1 0 -1 -1 1 0 -1 0 -1 -1 -1 0 0 0 0 -1 1 0 1 -1 0 -1 0 0 -1 0 0 0 -1 0 0 0 -1 0 0 0 0 1 0 0 -1 0 0 0 0 0 0 -1 -1 0 0 -1 0 0 -1 -1 0 0 -1 -1 0 -1 1 1 0 0 -1 0 1 1 -1 -1 0 -1 -1 0 0 0 1 -1 0 
-1 0 1 -1 1 -1 -1 0 0 -1 0 1 0 0 -1 0 0 1 0 1 1 -1 0 0 0 1 -1 0 1 1 0 0 0 -1 -1 0 -1 1 -1 -1 -1 -1 0 -1 -1 1 1 0 0 1 1 0 -1 -1 0 -1 -1 1 0 0 0 0 0 0 -1 0 1 0 1 0 0 0 -1 0 0 0 1 -1 0 -1 1 -1 -1 0 0 1 0 0 -1 -1 0 0 0 0 -1 1 -1 -1 -1 -1 
1 1 0 0 -1 0 1 0 0 -1 -1 -1 0 -1 -1 0 -1 1 0 0 1 1 -1 -1 0 0 0 0 -1 -1 0 -1 0 0 1 0 1 -1 0 -1 0 1 1 1 -1 -1 0 0 -1 0 -1 1 -1 0 1 0 0 0 0 1 0 0 0 -1 -1 1 1 -1 0 0 1 0 -1 1 -1 -1 0 0 -1 -1 0 -1 -1 -1 0 1 0 0 0 1 -1 1 0 0 0 0 0 -1 1 -1 
1 0 -1 0 0 0 0 0 0 0 -1 0 0 0 1 0 1 -1 1 0 0 -1 0 0 1 1 1 0 0 0 0 -1 -1 -1 -1 0 -1 1 -1 1 1 1 0 0 0 0 -1 0 -1 0 0 -1 1 1 -1 -1 0 0 0 0 0 -1 1 0 0 0 1 0 0 0 0 0 0 -1 0 -1 0 -1 -1 0 0 0 1 -1 0 0 -1 -1 1 -1 0 0 0 0 0 1 0 1 -1 0 
0 0 -1 0 1 1 1 0 0 1 0 0 -1 0 -1 0 0 0 -1 0 0 -1 0 0 -1 -1 0 0 1 1 -1 0 -1 1 -1 1 0 -1 -1 1 0 1 0 -1 0 0 0 1 0 0 0 0 0 1 -1 1 1 1 -1 -1 -1 0 0 0 0 0 0 0 0 0 0 0 0 -1 0 0 0 1 1 -1 1 0 1 0 0 0 1 -1 1 0 0 -1 1 -1 0 1 0 0 1 -1 
-1 0 1 1 0 0 -1 0 -1 0 0 -1 0 -1 -1 1 -1 0 0 0 1 0 -1 -1 0 0 0 -1 0 -1 1 -1 1 0 0 0 -1 0 1 0 0 1 -1 0 1 1 1 0 0 0 0 1 -1 -1 0 0 0 -1 0 -1 -1 1 0 0 1 0 -1 1 1 -1 0 1 0 0 1 0 1 0 0 1 0 0 0 -1 0 0 -1 0 -1 -1 0 0 -1 0 -1 0 1 1 1 -1 
0 0 -1 -1 0 0 0 0 -1 -1 1 -1 0 0 1 0 1 0 1 -1 -1 0 0 0 0 0 1 1 1 0 -1 0 -1 0 1 1 0 0 0 0 -1 -1 1 0 0 0 -1 -1 0 1 0 -1 0 0 0 0 0 0 0 1 0 -1 1 1 -1 0 1 0 1 0 0 1 1 0 -1 0 0 0 1 0 0 0 -1 0 0 1 1 1 0 1 -1 0 -1 -1 -1 0 0 -1 -1 -1 
0 0 0 0 0 0 -1 0 -1 1 0 -1 -1 0 0 0 0 0 1 1 0 -1 0 0 0 1 -1 -1 0 1 1 0 -1 0 0 1 0 1 1 -1 1 0 -1 0 1 0 -1 0 0 1 1 -1 1 0 1 -1 -1 0 1 0 0 1 0 1 -1 0 0 0 0 1 0 -1 0 -1 0 0 0 0 0 0 0 0 -1 1 -1 -1 0 1 0 -1 0 0 -1 0 0 -1 1 0 1 0 
0 0 0 0 0 -1 1 -1 -1 0 0 0 1 0 1 0 1 -1 0 0 0 1 -1 -1 0 -1 0 0 -1 -1 0 0 0 1 -1 0 0 -1 0 -1 1 0 0 1 0 -1 -1 0 0 1 0 1 -1 1 0 0 0 -1 0 1 0 0 1 -1 -1 -1 -1 0 0 -1 0 0 -1 -1 -1 -1 1 0 0 0 0 -1 0 -1 1 0 0 0 0 -1 0 0 0 0 1 1 1 0 0 0 
-1 0 0 1 0 0 1 -1 0 1 0 -1 -1 -1 1 1 0 0 -1 1 -1 -1 0 1 -1 1 0 0 -1 0 0 0 -1 0 0 1 1 0 0 0 0 -1 0 0 1 -1 1 1 1 1 1 0 0 0 1 0 0 -1 -1 -1 0 0 0 0 1 0 0 0 0 0 -1 -1 1 0 0 -1 0 -1 0 0 0 -1 0 1 -1 1 0 0 0 0 0 0 0 1 0 -1 0 1 1 0 
-1 0 0 0 1 1 -1 0 1 0 -1 -1 0 0 0 1 0 0 -1 -1 -1 0 0 0 1 0 -1 1 1 0 0 1 1 -1 0 0 1 0 -1 0 -1 1 -1 0 0 0 0 1 -1 0 0 0 0 0 -1 -1 0 0 -1 1 0 0 1 0 0 0 0 1 -1 1 0 -1 0 1 0 0 0 0 1 1 0 0 0 0 -1 0 0 -1 1 1 0 0 0 0 1 0 0 0 0 0 
0 1 0 1 1 -1 1 -1 0 0 0 0 -1 -1 0 0 -1 0 0 0 0 0 1 0 1 1 0 0 0 0 0 -1 1 0 1 -1 1 0 -1 0 0 1 -1 -1 -1 -1 0 0 0 1 -1 0 0 1 1 -1 0 0 0 0 -1 0 0 1 1 -1 1 1 -1 1 -1 -1 -1 0 0 0 1 1 0 0 1 0 0 1 0 -1 -1 1 0 0 0 0 1 -1 0 0 0 0 0 0 
1 0 1 0 1 -1 1 0 1 0 0 1 0 0 0 0 0 -1 1 1 0 0 0 0 0 0 1 0 0 0 1 1 0 0 -1 0 0 0 0 0 -1 0 0 -1 1 0 -1 0 -1 1 0 0 1 0 -1 1 -1 0 0 -1 1 1 0 -1 -1 1 0 0 -1 -1 1 0 0 0 0 0 1 1 0 1 -1 0 -1 0 0 0 1 -1 0 0 -1 -1 0 0 1 1 -1 1 1 0 
0 0 0 1 -1 0 0 -1 -1 -1 0 0 0 0 0 0 1 -1 0 -1 0 0 0 0 0 0 -1 0 0 0 0 1 0 0 -1 1 1 -1 0 0 1 -1 -1 -1 -1 1 1 1 0 0 0 -1 0 0 0 0 1 -1 0 1 1 1 1 0 1 1 1 1 -1 0 -1 0 -1 1 0 0 -1 0 0 0 -1 1 0 1 1 0 0 -1 0 -1 0 0 0 0 0 -1 1 0 1 0 
0 0 1 1 0 0 -1 0 0 1 0 1 -1 0 -1 -1 -1 1 0 1 0 0 0 1 -1 0 0 1 0 0 0 -1 -1 0 0 0 1 0 0 0 0 0 -1 1 0 -1 0 0 1 1 0 1 0 0 1 0 1 0 1 0 -1 0 1 1 0 -1 0 0 -1 -1 1 0 -1 -1 1 1 0 0 0 0 -1 -1 0 0 0 -1 0 0 -1 -1 1 1 0 0 -1 0 -1 0 -1 -1 
1 1 -1 0 1 0 1 0 0 0 1 0 -1 -1 1 0 0 0 1 0 0 -1 0 -1 -1 -1 -1 1 -1 1 0 0 0 -1 0 -1 -1 0 0 0 0 1 0 -1 0 0 -1 -1 -1 1 0 0 1 0 0 0 0 -1 -1 -1 0 0 -1 0 0 1 1 -1 -1 -1 -1 1 -1 -1 0 1 1 1 -1 0 0 0 1 0 -1 0 1 -1 1 0 1 0 1 -1 0 -1 1 0 -1 0 
1 0 0 1 0 1 0 1 -1 0 -1 1 0 1 1 -1 0 -1 1 0 0 1 0 1 -1 -1 1 0 -1 0 0 -1 0 -1 0 0 0 1 0 0 0 -1 -1 1 1 1 0 -1 -1 0 1 1 0 0 -1 -1 0 1 -1 -1 0 0 -1 0 1 0 0 0 0 1 -1 0 1 1 1 0 0 1 -1 1 0 -1 0 -1 -1 -1 1 1 -1 0 1 -1 0 0 1 1 0 0 -1 1 
0 1 -1 1 -1 0 1 -1 1 -1 -1 1 0 0 0 0 0 -1 -1 -1 0 -1 -1 1 0 1 -1 0 1 1 0 0 0 0 0 1 0 -1 1 1 0 0 0 -1 0 0 1 0 -1 1 0 0 0 0 1 0 1 0 0 1 -1 -1 1 0 0 -1 0 -1 0 0 1 0 0 1 -1 0 1 0 1 -1 0 1 0 0 1 0 0 -1 0 0 -1 -1 -1 0 0 0 0 1 1 0 
0 0 1 1 0 0 -1 0 -1 0 -1 0 0 1 0 0 0 0 1 1 1 1 0 1 -1 1 0 1 -1 0 0 -1 0 0 0 0 -1 -1 0 0 0 1 -1 0 -1 0 0 1 1 1 0 -1 0 0 1 1 0 0 0 -1 -1 0 1 0 0 0 -1 1 0 -1 -1 1 -1 1 1 -1 0 0 1 0 -1 0 0 -1 -1 0 0 1 -1 0 0 0 1 0 0 0 1 -1 0 0 
0 -1 0 0 -1 1 0 1 1 -1 0 0 1 1 0 0 1 0 1 1 1 1 1 0 0 0 0 0 1 0 1 -1 -1 0 -1 -1 0 -1 0 1 -1 0 0 0 0 1 0 1 0 -1 0 1 1 1 0 -1 -1 1 1 0 0 0 0 0 0 1 1 0 0 0 0 1 1 0 0 1 -1 0 0 1 0 0 0 0 -1 -1 1 0 0 0 0 0 0 1 0 0 0 1 0 1 
-1 1 -1 0 -1 -1 -1 0 1 1 0 0 0 0 0 -1 0 0 1 0 -1 0 -1 1 1 0 1 1 1 0 0 -1 1 1 0 0 -1 0 0 0 0 1 0 -1 1 0 0 0 0 0 0 1 0 0 1 -1 0 0 -1 -1 -1 0 -1 0 1 1 0 -1 0 0 0 1 -1 0 -1 -1 -1 0 -1 0 -1 1 -1 -1 -1 0 0 0 1 1 0 -1 0 1 0 0 0 0 0 0 
-1 0 0 1 0 0 1 1 0 -1 0 -1 0 0 0 0 0 1 0 0 -1 0 -1 0 0 0 -1 0 1 -1 0 0 1 -1 0 0 1 0 1 0 -1 0 1 0 -1 -1 1 0 1 0 0 1 -1 0 -1 1 0 0 0 -1 1 0 0 0 -1 0 0 1 0 -1 1 -1 0 -1 1 0 -1 0 1 0 0 -1 1 0 0 1 -1 -1 1 0 -1 1 0 1 0 1 0 -1 0 1 
0 0 -1 0 0 -1 0 -1 1 0 0 1 1 -1 0 -1 0 0 0 0 -1 0 0 -1 -1 1 0 1 0 -1 0 -1 1 1 1 0 0 1 0 0 -1 0 0 1 0 0 0 0 0 0 -1 0 1 -1 -1 1 0 1 -1 1 0 -1 0 0 -1 1 0 1 -1 1 0 0 0 0 0 1 0 0 0 1 -1 0 -1 1 -1 1 0 1 1 0 0 -1 0 0 0 1 1 -1 1 -1 
0 1 1 0 -1 1 0 1 -1 0 0 0 0 0 1 0 0 0 0 1 0 -1 0 0 0 1 0 0 -1 0 -1 1 0 0 0 0 0 0 -1 -1 1 -1 -1 0 1 1 0 0 0 -1 -1 1 0 0 0 0 1 -1 -1 1 -1 -1 0 1 1 1 0 -1 0 0 -1 -1 0 0 0 0 -1 1 0 0 -1 -1 0 0 1 -1 0 1 1 0 -1 0 1 0 0 0 -1 0 0 0 
0 1 0 0 1 -1 0 0 0 1 1 0 0 0 0 -1 0 -1 0 0 0 1 0 1 0 0 0 1 1 -1 -1 1 -1 0 -1 1 0 -1 1 0 1 -1 0 -1 0 0 0 0 1 -1 1 0 0 -1 -1 0 1 1 1 0 0 1 1 0 0 0 0 -1 1 1 0 0 1 1 0 1 1 -1 0 -1 0 1 0 0 -1 0 1 0 -1 1 0 0 -1 -1 1 0 -1 0 0 0 
-1 0 0 1 0 1 1 1 -1 -1 0 0 0 -1 1 -1 0 0 -1 0 1 1 -1 0 -1 0 0 0 0 -1 0 -1 1 1 -1 0 0 -1 0 0 1 -1 1 1 -1 0 1 0 0 -1 0 1 -1 1 -1 0 -1 1 1 -1 0 -1 0 0 1 -1 0 0 1 -1 0 0 0 0 1 0 0 0 0 0 0 0 -1 1 0 0 0 0 1 0 0 0 0 -1 0 -1 0 1 0 -1 

5 7 1 3 1 9 4 4 5 4 10 1 7 4 10 5 4 7 8 3 7 1 6 8 1 6 4 10 7 9 6 1 6 5 4 4 8 9 2 2 9 10 2 7 7 8 10 2 4 3 