50 100
0 -1 1 0 0 0 1 0 0 -1 0 -1 1 0 0 0 0 0 0 1 -1 1 0 0 0 0 0 -1 0 1 0 0 0 0 0 0 0 0 1 0 1 0 -1 -1 -1 1 0 -1 -1 0 -1 0 0 -1 1 0 -1 1 0 1 0 1 0 1 0 -1 0 0 0 -1 0 0 0 -1 -1 0 1 0 1 1 -1 -1 1 -1 1 0 -1 -1 0 0 -1 -1 0 1 1 1 0 0 0 1 
0 0 1 1 0 0 1 0 0 0 0 0 0 -1 0 -1 0 1 1 0 0 1 1 0 0 -1 1 1 0 -1 0 -1 0 -1 -1 0 0 1 -1 0 0 0 1 0 0 1 0 1 0 -1 0 -1 0 0 1 0 0 0 0 0 0 -1 1 0 0 0 -1 0 1 0 1 0 0 0 0 -1 0 1 -1 0 0 -1 1 0 0 0 -1 0 0 -1 0 -1 1 0 0 0 0 0 0 0 
-1 -1 0 0 1 -1 0 1 1 0 1 -1 0 0 -1 0 0 1 1 1 -1 1 0 -1 1 -1 -1 1 1 1 1 0 1 -1 -1 0 0 0 -1 0 1 -1 0 0 0 0 0 0 1 -1 0 1 0 1 1 1 0 -1 1 -1 0 0 0 0 1 0 1 1 0 1 0 0 0 1 1 0 1 -1 1 -1 1 -1 0 1 0 0 0 -1 0 1 0 -1 0 -1 0 -1 0 -1 1 -1 
0 -1 1 0 1 0 -1 0 0 0 0 1 0 0 0 0 1 -1 -1 0 1 0 -1 1 0 -1 0 0 0 0 0 0 1 0 0 0 -1 -1 0 0 -1 -1 0 0 0 1 -1 -1 0 1 0 0 -1 1 -1 1 1 1 -1 -1 -1 -1 -1 0 1 1 0 -1 0 -1 0 -1 -1 -1 0 1 -1 0 1 0 -1 1 0 -1 1 -1 0 -1 -1 -1 0 -1 0 0 0 0 0 0 1 -1 
0 0 -1 1 1 1 -1 -1 1 1 0 0 0 0 -1 0 0 -1 0 1 0 0 0 1 -1 0 -1 1 1 1 0 -1 0 0 0 0 0 1 0 -1 -1 0 0 0 0 -1 1 0 1 0 0 1 0 0 -1 1 1 0 0 0 0 0 0 0 0 0 -1 1 -1 0 1 0 -1 0 0 -1 -1 -1 0 0 0 0 -1 1 -1 1 1 0 1 1 0 0 1 0 0 0 0 -1 -1 -1 
-1 0 0 0 0 -1 0 0 -1 0 0 -1 1 0 0 -1 0 1 -1 0 0 1 0 -1 -1 -1 1 0 0 0 0 0 0 0 1 0 0 0 0 -1 0 -1 -1 0 0 1 0 0 0 0 0 1 -1 1 1 -1 -1 0 0 0 -1 0 -1 -1 1 0 -1 0 -1 1 0 0 0 1 0 -1 1 -1 1 0 -1 -1 0 1 0 0 0 0 0 1 0 1 0 -1 0 1 -1 0 0 0 
0 0 0 1 0 0 1 0 0 -1 -1 0 -1 -1 0 1 0 0 -1 0 -1 -1 -1 -1 1 1 1 0 0 -1 -1 1 0 0 1 -1 1 -1 1 1 1 0 0 -1 0 1 -1 0 0 0 0 0 1 1 0 -1 0 -1 1 0 1 -1 -1 1 0 0 1 1 -1 1 0 0 -1 1 0 0 0 0 1 0 -1 0 0 0 -1 0 0 0 0 1 0 -1 1 -1 0 0 0 1 0 -1 
-1 0 -1 0 -1 0 0 -1 0 0 -1 0 1 1 0 -1 -1 0 1 0 -1 0 0 1 0 1 -1 -1 0 0 1 0 1 -1 -1 1 1 1 0 -1 0 -1 0 -1 1 0 -1 -1 -1 -1 0 1 1 -1 0 -1 1 -1 1 -1 0 0 -1 1 0 0 -1 1 -1 -1 1 1 0 0 0 0 -1 -1 1 1 0 0 0 0 -1 -1 0 0 1 -1 0 0 1 -1 0 0 1 -1 0 0 
-1 -1 1 1 0 -1 1 -1 0 1 0 0 0 1 -1 1 1 0 1 1 0 -1 -1 0 -1 0 1 1 1 0 0 1 0 -1 0 1 0 0 1 0 1 0 0 0 0 0 0 0 0 -1 0 0 0 0 1 0 1 0 -1 0 1 0 1 0 0 0 -1 0 -1 0 -1 1 0 0 0 1 0 0 0 0 1 0 1 1 -1 0 1 1 1 0 1 0 1 0 1 -1 0 -1 -1 -1 
1 0 0 -1 0 1 -1 0 -1 0 0 1 -1 0 1 0 -1 0 1 0 0 1 1 0 0 0 0 0 0 -1 1 0 -1 1 0 0 0 1 1 -1 -1 1 1 0 -1 1 1 0 1 -1 1 -1 -1 0 -1 0 0 0 1 -1 0 0 0 0 0 0 1 0 0 -1 0 0 1 0 0 0 1 -1 0 -1 -1 1 0 0 -1 1 0 0 -1 1 0 0 0 0 0 0 1 -1 0 0 
1 0 -1 0 0 -1 0 0 0 -1 0 0 0 -1 -1 0 1 -1 -1 1 1 -1 0 -1 0 0 -1 0 0 1 0 0 -1 0 0 0 0 1 0 0 1 0 0 0 1 0 0 1 0 0 -1 1 1 0 0 -1 0 0 0 0 0 1 -1 -1 0 1 -1 1 0 1 0 0 -1 1 0 0 0 0 1 -1 0 -1 -1 0 0 0 0 1 0 0 -1 0 1 1 0 0 -1 0 -1 0 
-1 0 0 0 0 0 1 1 -1 1 1 1 1 0 1 1 0 1 0 1 0 0 0 0 -1 0 1 0 0 1 -1 1 0 -1 1 -1 1 -1 0 1 1 0 1 -1 0 0 0 -1 0 0 0 1 -1 0 0 0 1 1 -1 0 1 0 0 0 0 0 0 1 0 0 1 -1 1 -1 0 0 0 0 -1 0 1 0 0 -1 1 0 1 0 0 0 1 0 1 0 -1 -1 0 -1 -1 0 
1 0 -1 -1 -1 1 1 1 0 0 -1 1 -1 -1 1 0 -1 0 0 0 0 0 1 0 0 0 1 0 -1 0 0 0 1 1 0 0 0 0 0 -1 0 -1 -1 -1 -1 0 -1 -1 1 -1 0 -1 -1 1 1 -1 -1 0 -1 0 0 1 0 -1 0 0 0 1 1 0 -1 1 0 -1 1 0 1 0 0 1 0 0 0 1 -1 0 0 0 1 -1 1 0 0 0 0 1 0 0 0 -1 
1 0 0 0 0 0 0 0 1 1 1 1 0 0 -1 0 0 0 0 1 1 0 1 -1 0 -1 -1 1 0 0 1 1 1 0 0 0 0 0 0 1 0 0 1 0 1 0 0 -1 0 0 0 1 0 0 0 0 0 1 1 -1 -1 -1 -1 0 0 0 0 0 0 1 -1 0 1 -1 0 -1 1 0 1 1 -1 1 0 -1 0 0 0 0 -1 0 0 0 0 0 1 0 -1 -1 0 1 
0 0 0 0 0 -1 -1 0 1 0 1 -1 1 0 1 0 0 0 0 -1 -1 1 -1 1 0 1 1 0 -1 -1 1 0 1 -1 -1 0 -1 0 -1 0 0 0 0 1 1 -1 0 -1 0 0 0 0 0 0 -1 0 0 1 0 1 0 0 -1 0 0 0 0 -1 0 -1 0 1 0 0 -1 0 -1 1 0 0 0 0 0 0 0 1 0 1 -1 0 1 0 -1 1 0 -1 0 -1 0 -1 
0 -1 0 0 -1 -1 0 1 -1 0 0 0 -1 1 0 0 0 1 1 -1 -1 0 0 1 0 -1 1 1 1 0 -1 0 0 -1 1 1 0 0 0 0 -1 0 1 1 -1 0 0 0 -1 1 1 0 -1 0 0 0 1 1 1 -1 1 0 -1 0 0 1 0 -1 -1 0 -1 0 -1 0 0 -1 1 -1 -1 -1 1 0 1 0 0 0 1 1 -1 1 -1 -1 0 -1 0 1 0 -1 -1 0 
0 0 0 -1 -1 0 0 -1 1 0 1 0 0 0 1 0 0 0 0 0 -1 0 -1 -1 1 0 0 0 -1 0 0 0 0 1 -1 -1 -1 0 1 -1 1 1 1 0 0 -1 0 -1 0 1 -1 1 -1 0 -1 -1 -1 0 0 -1 0 1 0 -1 0 -1 0 0 0 0 1 1 1 0 -1 0 0 0 1 0 0 1 0 0 1 -1 1 1 1 0 -1 -1 0 -1 -1 0 1 0 1 0 
1 1 0 1 -1 0 0 0 0 0 -1 1 -1 0 1 0 -1 -1 0 -1 -1 0 0 0 0 0 -1 0 -1 0 0 -1 0 0 -1 0 0 1 0 0 1 1 0 0 0 0 0 1 -1 -1 1 0 0 1 -1 0 0 0 -1 0 -1 0 1 1 1 0 1 -1 1 0 0 0 -1 0 -1 0 0 0 1 0 1 1 0 -1 0 0 0 -1 1 1 -1 -1 0 -1 0 1 0 0 -1 -1 
1 -1 -1 0 -1 1 0 -1 -1 -1 0 -1 0 1 0 0 0 -1 -1 -1 0 0 0 1 1 -1 0 -1 -1 1 0 -1 0 1 0 1 0 -1 0 0 0 0 0 0 0 1 1 1 0 0 1 1 -1 1 0 0 -1 0 0 -1 1 1 0 0 1 -1 0 0 -1 1 -1 0 1 1 0 0 1 1 1 0 1 0 0 -1 1 1 0 -1 1 0 0 1 -1 0 0 1 -1 0 0 0 
-1 -1 0 -1 1 1 -1 -1 1 0 1 1 0 0 1 -1 1 0 0 -1 1 0 0 1 1 0 1 0 0 -1 1 1 0 -1 1 -1 0 1 1 0 -1 -1 0 -1 0 0 -1 0 1 -1 -1 1 1 0 0 0 -1 0 1 0 0 0 -1 0 0 1 0 1 0 1 -1 0 1 1 0 -1 -1 0 1 1 0 1 1 0 -1 1 -1 0 0 0 0 1 1 0 0 0 0 0 1 1 
0 0 1 0 0 -1 0 0 0 1 0 0 0 -1 1 -1 0 0 -1 -1 0 0 1 0 -1 0 0 -1 -1 -1 0 0 0 0 -1 0 -1 -1 -1 -1 1 0 0 0 0 1 -1 0 -1 1 -1 -1 0 0 1 0 0 -1 -1 0 0 0 1 1 0 0 0 0 0 0 -1 -1 1 1 1 1 -1 0 1 1 1 -1 0 0 -1 1 -1 -1 -1 -1 0 1 -1 0 1 1 1 0 0 0 
1 1 0 0 -1 0 -1 -1 -1 0 -1 0 0 0 0 -1 -1 -1 0 0 0 -1 0 0 0 0 -1 0 1 0 -1 1 0 -1 0 -1 1 1 0 0 0 0 0 0 0 -1 0 0 0 0 0 0 0 1 0 0 0 1 1 -1 -1 0 1 1 -1 0 0 0 -1 0 0 1 0 1 1 -1 1 -1 1 0 1 1 1 -1 -1 1 0 -1 1 -1 0 1 -1 -1 -1 -1 0 0 -1 0 
0 -1 0 0 -1 0 0 0 0 1 0 0 -1 0 0 0 0 -1 1 -1 0 1 0 0 0 0 -1 0 0 0 -1 0 0 1 -1 1 0 -1 -1 1 0 0 -1 0 1 -1 0 1 0 0 1 0 0 0 1 0 -1 -1 1 -1 0 -1 1 0 -1 0 1 0 -1 1 0 -1 -1 1 0 -1 -1 0 0 -1 0 0 1 -1 0 0 -1 0 0 0 1 0 1 1 0 -1 1 1 -1 -1 
1 0 0 1 1 0 1 1 0 0 0 0 0 1 0 0 0 0 1 -1 0 0 -1 0 0 0 -1 0 -1 -1 0 0 1 1 0 -1 1 1 -1 0 1 0 1 -1 1 0 0 1 0 1 1 0 1 0 0 0 0 -1 0 1 1 0 -1 0 1 1 1 -1 0 1 1 0 0 0 1 1 0 0 1 -1 -1 1 -1 0 0 1 1 1 1 -1 0 0 0 0 -1 0 -1 0 0 1 
0 -1 1 0 0 1 0 1 0 0 1 0 1 1 1 1 -1 0 -1 -1 0 1 -1 0 0 0 0 0 0 1 -1 0 -1 0 0 0 0 0 0 0 0 0 0 0 0 0 -1 0 -1 0 0 -1 1 0 0 -1 0 1 1 1 1 -1 -1 0 -1 1 -1 0 -1 0 -1 0 0 1 0 0 -1 0 0 1 0 0 -1 -1 -1 1 1 -1 1 0 1 1 0 1 1 1 0 1 0 1 
0 -1 0 1 -1 1 0 1 0 0 -1 0 -1 0 -1 0 1 1 0 0 0 -1 0 0 0 0 -1 0 1 0 0 -1 1 0 0 -1 0 -1 -1 0 -1 0 -1 0 0 1 0 -1 0 0 0 0 0 1 0 0 -1 0 1 0 0 0 0 1 0 0 0 -1 0 0 1 -1 1 -1 -1 1 -1 0 -1 0 0 0 1 0 1 0 0 0 1 0 0 0 1 1 -1 -1 0 0 0 0 
1 -1 0 0 -1 0 0 1 0 0 -1 0 0 0 1 0 1 0 0 0 0 1 1 1 1 0 -1 0 1 0 1 0 -1 1 1 0 0 0 0 -1 0 -1 0 -1 0 -1 0 1 0 -1 0 -1 0 1 -1 0 1 1 1 0 1 -1 0 0 1 1 1 1 0 -1 -1 0 0 -1 0 0 0 0 0 0 0 0 1 -1 0 1 1 0 -1 0 1 1 0 0 1 0 -1 1 0 0 
1 -1 -1 1 1 0 0 -1 0 0 0 0 0 1 -1 -1 0 -1 0 1 1 0 -1 0 0 1 -1 0 0 1 1 0 1 -1 1 0 0 0 0 0 0 0 -1 0 -1 0 0 -1 0 1 -1 -1 0 -1 1 0 0 -1 0 -1 -1 -1 0 1 0 0 0 0 0 0 0 0 0 1 0 0 1 0 0 0 -1 1 0 0 0 0 0 0 1 0 -1 0 0 0 0 0 -1 0 0 1 
-1 0 0 0 -1 1 -1 1 0 0 0 0 0 1 -1 1 0 1 0 1 0 0 0 1 -1 0 0 0 -1 1 -1 1 1 0 0 -1 -1 0 0 -1 -1 1 1 0 0 0 0 -1 0 1 1 0 1 -1 0 0 -1 0 0 -1 -1 0 0 1 -1 -1 1 0 1 0 0 0 -1 -1 1 -1 1 0 0 0 0 -1 -1 0 0 1 -1 -1 -1 -1 0 1 1 1 1 -1 1 0 0 0 
1 0 0 1 -1 0 0 1 0 0 1 1 0 0 0 0 -1 -1 -1 -1 -1 0 0 0 0 0 0 -1 0 -1 0 0 -1 0 0 0 -1 -1 0 0 0 1 1 -1 -1 -1 -1 0 0 0 1 -1 1 0 1 -1 0 0 0 1 1 1 1 0 0 0 -1 -1 0 -1 1 0 1 0 0 -1 0 0 0 1 0 1 -1 0 0 0 0 0 -1 0 1 0 1 0 1 1 0 1 -1 0 
-1 1 0 0 1 0 0 -1 1 1 0 1 0 1 0 0 0 1 0 0 1 -1 1 1 -1 0 -1 0 -1 0 1 0 1 1 1 -1 -1 -1 -1 0 0 -1 0 -1 0 0 1 0 -1 0 1 0 -1 0 0 -1 0 0 1 0 -1 0 0 0 0 0 0 0 0 -1 -1 0 1 0 -1 1 -1 -1 -1 1 1 0 0 0 0 0 0 0 0 1 0 0 1 0 -1 1 -1 -1 0 1 
1 1 1 0 -1 0 -1 0 -1 0 0 -1 0 0 0 0 -1 1 0 1 -1 0 0 0 1 0 -1 0 0 1 0 0 -1 -1 1 -1 0 -1 0 -1 -1 1 0 -1 0 -1 0 1 0 0 1 0 1 0 1 0 -1 -1 -1 0 -1 1 1 0 1 0 0 0 0 -1 -1 1 0 1 -1 0 0 0 0 0 1 1 0 1 -1 -1 -1 -1 -1 1 -1 -1 -1 0 -1 -1 1 1 0 -1 
1 0 -1 0 0 -1 -1 1 0 0 0 1 0 -1 1 0 -1 1 1 0 0 1 0 1 0 0 1 0 0 1 1 -1 -1 -1 0 1 1 0 -1 0 1 0 0 0 0 1 0 -1 0 1 -1 -1 1 -1 -1 -1 0 0 0 0 0 0 0 1 1 0 0 0 -1 -1 0 1 0 1 1 0 -1 1 0 0 0 0 0 0 -1 0 0 0 0 1 0 0 0 1 0 -1 1 0 0 0 
0 0 1 0 0 0 -1 -1 -1 0 1 -1 0 0 1 -1 0 0 0 0 0 0 -1 0 -1 0 1 0 0 1 0 0 -1 0 -1 1 0 0 -1 0 0 -1 1 0 0 0 -1 0 -1 -1 1 -1 0 0 -1 0 0 -1 0 0 1 -1 0 -1 0 -1 1 1 0 0 0 0 0 0 1 0 1 0 0 -1 0 0 0 0 1 -1 1 1 1 -1 0 0 0 0 0 0 1 0 1 0 
0 -1 0 1 0 1 0 0 0 -1 1 1 0 -1 -1 1 0 1 -1 1 -1 0 -1 0 0 0 0 0 -1 1 0 0 1 1 1 0 -1 -1 1 0 1 0 -1 0 0 0 1 1 0 -1 0 0 1 0 0 0 0 1 1 0 0 1 1 1 0 0 -1 0 -1 1 0 0 1 0 -1 -1 0 0 1 1 0 0 0 0 1 0 0 -1 0 -1 0 0 -1 1 0 1 1 -1 -1 0 
-1 0 0 0 -1 -1 1 1 0 0 0 1 1 1 0 0 0 -1 -1 0 0 0 0 -1 0 0 1 1 0 -1 -1 0 0 -1 0 0 -1 0 -1 1 0 0 0 0 0 1 0 -1 1 0 0 0 0 -1 0 0 0 1 0 -1 0 0 1 0 1 0 1 0 -1 0 1 1 1 0 1 1 1 -1 0 0 -1 0 0 0 -1 1 1 1 0 0 1 -1 1 0 1 0 0 0 -1 0 
0 -1 0 0 1 0 1 1 0 -1 -1 0 0 -1 0 0 -1 0 1 1 0 -1 1 1 0 1 1 -1 1 0 1 -1 1 0 1 0 0 0 0 1 -1 1 -1 0 -1 1 0 1 0 0 0 1 0 0 1 0 0 1 0 0 0 0 -1 0 0 -1 0 0 0 0 -1 -1 -1 1 0 0 0 0 0 0 0 0 0 0 0 0 -1 0 0 -1 -1 -1 0 0 0 -1 0 -1 1 1 
1 0 1 -1 1 -1 1 1 0 0 1 1 0 -1 1 0 -1 1 0 1 0 1 -1 -1 0 1 -1 -1 0 -1 1 -1 0 0 -1 1 -1 -1 -1 0 0 0 0 0 0 0 0 0 0 0 0 1 -1 0 0 -1 0 0 0 -1 1 -1 1 0 -1 -1 0 -1 1 -1 0 0 1 1 0 -1 0 0 0 1 -1 0 0 1 0 1 0 0 0 0 1 0 -1 0 -1 0 0 1 0 0 
0 1 1 0 0 0 -1 1 0 1 -1 -1 1 0 0 -1 0 -1 -1 1 1 1 1 0 -1 0 0 -1 1 -1 0 0 0 1 -1 1 0 0 1 0 0 -1 0 0 -1 0 1 0 0 0 1 0 1 1 0 0 0 0 0 0 -1 0 -1 0 1 0 1 1 -1 1 0 0 1 1 0 1 1 1 1 0 0 0 0 1 0 -1 -1 1 -1 0 0 0 -1 1 0 1 -1 0 0 0 
0 0 1 0 0 -1 -1 1 -1 1 0 0 -1 0 0 -1 0 0 1 0 0 -1 0 0 -1 0 -1 0 0 -1 -1 -1 0 0 -1 0 0 -1 0 1 -1 0 0 -1 -1 0 0 0 0 -1 0 0 -1 0 0 0 -1 1 1 0 -1 1 0 0 1 -1 -1 -1 1 0 1 0 0 -1 0 1 0 -1 1 0 0 0 -1 0 0 0 0 -1 1 -1 0 0 0 0 0 0 0 -1 0 1 
0 0 1 0 0 1 0 1 0 0 0 1 0 1 -1 0 -1 1 -1 -1 0 0 1 0 -1 0 0 1 0 0 1 1 -1 1 1 0 0 1 1 1 1 0 -1 -1 0 -1 0 0 -1 -1 0 0 0 1 1 0 0 1 -1 0 1 -1 0 0 0 0 1 -1 -1 -1 0 0 1 1 0 1 0 1 1 1 1 1 0 0 1 0 0 0 0 0 0 0 0 0 0 -1 -1 0 1 -1 
-1 1 1 -1 0 0 -1 1 -1 0 0 -1 1 0 1 -1 1 -1 0 0 1 0 -1 1 0 -1 0 -1 -1 1 1 0 0 -1 0 1 1 -1 1 0 0 0 0 -1 0 0 0 0 -1 -1 0 0 0 0 0 1 -1 0 -1 0 0 -1 0 -1 1 1 -1 -1 0 0 0 1 -1 1 0 -1 0 0 -1 0 1 -1 0 1 0 1 1 0 1 1 -1 0 1 0 0 1 0 0 -1 0 
0 1 -1 -1 1 0 -1 0 0 0 0 0 0 0 1 0 0 0 0 0 0 -1 1 0 0 -1 0 0 0 0 0 -1 0 1 -1 -1 -1 1 0 1 1 0 0 1 1 0 0 0 0 1 0 0 1 0 0 -1 0 0 0 1 0 -1 0 0 0 0 1 1 0 0 -1 0 -1 -1 -1 -1 0 0 0 1 1 0 0 -1 0 0 1 0 1 -1 -1 -1 -1 -1 1 0 0 -1 1 0 
0 -1 -1 0 0 -1 -1 -1 1 -1 -1 -1 0 0 0 -1 0 0 0 1 1 1 1 1 1 0 1 -1 -1 0 -1 1 1 1 -1 -1 0 0 0 0 1 0 0 1 1 0 0 0 -1 0 0 0 1 -1 -1 0 -1 0 0 1 0 -1 0 0 -1 1 1 0 0 0 0 1 0 0 0 0 1 0 -1 1 1 0 -1 0 -1 1 0 -1 0 1 0 1 0 -1 -1 -1 -1 -1 0 0 
-1 0 -1 1 1 0 0 0 1 -1 1 -1 0 -1 1 -1 1 0 0 0 0 0 0 -1 -1 0 0 -1 0 0 0 0 0 1 0 0 0 -1 0 0 0 -1 1 0 0 0 -1 0 0 -1 0 -1 0 0 0 0 1 1 0 0 -1 0 0 0 0 0 0 0 -1 1 0 0 -1 1 0 0 1 -1 0 0 0 0 0 0 0 0 -1 0 0 -1 -1 -1 0 0 1 0 0 0 0 0 
-1 0 0 0 1 1 -1 1 1 0 1 0 0 1 0 1 -1 1 -1 0 0 -1 1 -1 0 1 -1 0 1 0 0 -1 0 0 -1 1 0 -1 0 0 0 0 -1 0 -1 -1 0 -1 0 1 1 1 0 0 0 0 0 1 0 -1 0 0 0 0 0 0 -1 1 1 0 0 0 -1 1 -1 -1 0 0 0 0 0 1 1 -1 0 0 -1 -1 1 0 0 1 -1 -1 1 1 0 1 0 0 
0 1 0 -1 0 0 0 0 1 0 0 0 1 0 0 0 0 0 0 0 0 1 0 0 0 0 0 1 -1 0 0 1 1 1 0 0 1 0 0 0 1 1 1 1 -1 0 0 0 0 0 0 0 -1 1 -1 0 -1 1 -1 -1 0 0 0 1 0 0 0 -1 0 -1 0 -1 1 0 0 1 -1 0 -1 -1 -1 -1 1 0 1 0 1 0 -1 0 0 0 0 0 0 0 -1 -1 1 1 
1 -1 0 0 0 -1 -1 1 0 0 -1 0 1 0 -1 0 -1 1 1 1 -1 0 -1 0 0 -1 0 0 1 -1 1 0 0 1 0 1 0 0 0 -1 0 -1 0 0 0 1 -1 1 0 0 0 1 0 0 -1 -1 0 0 -1 1 0 0 0 -1 0 1 -1 0 0 -1 0 -1 -1 0 -1 0 0 1 0 0 -1 0 -1 0 0 0 -1 0 -1 0 0 0 -1 0 -1 0 1 -1 0 0 
0 -1 -1 0 1 0 1 1 0 0 -1 -1 1 -1 -1 0 -1 0 0 1 0 0 0 -1 0 0 0 0 0 -1 1 0 0 1 -1 0 0 1 1 0 -1 0 -1 0 0 0 0 0 -1 1 1 1 1 1 -1 0 0 0 -1 -1 0 1 -1 -1 -1 0 1 0 1 1 0 0 0 0 0 -1 1 1 0 1 1 0 -1 1 0 -1 0 1 -1 1 1 1 1 1 0 1 0 1 -1 1 
-1 -1 0 1 0 0 0 0 -1 -1 1 -1 -1 1 0 0 1 -1 -1 0 0 -1 -1 -1 0 -1 0 -1 1 -1 0 0 0 1 -1 1 0 1 1 -1 0 -1 0 0 1 0 0 1 -1 0 -1 0 1 0 1 1 0 0 1 1 0 0 0 0 0 -1 1 0 -1 0 1 1 -1 -1 -1 -1 0 0 0 0 0 0 0 1 1 0 0 0 0 0 0 1 0 -1 1 -1 1 1 -1 -1 

9 4 3 4 1 5 5 9 9 9 8 2 9 1 3 6 2 4 10 7 6 7 7 1 9 2 9 1 7 7 7 5 5 10 6 6 1 8 1 5 7 1 8 2 10 4 9 2 2 4 