100 200
0 0 1 1 0 1 0 0 0 0 0 -1 1 0 -1 0 1 0 0 1 1 0 0 -1 0 0 -1 0 0 0 0 0 0 -1 1 -1 1 -1 -1 0 0 0 0 0 1 0 -1 -1 0 0 -1 0 0 0 0 -1 -1 0 1 0 0 1 0 -1 1 -1 0 -1 0 0 1 0 0 0 0 0 0 0 0 1 -1 1 0 0 0 0 -1 -1 1 0 -1 0 0 0 0 0 -1 0 1 0 1 1 0 1 0 1 1 1 0 1 0 1 -1 0 0 1 1 -1 1 0 0 -1 1 -1 0 1 0 0 0 -1 1 1 1 0 0 0 -1 0 1 -1 1 1 0 0 0 0 1 1 0 0 0 -1 0 0 0 0 1 0 0 0 0 0 1 0 0 0 -1 -1 -1 -1 1 0 -1 0 0 1 -1 0 -1 0 0 -1 0 -1 0 0 0 1 0 0 1 0 0 0 0 0 -1 0 0 1 
-1 0 0 -1 0 1 0 1 0 0 -1 0 1 -1 -1 0 1 0 -1 0 -1 1 0 0 0 1 1 -1 0 0 -1 -1 0 0 0 -1 1 0 -1 0 -1 0 0 1 1 0 0 0 0 1 0 1 0 1 -1 0 1 1 0 1 -1 -1 1 -1 0 0 0 1 1 1 0 0 0 1 1 0 0 1 0 0 1 -1 0 0 0 0 1 0 1 1 0 0 1 0 1 -1 0 0 0 0 1 0 1 0 1 -1 1 0 0 0 0 0 0 -1 -1 0 -1 0 1 0 -1 0 0 1 0 0 -1 0 0 0 1 0 1 -1 0 0 -1 -1 0 -1 0 0 -1 0 0 -1 0 1 0 0 -1 0 0 1 0 0 1 0 -1 1 0 0 -1 0 0 0 0 -1 1 0 0 -1 1 1 1 1 -1 0 0 -1 -1 0 0 0 0 -1 0 0 1 1 0 1 1 -1 1 -1 -1 -1 0 0 
0 1 -1 0 0 0 0 1 0 0 0 0 -1 0 0 -1 0 0 1 -1 1 0 1 0 0 -1 0 -1 1 -1 0 0 -1 1 0 1 0 0 0 0 -1 0 0 0 1 -1 0 1 1 0 0 1 -1 0 1 0 0 0 0 0 0 -1 -1 0 -1 -1 0 0 -1 0 -1 1 0 1 -1 1 0 0 -1 0 0 0 -1 0 0 0 -1 1 0 1 0 -1 0 0 0 -1 0 -1 0 -1 0 0 -1 -1 -1 0 0 -1 1 1 1 0 0 -1 0 0 0 0 0 -1 0 0 1 1 1 1 1 1 1 0 0 0 1 -1 -1 0 0 0 -1 1 0 1 0 -1 0 0 -1 0 1 0 0 -1 0 0 1 0 1 -1 0 0 -1 -1 -1 0 1 0 1 0 -1 0 -1 1 1 0 0 1 -1 1 -1 0 0 0 0 0 0 1 -1 1 0 0 0 1 -1 0 0 0 1 0 -1 0 
0 0 0 0 1 0 1 0 0 -1 -1 0 -1 0 1 -1 1 1 -1 0 0 -1 0 0 1 -1 -1 -1 0 0 1 -1 1 0 -1 0 0 -1 0 -1 0 1 0 -1 0 0 -1 0 0 0 0 0 0 1 0 -1 0 0 1 -1 0 0 -1 1 0 0 0 -1 0 1 -1 0 -1 -1 0 1 1 0 0 0 -1 0 0 0 0 1 1 -1 0 0 0 1 0 0 0 0 0 1 0 -1 -1 0 -1 0 0 0 0 0 -1 1 1 -1 0 -1 0 0 0 -1 1 0 0 -1 0 -1 1 1 -1 0 0 0 0 -1 0 1 0 -1 1 -1 -1 -1 0 0 -1 -1 0 1 -1 0 0 -1 1 1 0 0 0 1 -1 0 -1 1 0 -1 1 1 0 1 0 1 -1 -1 -1 0 -1 0 0 -1 -1 1 1 0 0 0 1 0 0 0 0 1 0 -1 -1 1 0 0 0 0 -1 0 0 0 
-1 0 -1 0 -1 0 0 -1 -1 1 0 -1 -1 1 1 0 0 -1 0 0 1 0 -1 -1 1 0 0 0 -1 0 1 1 1 0 -1 0 0 -1 1 -1 0 -1 0 1 0 0 0 0 0 1 0 -1 1 0 0 0 -1 0 1 1 1 0 1 1 1 0 0 -1 0 -1 1 -1 1 1 1 0 0 0 0 0 -1 0 0 0 1 1 -1 0 0 -1 -1 -1 0 0 0 0 0 1 1 0 0 1 0 0 -1 -1 0 0 -1 -1 -1 -1 1 0 0 -1 0 0 0 -1 0 1 -1 0 -1 0 1 0 0 0 1 0 1 1 1 0 -1 -1 0 0 0 1 0 -1 1 0 -1 0 0 0 0 0 0 1 -1 -1 1 0 1 0 1 -1 0 0 0 -1 0 0 1 1 0 0 1 0 0 0 1 0 1 0 1 -1 0 -1 1 1 0 0 -1 1 -1 0 0 -1 0 1 0 -1 0 0 
1 0 0 0 0 1 0 0 0 0 0 1 0 1 1 1 0 0 -1 0 0 0 0 0 0 -1 1 -1 1 0 1 1 -1 0 0 1 0 1 0 0 0 0 0 0 1 -1 1 0 0 1 1 1 -1 1 1 0 1 -1 1 1 1 0 0 0 0 0 0 -1 0 1 -1 -1 0 -1 -1 1 0 -1 1 0 -1 0 1 1 0 1 1 -1 -1 0 -1 0 0 0 -1 -1 0 0 1 1 -1 0 0 0 0 1 0 -1 0 -1 0 -1 0 0 0 1 1 1 1 0 1 1 1 0 1 -1 -1 1 0 1 1 1 -1 0 -1 0 1 -1 -1 0 0 0 -1 0 0 0 0 -1 1 -1 0 -1 -1 0 1 1 -1 1 1 -1 0 1 -1 0 -1 0 1 -1 0 1 0 0 1 1 0 0 -1 0 1 -1 0 0 0 0 -1 0 0 1 0 0 0 1 1 1 -1 0 0 0 0 1 
1 -1 0 0 -1 0 -1 0 1 -1 1 0 0 1 -1 -1 -1 -1 0 0 1 0 0 0 1 -1 1 0 -1 -1 0 0 1 -1 0 0 1 1 0 0 -1 0 0 0 -1 0 0 1 0 0 0 -1 0 1 1 0 1 0 0 -1 0 -1 -1 1 -1 1 0 1 1 0 0 0 1 1 0 0 0 0 0 0 0 0 1 0 0 -1 0 -1 0 0 1 1 -1 -1 1 0 0 0 0 0 -1 1 1 1 0 -1 -1 0 -1 -1 -1 1 1 0 0 0 1 1 1 0 0 1 0 0 1 -1 0 -1 0 0 1 0 0 1 0 1 0 0 0 0 1 -1 -1 0 1 0 0 1 1 0 0 1 1 1 0 1 1 0 0 0 -1 0 -1 0 0 0 1 0 1 1 1 1 1 1 -1 1 -1 0 -1 0 -1 1 1 0 0 1 -1 0 0 1 0 0 -1 0 1 0 -1 0 0 1 
1 -1 0 0 0 -1 0 1 -1 0 0 -1 -1 1 1 -1 0 0 0 0 -1 -1 0 -1 1 -1 0 1 0 0 0 0 1 1 -1 0 0 0 -1 -1 -1 1 0 -1 -1 1 0 0 0 0 0 1 -1 -1 1 1 0 -1 0 0 -1 0 1 0 -1 0 1 1 1 1 0 0 -1 0 -1 1 -1 1 0 0 0 1 -1 1 0 0 1 0 -1 0 -1 -1 -1 0 -1 0 0 1 0 0 -1 1 -1 -1 0 -1 -1 -1 0 0 -1 0 0 0 1 1 1 0 0 0 0 0 1 0 1 -1 0 -1 1 0 0 -1 0 1 0 1 0 1 0 0 0 1 1 0 1 0 1 0 0 -1 -1 0 0 0 0 -1 0 0 1 0 0 -1 0 0 0 0 -1 1 0 1 0 0 1 1 1 0 0 0 -1 0 -1 1 0 0 0 -1 0 0 1 1 -1 0 1 -1 1 1 -1 -1 1 0 
0 1 1 0 0 0 -1 1 1 1 -1 1 1 1 -1 0 0 1 0 1 0 -1 0 -1 -1 -1 1 0 0 0 0 0 0 0 0 1 1 0 0 0 0 -1 -1 1 1 0 0 0 -1 0 1 0 0 0 0 1 -1 0 -1 1 0 0 0 1 0 0 -1 0 0 0 0 -1 1 -1 -1 1 0 0 -1 1 1 0 1 0 0 0 -1 1 1 0 -1 1 1 -1 0 0 0 -1 1 -1 1 1 0 0 -1 0 0 1 0 1 1 1 1 1 0 0 -1 0 0 1 0 1 0 1 0 0 -1 0 1 0 -1 1 0 -1 0 1 0 1 0 -1 1 1 0 0 1 -1 -1 1 0 0 -1 0 0 0 0 0 0 0 1 0 0 0 0 0 0 -1 0 -1 0 0 -1 1 0 0 0 0 -1 0 -1 -1 -1 -1 1 0 0 -1 0 -1 -1 -1 0 0 0 0 0 0 1 1 -1 0 
0 0 1 1 1 0 -1 -1 -1 1 0 1 0 0 1 0 0 1 0 -1 -1 -1 0 1 -1 -1 0 0 0 1 -1 0 1 0 0 -1 -1 0 0 1 0 1 1 1 1 1 0 0 0 0 1 1 -1 0 0 1 0 0 1 1 0 0 0 0 1 0 -1 1 -1 0 -1 1 1 0 0 -1 -1 0 0 1 1 -1 0 0 0 -1 0 0 0 -1 0 1 0 1 1 0 0 -1 1 0 1 0 1 1 0 0 0 0 0 -1 0 1 -1 -1 0 0 0 1 0 0 0 0 -1 0 0 1 0 1 0 -1 0 0 0 0 -1 1 0 0 -1 0 -1 1 0 0 0 0 -1 -1 0 1 -1 1 0 0 1 1 1 -1 -1 0 1 -1 1 -1 0 1 -1 0 1 -1 0 1 0 0 0 1 1 -1 1 -1 0 0 0 1 0 0 1 -1 -1 0 1 0 1 0 -1 0 -1 0 -1 0 
1 -1 1 0 0 0 -1 1 1 1 -1 1 0 -1 0 1 0 -1 -1 0 1 0 0 1 -1 -1 1 1 0 -1 -1 0 1 1 0 0 -1 0 -1 1 1 0 0 0 0 -1 0 -1 1 1 1 0 1 1 0 0 1 -1 0 1 0 0 1 0 -1 -1 0 1 0 1 0 0 1 -1 1 0 1 1 -1 1 1 1 -1 -1 0 -1 -1 0 -1 0 1 0 1 0 -1 0 1 0 -1 -1 0 0 0 0 -1 0 -1 -1 0 -1 0 1 0 0 1 0 -1 -1 0 1 -1 0 0 -1 0 0 0 1 0 0 -1 0 1 0 0 0 1 0 1 -1 1 1 0 1 0 0 0 -1 0 0 1 0 0 1 0 -1 1 -1 0 -1 1 1 0 -1 1 0 1 -1 -1 -1 0 -1 1 -1 1 1 1 1 -1 -1 1 1 -1 0 1 0 -1 1 1 1 0 -1 0 1 -1 1 0 0 -1 0 
1 1 -1 -1 0 0 0 0 1 0 -1 1 1 -1 -1 -1 1 -1 0 -1 0 0 0 1 0 0 0 0 0 0 -1 0 0 0 1 0 1 -1 0 0 1 0 0 0 -1 0 0 0 0 1 0 1 0 0 0 -1 -1 1 -1 -1 1 0 1 1 0 0 -1 1 -1 0 1 0 0 0 -1 0 0 0 -1 0 1 -1 0 1 0 1 1 0 1 0 -1 0 0 0 -1 0 -1 0 0 0 0 1 1 1 0 0 0 0 0 -1 1 0 1 1 0 0 -1 0 1 0 1 1 -1 0 0 0 0 1 0 0 0 0 0 -1 -1 1 1 1 0 -1 1 1 -1 1 -1 1 1 0 0 1 -1 0 0 -1 1 -1 0 0 0 0 -1 1 0 1 0 0 -1 0 0 1 0 -1 0 0 0 1 -1 -1 0 -1 1 1 0 0 1 -1 1 1 0 -1 -1 -1 0 0 0 0 1 -1 0 0 
-1 1 1 0 1 -1 0 0 0 0 0 0 -1 0 0 1 0 1 -1 0 1 -1 -1 0 -1 0 -1 0 1 1 0 -1 1 -1 -1 1 0 1 1 -1 0 1 -1 0 -1 -1 -1 0 0 1 0 1 1 1 1 0 -1 -1 1 0 0 1 0 -1 1 0 -1 0 -1 0 1 1 0 0 1 -1 1 1 0 0 1 -1 -1 0 -1 -1 0 0 0 0 1 -1 1 -1 0 1 1 0 0 1 -1 0 0 0 -1 0 0 0 1 1 -1 0 0 -1 0 -1 0 -1 0 0 1 0 -1 0 -1 1 1 0 1 1 1 0 1 0 0 -1 0 1 0 0 0 0 -1 1 0 0 1 -1 -1 0 0 1 0 0 0 1 -1 0 -1 0 0 -1 0 0 -1 0 -1 -1 0 1 0 -1 0 0 -1 0 0 0 0 -1 0 0 -1 1 0 -1 0 1 1 1 -1 0 1 0 0 0 0 1 -1 1 
-1 0 1 0 1 1 0 0 0 -1 1 -1 1 -1 0 0 0 0 -1 1 1 0 1 1 0 0 -1 0 0 0 0 0 0 0 -1 0 0 -1 -1 0 0 0 0 0 1 0 1 0 -1 -1 -1 0 1 -1 0 0 -1 0 -1 -1 1 -1 0 0 -1 1 0 -1 0 1 0 0 1 0 0 -1 0 0 0 -1 0 -1 0 0 1 0 -1 0 0 1 -1 -1 -1 0 0 -1 0 -1 -1 -1 0 0 0 -1 -1 -1 0 -1 -1 0 0 -1 0 0 0 0 1 0 0 1 1 0 -1 1 -1 0 1 -1 0 1 1 -1 1 1 1 0 1 0 -1 0 1 0 -1 -1 0 -1 1 1 -1 0 -1 0 1 -1 -1 -1 0 -1 0 0 0 0 0 1 0 1 -1 0 1 0 0 1 0 0 -1 0 0 -1 0 -1 -1 0 1 0 0 1 0 1 0 0 0 -1 0 -1 1 -1 -1 0 1 0 
0 1 0 0 -1 1 1 1 -1 -1 -1 1 0 -1 0 0 1 0 0 -1 0 1 0 0 0 0 0 1 -1 0 -1 1 1 0 1 0 0 0 0 -1 -1 1 -1 0 0 -1 0 -1 1 0 1 0 1 0 0 1 1 1 0 0 0 1 -1 1 0 1 -1 -1 -1 1 0 0 1 0 0 0 -1 1 -1 0 -1 -1 1 0 -1 0 1 0 -1 1 -1 -1 0 0 0 -1 0 -1 1 0 0 -1 0 1 0 0 0 0 0 1 0 0 1 0 0 -1 1 1 0 -1 1 1 1 0 0 0 0 0 -1 -1 1 -1 1 0 -1 0 -1 1 1 1 1 0 0 -1 1 0 -1 0 0 0 0 0 1 0 1 1 0 0 0 0 0 0 1 -1 0 0 -1 1 0 -1 1 0 -1 -1 -1 0 1 0 0 -1 0 1 0 0 -1 0 0 -1 0 0 0 1 0 -1 0 0 0 0 -1 1 
0 1 -1 0 0 0 -1 1 -1 -1 -1 0 1 0 0 0 0 1 1 1 1 1 0 0 1 0 0 -1 0 1 -1 0 0 0 0 0 -1 1 0 -1 -1 1 0 0 1 -1 0 -1 -1 1 1 0 1 1 0 1 0 0 0 0 -1 0 0 -1 1 0 -1 0 1 0 0 0 0 0 1 -1 1 0 1 0 0 0 0 -1 0 1 1 1 0 0 1 -1 0 -1 0 0 1 -1 0 0 0 0 0 0 -1 1 1 1 -1 -1 0 1 0 0 1 1 0 0 1 1 0 0 1 1 1 -1 0 1 0 -1 1 0 1 0 -1 0 0 1 0 0 -1 -1 0 0 0 0 0 1 -1 0 0 0 0 0 -1 -1 -1 1 1 0 0 -1 1 1 1 0 0 0 0 -1 1 1 -1 0 -1 -1 1 -1 0 -1 0 1 -1 0 1 -1 0 0 0 0 0 0 0 -1 0 0 -1 0 0 0 
-1 0 -1 0 -1 -1 1 -1 -1 1 -1 1 0 0 0 0 0 1 -1 -1 -1 1 0 1 0 -1 0 0 -1 -1 0 1 0 0 0 -1 1 1 -1 0 1 -1 -1 0 0 -1 -1 0 -1 -1 0 -1 0 0 0 0 0 -1 0 0 0 0 0 0 1 -1 1 1 -1 -1 -1 1 0 1 -1 0 1 1 1 0 0 -1 0 0 1 -1 1 0 -1 1 1 0 0 0 1 0 -1 -1 0 -1 1 0 0 -1 0 -1 -1 0 0 -1 0 1 0 1 -1 -1 -1 1 0 -1 0 0 1 1 1 0 -1 -1 -1 -1 -1 0 0 0 1 0 -1 1 -1 0 -1 0 1 -1 -1 1 0 -1 -1 0 0 0 1 0 1 0 -1 0 0 1 0 0 0 0 0 0 0 -1 -1 0 0 -1 0 0 0 0 1 0 0 1 1 0 0 -1 0 0 0 0 1 -1 -1 0 0 -1 -1 -1 0 0 0 0 
1 -1 0 0 0 0 0 -1 0 0 0 -1 -1 1 1 -1 1 0 -1 0 -1 0 0 -1 -1 -1 1 0 0 0 1 -1 0 0 1 0 1 1 0 0 0 1 1 0 1 -1 0 0 -1 0 1 1 0 1 -1 0 0 1 0 0 1 0 -1 0 1 0 -1 -1 0 -1 -1 0 0 1 1 1 0 0 -1 0 1 0 -1 1 -1 1 0 -1 0 -1 0 0 -1 0 0 1 0 1 -1 -1 0 1 0 -1 -1 0 1 0 0 0 0 0 1 -1 1 0 1 0 -1 -1 1 0 0 1 0 0 0 1 0 0 1 0 -1 1 -1 1 -1 0 -1 0 -1 -1 0 0 1 0 0 0 0 0 0 0 0 0 0 0 0 -1 1 1 -1 -1 1 0 0 0 1 -1 0 0 0 0 -1 1 0 0 1 0 0 1 0 1 0 0 0 1 -1 0 0 0 1 0 1 1 -1 0 1 0 0 0 
-1 -1 0 1 1 0 0 1 -1 0 -1 0 -1 -1 0 0 0 0 1 1 -1 1 0 1 0 -1 0 -1 1 0 0 -1 0 0 -1 0 1 -1 -1 1 1 1 0 0 -1 1 -1 1 -1 0 -1 -1 1 -1 -1 0 0 1 1 0 -1 1 -1 1 0 1 1 0 -1 0 0 -1 1 -1 0 0 -1 -1 1 0 0 0 0 -1 0 0 0 0 0 1 0 0 0 0 1 0 -1 1 -1 1 -1 1 0 1 -1 0 0 -1 -1 1 0 1 -1 1 0 0 1 1 -1 0 0 1 0 1 0 0 0 1 1 -1 0 -1 1 -1 0 -1 -1 0 0 -1 0 0 -1 0 0 0 0 1 0 0 1 0 0 -1 -1 0 -1 1 0 -1 1 -1 -1 0 0 -1 0 1 -1 -1 0 0 0 -1 0 1 0 0 1 -1 0 0 1 -1 0 0 1 0 0 1 0 0 -1 1 0 0 1 0 0 1 
0 0 1 0 0 -1 0 -1 -1 0 0 1 -1 -1 -1 0 0 1 -1 0 -1 1 -1 -1 1 -1 1 1 1 1 1 -1 0 0 0 1 0 1 1 0 1 -1 0 -1 1 -1 1 0 0 0 0 -1 -1 -1 0 0 0 0 0 1 0 0 0 1 1 1 0 1 -1 -1 0 1 0 -1 0 1 1 0 -1 0 1 -1 0 1 0 0 0 0 0 -1 0 -1 1 1 0 0 0 -1 0 0 1 0 0 1 1 1 0 0 1 -1 1 0 0 -1 1 -1 1 0 0 1 1 1 0 0 0 0 1 0 0 0 0 -1 1 -1 1 -1 0 0 1 0 -1 1 0 0 1 0 1 0 -1 0 -1 0 0 0 0 0 -1 0 1 0 1 -1 1 -1 -1 0 -1 0 1 1 -1 0 0 -1 0 -1 -1 0 1 0 0 0 0 1 -1 0 0 0 0 0 0 0 1 0 0 0 0 -1 -1 1 
0 0 -1 0 0 0 1 1 0 -1 -1 0 -1 0 -1 0 -1 0 0 0 1 -1 -1 -1 0 0 0 -1 -1 1 -1 0 -1 0 0 1 -1 1 -1 0 0 0 1 0 -1 0 0 -1 1 0 0 0 0 0 0 0 0 0 0 1 0 0 -1 1 0 0 1 0 -1 -1 0 -1 0 0 -1 1 -1 0 1 1 1 0 1 -1 0 0 1 1 -1 1 1 0 -1 0 0 0 -1 -1 0 -1 0 0 0 -1 1 1 0 1 0 1 0 -1 -1 0 -1 -1 0 0 1 -1 0 -1 -1 0 -1 0 0 0 0 0 -1 0 0 0 0 0 0 0 -1 0 -1 -1 1 0 0 0 1 1 1 0 -1 -1 1 0 0 0 -1 1 -1 -1 0 0 0 0 1 0 0 0 0 0 0 -1 1 0 1 0 0 -1 1 0 0 0 -1 1 -1 0 0 1 0 0 0 1 0 0 0 0 0 1 1 0 
0 0 -1 0 0 0 1 0 1 -1 -1 0 1 1 -1 0 0 -1 1 0 1 0 1 1 1 -1 1 0 1 0 0 0 0 0 -1 -1 0 1 -1 1 0 0 1 0 0 0 1 0 -1 1 0 1 0 0 -1 0 0 0 -1 0 0 0 0 0 -1 0 1 0 0 -1 1 1 0 1 0 -1 0 -1 0 -1 -1 1 -1 0 0 1 1 0 0 -1 1 0 -1 0 1 0 1 -1 0 0 1 0 0 1 1 0 -1 -1 0 0 -1 0 1 0 0 1 1 0 1 0 0 0 -1 0 -1 1 0 0 0 1 0 0 -1 0 0 -1 1 0 -1 -1 1 1 -1 0 0 0 0 1 -1 -1 -1 1 -1 1 1 0 0 0 0 0 0 0 1 0 0 0 1 0 -1 -1 0 1 0 0 0 0 -1 0 -1 1 0 0 0 1 -1 1 1 0 1 -1 0 0 1 -1 -1 0 1 0 0 0 
0 -1 0 -1 -1 0 0 0 0 -1 1 0 0 1 0 -1 -1 -1 -1 -1 0 -1 0 1 0 0 0 -1 0 -1 0 -1 1 0 -1 -1 -1 0 0 0 1 0 0 -1 1 0 1 1 -1 -1 -1 0 -1 0 0 -1 0 0 0 -1 0 0 1 -1 0 0 0 0 -1 -1 -1 0 -1 0 -1 -1 0 0 0 -1 0 0 1 0 1 -1 -1 0 0 0 -1 -1 0 1 0 1 -1 -1 0 0 1 0 -1 1 0 0 0 0 0 -1 0 -1 0 1 1 1 0 -1 -1 1 -1 1 1 0 0 1 1 1 0 -1 -1 0 1 -1 -1 1 0 0 0 0 0 1 0 -1 0 0 1 0 1 0 1 -1 0 0 -1 0 1 1 1 0 -1 -1 1 0 -1 0 1 0 0 0 1 0 0 1 0 0 -1 0 0 0 0 -1 0 0 -1 -1 0 0 0 1 0 1 0 1 0 -1 -1 0 1 0 
0 0 -1 -1 -1 0 1 0 1 1 -1 0 0 0 0 0 0 1 1 1 -1 0 0 0 1 -1 1 1 1 -1 -1 -1 1 0 1 0 0 0 0 1 -1 1 1 -1 0 1 0 0 -1 0 1 1 1 -1 1 1 1 1 1 -1 0 -1 0 0 0 -1 0 0 -1 1 0 0 0 1 -1 1 1 -1 1 1 0 1 1 0 -1 0 0 0 0 -1 -1 1 -1 0 0 0 1 0 -1 0 -1 1 0 1 0 1 0 0 0 0 0 0 0 -1 1 -1 0 0 0 0 -1 1 0 1 0 1 -1 1 0 -1 1 1 1 -1 0 1 0 -1 -1 -1 0 0 0 -1 0 0 1 1 -1 -1 1 0 1 0 1 0 1 -1 0 0 1 1 0 0 1 1 -1 1 0 0 0 -1 -1 -1 1 0 -1 1 -1 0 0 0 1 0 0 0 -1 1 0 0 0 0 0 0 0 0 0 0 0 0 
0 0 1 0 1 -1 -1 0 1 0 0 0 0 0 1 1 0 0 -1 0 0 1 0 1 1 0 0 0 0 0 -1 -1 0 0 1 -1 1 -1 -1 1 0 -1 0 1 -1 1 0 0 1 0 0 0 0 0 0 0 0 -1 0 -1 1 0 1 1 0 0 -1 -1 -1 0 0 -1 0 1 0 0 -1 -1 1 -1 -1 1 0 0 0 1 0 0 -1 0 1 1 -1 -1 0 0 -1 1 -1 1 1 -1 1 0 1 -1 -1 0 -1 1 0 -1 1 1 -1 1 -1 -1 1 -1 0 -1 1 -1 0 0 0 1 -1 -1 1 0 0 -1 0 0 1 -1 1 0 1 0 0 -1 1 -1 0 1 1 -1 -1 1 0 0 1 1 0 0 0 1 -1 0 1 -1 0 0 -1 1 0 0 0 1 1 1 1 -1 1 0 0 -1 1 -1 1 0 1 -1 0 -1 0 -1 0 -1 1 1 -1 1 1 -1 -1 0 
0 0 0 -1 0 -1 0 -1 0 0 0 0 0 -1 -1 0 1 0 0 0 0 0 1 0 0 0 0 -1 0 0 0 0 0 0 0 0 0 0 0 0 1 -1 0 0 0 -1 -1 0 0 -1 -1 0 0 0 1 0 1 1 1 -1 1 1 0 0 0 0 0 0 0 0 1 1 1 0 1 -1 0 0 -1 0 -1 -1 0 0 0 1 0 0 0 0 0 1 -1 0 0 0 0 0 1 0 0 0 0 1 1 -1 1 0 -1 1 -1 0 0 0 -1 1 -1 0 -1 -1 0 -1 0 0 1 -1 1 0 0 1 1 0 0 -1 1 -1 -1 1 0 0 0 1 1 0 -1 0 0 0 0 0 1 0 0 1 -1 0 0 -1 -1 0 1 -1 -1 0 1 -1 1 -1 -1 0 0 1 0 1 1 0 0 0 0 0 1 0 0 0 0 1 0 -1 -1 0 0 1 0 0 -1 -1 -1 0 1 0 
-1 0 1 -1 -1 1 -1 -1 1 0 1 0 1 1 0 -1 0 0 0 1 1 1 1 -1 -1 -1 0 0 -1 0 1 1 0 0 1 0 1 1 0 0 0 -1 -1 0 -1 -1 0 0 1 -1 0 1 0 0 1 0 0 1 -1 1 0 1 0 0 0 0 1 -1 0 0 0 1 1 -1 1 1 0 0 -1 0 1 -1 0 0 -1 0 1 0 -1 1 0 0 0 0 -1 -1 0 1 1 1 -1 -1 0 0 0 1 1 0 0 1 -1 0 -1 1 0 1 0 1 0 1 0 0 1 0 0 1 0 1 -1 0 0 -1 0 0 1 -1 0 -1 -1 -1 -1 0 -1 -1 0 0 0 -1 -1 1 0 0 -1 0 1 -1 0 1 -1 0 0 1 1 0 -1 0 0 0 1 0 0 -1 1 0 1 -1 0 -1 0 -1 0 0 -1 -1 1 1 1 1 0 0 -1 0 1 1 0 1 1 0 0 1 
1 -1 1 0 0 -1 0 1 1 0 -1 0 -1 1 0 -1 0 0 0 0 0 0 1 0 0 0 0 -1 0 1 -1 0 -1 0 -1 0 0 -1 0 0 0 0 0 1 -1 0 0 0 1 1 0 1 0 -1 0 0 1 0 0 0 1 -1 1 0 -1 1 1 1 1 0 0 -1 -1 0 1 0 1 0 0 -1 1 0 -1 0 0 -1 1 -1 1 1 0 0 0 0 0 0 0 0 1 1 0 1 0 1 0 0 0 -1 -1 0 0 -1 0 1 0 1 -1 0 -1 0 0 0 1 1 1 0 0 0 0 -1 1 -1 -1 -1 1 -1 0 0 0 1 0 1 -1 0 -1 0 0 0 1 0 0 1 1 0 0 0 0 0 -1 0 1 -1 0 0 0 -1 0 0 0 0 0 0 1 -1 0 0 -1 0 0 1 0 -1 0 0 0 -1 0 0 0 0 1 0 0 -1 1 0 0 -1 -1 0 
1 -1 0 1 1 0 0 0 1 0 -1 1 0 1 -1 -1 -1 0 1 0 1 0 -1 0 0 0 -1 -1 -1 1 0 -1 1 1 0 0 0 -1 0 -1 1 0 0 0 -1 0 -1 0 0 -1 1 0 -1 0 -1 1 0 0 0 -1 0 0 1 0 0 -1 0 -1 0 -1 -1 0 1 -1 -1 -1 0 1 1 0 0 1 -1 1 1 0 -1 1 0 0 -1 -1 -1 0 -1 0 1 0 0 0 -1 1 0 0 -1 1 0 -1 1 0 0 -1 0 0 1 -1 1 -1 1 -1 0 0 -1 0 0 -1 0 1 1 0 -1 -1 1 0 1 1 -1 0 1 0 1 0 1 1 0 0 0 1 0 -1 0 0 0 0 0 0 1 1 1 1 -1 1 0 1 1 1 1 1 0 -1 0 0 -1 -1 0 0 -1 0 1 1 -1 0 0 0 -1 0 0 0 -1 0 0 -1 1 -1 1 0 -1 0 1 0 
0 1 1 0 -1 0 0 -1 1 0 0 1 -1 0 1 0 0 0 0 -1 -1 -1 -1 0 0 0 0 1 -1 1 0 1 0 1 -1 0 0 -1 -1 0 -1 0 0 0 -1 0 0 0 1 0 0 0 -1 -1 1 0 0 1 -1 0 0 -1 1 -1 0 -1 1 -1 0 1 0 0 -1 -1 1 0 -1 0 1 0 0 0 -1 1 0 1 -1 -1 0 0 -1 0 1 -1 -1 0 -1 0 -1 0 1 0 -1 -1 0 -1 0 1 -1 1 0 -1 0 0 0 -1 0 -1 0 0 0 -1 0 -1 0 0 0 1 -1 1 0 0 1 1 -1 -1 1 0 1 -1 -1 1 0 0 0 0 -1 1 -1 1 0 -1 0 0 0 0 -1 1 0 1 1 0 0 1 1 -1 0 1 0 0 -1 -1 0 -1 1 0 -1 1 0 -1 -1 0 1 1 1 0 0 0 0 1 1 1 0 0 -1 0 -1 0 -1 1 
-1 0 1 0 0 -1 0 -1 0 -1 -1 1 -1 0 0 -1 -1 0 1 1 1 -1 0 -1 1 -1 0 0 0 -1 -1 1 0 1 1 -1 -1 -1 -1 0 -1 0 0 -1 0 1 1 -1 1 0 0 0 0 -1 0 -1 0 0 0 0 0 1 0 0 0 -1 1 -1 0 0 0 0 -1 0 0 -1 0 1 0 0 0 -1 0 1 0 -1 0 0 0 -1 0 0 -1 1 0 1 -1 1 1 0 -1 0 0 0 0 0 0 -1 -1 1 0 0 1 -1 -1 0 0 0 0 0 0 0 0 0 0 -1 1 0 1 0 -1 1 1 -1 0 0 1 0 -1 0 1 0 0 1 -1 0 0 0 0 0 0 0 0 0 1 0 1 -1 0 0 1 0 1 -1 -1 -1 0 1 1 1 -1 1 1 0 0 1 -1 -1 1 0 1 0 0 0 0 0 -1 0 -1 0 1 0 -1 0 -1 -1 1 1 0 -1 
0 0 0 -1 -1 0 -1 1 -1 0 0 0 1 0 1 1 0 1 1 0 0 0 0 0 0 -1 1 0 1 1 -1 1 0 0 -1 -1 1 0 0 0 -1 -1 -1 0 0 1 0 1 0 0 0 0 0 1 -1 1 0 -1 0 0 0 0 0 -1 0 -1 1 0 -1 1 1 0 0 -1 0 -1 0 0 -1 0 1 1 -1 0 0 0 -1 0 1 0 -1 0 0 1 -1 -1 0 -1 -1 0 1 0 0 1 1 0 1 0 0 -1 0 1 0 1 0 0 -1 0 1 0 0 0 -1 1 -1 -1 1 0 0 1 0 -1 0 -1 1 0 0 1 0 -1 0 1 0 0 -1 0 1 0 1 0 0 0 1 -1 0 1 1 0 1 -1 1 1 0 1 1 0 0 1 -1 0 -1 -1 -1 0 0 -1 0 0 1 1 0 0 -1 -1 1 -1 1 0 -1 1 -1 1 0 0 1 1 0 0 1 -1 
-1 0 1 0 0 -1 1 0 -1 0 -1 -1 0 1 0 0 0 0 -1 0 1 0 0 0 0 1 0 0 1 -1 -1 1 1 1 0 0 0 -1 -1 1 0 1 0 0 1 1 0 0 1 -1 -1 0 0 0 0 0 0 1 0 0 0 1 -1 0 0 -1 1 1 1 1 0 1 0 1 0 -1 1 -1 -1 1 -1 1 -1 1 -1 0 1 1 -1 -1 1 1 1 1 1 -1 0 -1 0 1 0 0 0 1 0 -1 -1 0 -1 0 1 -1 -1 0 -1 0 -1 1 -1 1 0 -1 -1 0 1 0 0 1 1 0 -1 -1 0 1 0 1 0 -1 0 1 -1 1 0 -1 1 1 1 0 0 1 1 -1 -1 0 0 0 0 -1 0 0 -1 1 -1 -1 1 -1 1 -1 1 -1 -1 0 1 0 0 1 -1 0 0 0 -1 1 -1 0 -1 0 0 0 0 0 1 1 0 1 0 0 -1 1 -1 0 
0 0 1 -1 -1 0 0 -1 -1 1 -1 -1 1 1 0 0 1 -1 0 0 -1 1 0 1 -1 0 1 1 0 -1 0 -1 1 1 0 1 0 0 0 0 0 -1 0 -1 -1 1 1 0 0 0 0 1 0 1 1 0 -1 0 -1 0 -1 0 -1 -1 1 -1 0 0 0 0 0 0 0 0 -1 -1 0 1 0 0 0 -1 -1 0 1 0 -1 0 1 0 0 -1 0 0 0 1 0 0 1 0 0 -1 0 1 0 0 0 -1 -1 1 0 0 0 1 0 0 0 0 0 0 0 -1 0 -1 0 0 0 0 1 0 -1 -1 0 0 1 -1 0 0 0 0 1 0 -1 1 0 1 0 0 0 0 0 1 -1 0 1 0 1 -1 0 0 1 0 1 1 -1 0 0 -1 1 0 -1 0 1 -1 1 1 0 0 0 0 0 1 1 0 0 1 1 0 -1 1 -1 -1 -1 1 0 0 -1 1 1 0 
-1 0 0 -1 0 0 1 1 1 1 0 -1 -1 1 0 1 0 1 -1 -1 0 1 0 -1 1 0 -1 -1 0 0 -1 0 1 0 1 0 0 1 0 0 -1 1 -1 0 0 1 0 0 0 0 0 0 0 0 0 0 0 -1 -1 0 0 0 0 -1 0 1 0 0 0 -1 0 0 -1 1 -1 -1 0 0 0 0 0 0 0 0 0 -1 -1 -1 0 0 0 1 -1 0 0 1 1 1 -1 -1 -1 0 1 1 -1 1 1 0 1 0 1 -1 0 1 1 1 -1 1 0 1 0 1 1 0 0 1 0 -1 0 1 1 0 0 1 0 0 1 0 1 0 1 0 -1 1 1 0 1 0 0 0 0 -1 1 -1 -1 0 0 0 0 0 1 0 -1 0 0 1 -1 1 0 -1 -1 1 1 0 -1 0 -1 0 -1 1 -1 1 1 -1 0 1 0 0 -1 1 -1 1 0 1 1 0 0 1 0 -1 
1 0 1 1 1 0 -1 1 -1 0 0 0 1 1 0 1 -1 0 0 1 -1 0 0 1 1 -1 1 0 -1 0 1 -1 -1 0 0 0 0 0 -1 0 1 0 -1 -1 0 0 1 1 1 0 -1 -1 0 1 0 0 0 0 1 0 -1 -1 1 1 0 1 -1 1 0 0 1 1 -1 -1 0 1 0 0 0 1 1 0 -1 -1 1 0 0 0 0 0 0 0 0 1 -1 0 -1 -1 0 0 1 -1 -1 -1 -1 0 -1 0 -1 0 -1 0 0 -1 0 1 0 1 -1 0 -1 0 1 1 0 0 1 0 0 1 0 0 1 -1 1 0 0 0 -1 0 1 0 0 0 1 0 1 1 1 0 0 0 0 -1 -1 1 0 1 -1 0 1 -1 -1 1 0 0 1 1 0 -1 -1 -1 0 0 0 0 -1 -1 -1 0 0 0 1 1 0 1 1 0 1 1 1 0 0 1 -1 1 0 -1 -1 0 
0 1 0 -1 0 0 0 0 0 0 -1 1 1 0 0 0 0 -1 0 1 1 0 -1 0 0 1 0 0 -1 0 0 0 1 1 0 0 0 1 0 0 -1 0 0 0 -1 1 -1 0 0 -1 0 0 0 0 -1 1 -1 0 1 1 0 0 0 0 1 0 1 0 0 0 -1 0 1 0 1 0 1 0 0 0 0 0 1 -1 1 -1 0 1 1 0 0 0 0 0 -1 1 -1 0 0 0 1 0 0 0 0 0 0 1 1 -1 0 0 0 0 0 1 0 0 0 0 -1 0 -1 -1 -1 -1 -1 -1 0 -1 0 1 0 1 0 0 0 0 1 0 -1 -1 0 1 0 1 -1 0 1 1 -1 0 -1 0 -1 1 0 1 1 -1 1 1 0 -1 -1 0 -1 0 0 0 0 -1 -1 1 0 0 1 0 0 0 1 0 -1 -1 -1 -1 -1 1 1 1 1 0 -1 -1 0 -1 -1 1 0 0 
-1 0 0 1 0 0 -1 0 0 0 -1 0 0 -1 1 0 0 1 1 0 0 -1 1 0 0 0 -1 -1 1 1 1 1 0 -1 -1 0 -1 -1 1 0 -1 0 0 1 1 1 1 0 0 1 1 0 0 0 0 -1 -1 -1 0 0 0 0 -1 -1 1 1 -1 0 0 -1 -1 0 1 1 1 -1 0 0 -1 0 1 1 1 0 -1 -1 0 0 0 1 0 1 1 1 -1 0 0 -1 -1 -1 -1 -1 0 -1 1 0 0 -1 -1 -1 1 1 0 0 0 0 0 0 0 0 -1 0 0 1 1 -1 -1 0 0 1 1 -1 -1 -1 -1 0 1 1 -1 0 1 -1 1 0 0 -1 0 1 0 -1 0 0 0 1 -1 1 0 1 0 -1 -1 1 1 1 0 0 1 1 0 0 0 -1 0 0 -1 0 0 0 1 -1 1 -1 -1 0 0 0 0 0 0 1 -1 0 0 0 0 0 -1 1 0 0 
-1 1 0 0 0 -1 0 0 0 1 -1 -1 0 -1 1 1 -1 1 0 0 0 1 0 1 0 1 0 0 1 0 0 0 1 0 0 0 -1 0 0 0 -1 1 1 0 -1 -1 0 -1 0 -1 0 0 0 0 0 0 0 1 1 0 0 0 0 -1 0 0 -1 0 1 1 -1 0 -1 0 0 1 0 0 1 -1 0 0 1 -1 0 -1 1 0 0 -1 -1 -1 1 0 0 0 -1 1 0 1 0 0 -1 0 -1 0 -1 1 1 0 0 1 1 1 0 0 -1 0 0 1 -1 1 0 -1 -1 1 -1 0 0 -1 0 0 -1 0 0 0 0 1 0 0 0 1 0 0 -1 0 0 0 -1 0 0 0 0 -1 -1 1 -1 1 -1 0 0 -1 1 0 0 1 -1 0 0 0 0 0 1 0 1 0 0 0 1 -1 1 0 1 -1 0 0 0 0 -1 0 0 -1 0 0 -1 1 0 0 1 -1 
0 1 0 1 -1 -1 1 0 -1 0 1 1 0 0 0 -1 0 0 -1 0 0 0 0 -1 0 0 -1 0 0 -1 1 1 0 1 0 0 -1 0 -1 -1 0 0 -1 -1 0 0 0 0 -1 1 -1 0 -1 0 1 0 -1 1 -1 0 1 1 -1 1 0 -1 0 -1 -1 0 0 1 -1 0 1 1 0 0 1 0 0 0 0 0 1 -1 1 1 0 0 1 1 1 0 0 -1 0 1 0 0 1 0 1 -1 1 -1 0 -1 0 -1 -1 0 -1 0 0 0 0 0 1 0 1 0 0 0 -1 0 -1 -1 0 0 -1 0 0 0 0 0 1 0 -1 -1 0 0 1 0 1 -1 0 0 0 0 1 0 0 -1 0 -1 0 0 0 0 1 1 1 1 0 1 0 0 1 0 0 0 0 1 -1 -1 0 1 -1 0 -1 1 -1 -1 1 -1 0 0 0 0 0 1 0 0 0 0 0 0 0 1 
1 0 0 1 0 1 -1 0 1 0 0 0 0 0 0 0 0 0 0 0 -1 0 0 0 1 0 0 1 -1 -1 -1 0 1 0 1 0 -1 0 1 0 -1 0 -1 0 0 -1 0 -1 0 0 -1 -1 1 -1 1 1 1 0 0 -1 -1 0 1 0 0 0 0 0 0 -1 0 0 0 1 1 0 -1 0 -1 -1 0 0 -1 -1 0 -1 1 0 1 0 0 -1 0 0 -1 0 0 0 0 0 1 1 0 0 0 1 0 0 0 0 1 1 0 0 -1 0 -1 0 1 0 1 -1 -1 0 -1 -1 -1 0 0 -1 0 -1 -1 -1 -1 0 0 0 0 0 -1 -1 1 1 1 0 0 -1 0 1 1 -1 0 0 0 0 0 -1 0 0 1 0 0 1 -1 0 0 0 1 -1 1 0 -1 0 -1 0 0 0 0 0 0 1 0 -1 0 0 1 -1 1 1 -1 0 1 0 -1 0 0 0 1 0 
-1 -1 -1 0 0 1 -1 0 -1 1 0 0 0 0 0 0 0 0 1 0 -1 -1 0 0 -1 0 0 0 0 1 0 0 0 1 -1 0 0 -1 1 0 0 -1 -1 0 0 0 1 1 0 0 0 -1 1 1 1 0 -1 0 1 1 -1 0 -1 0 -1 1 0 1 0 0 1 1 0 -1 0 0 0 0 1 0 0 1 1 -1 -1 -1 1 0 0 1 0 0 -1 0 0 1 0 0 -1 -1 1 0 0 1 1 0 1 0 1 0 -1 0 0 0 -1 0 1 -1 0 0 0 1 1 -1 0 0 0 1 0 0 1 -1 0 1 -1 -1 1 1 0 1 1 1 -1 1 1 1 0 0 0 0 -1 1 1 1 -1 0 0 -1 1 0 0 0 0 -1 1 0 0 0 1 -1 0 1 1 0 1 -1 0 0 0 -1 1 0 -1 0 0 0 0 0 0 0 0 0 0 -1 0 0 1 0 1 0 
0 0 1 0 -1 -1 -1 0 0 0 1 -1 -1 0 -1 -1 0 0 0 0 -1 0 0 -1 0 0 0 0 -1 1 -1 0 0 0 0 0 0 0 0 0 0 -1 1 1 -1 -1 -1 1 0 -1 -1 -1 0 0 1 -1 0 0 0 -1 0 -1 -1 0 -1 0 -1 0 1 0 1 0 1 0 -1 -1 1 -1 -1 0 0 1 1 0 0 0 0 0 0 0 1 0 1 -1 0 0 0 0 -1 1 0 0 -1 0 0 -1 0 -1 -1 0 -1 -1 -1 1 1 -1 0 0 0 -1 -1 0 0 0 1 1 0 0 0 1 0 0 1 0 0 0 0 0 -1 1 0 0 -1 0 0 0 0 -1 0 -1 -1 0 1 1 -1 1 -1 0 -1 0 0 -1 1 -1 -1 1 1 1 0 1 0 0 1 1 0 -1 0 0 0 0 -1 0 0 1 -1 0 1 1 0 0 0 0 -1 1 0 -1 0 0 1 1 
0 -1 0 -1 1 1 0 0 1 1 0 1 0 -1 0 1 0 -1 0 1 0 0 -1 1 1 1 1 -1 0 0 1 0 -1 0 0 1 -1 0 -1 -1 -1 0 0 0 1 1 -1 -1 -1 -1 0 -1 0 0 0 0 1 0 -1 0 -1 0 1 1 -1 0 0 0 0 0 0 -1 -1 0 1 -1 1 0 0 1 -1 0 0 1 0 -1 0 0 1 1 -1 -1 -1 -1 -1 0 -1 1 0 0 0 -1 0 -1 0 0 0 0 0 0 0 1 -1 -1 0 1 0 -1 0 1 1 0 -1 0 1 -1 0 -1 0 1 0 0 1 0 1 0 -1 0 -1 1 0 0 0 0 0 -1 1 1 0 0 1 -1 1 0 0 -1 1 0 0 -1 0 -1 0 -1 0 0 -1 1 -1 1 0 0 1 0 0 1 -1 1 0 0 0 0 1 0 0 0 1 -1 0 -1 -1 0 0 0 0 1 0 0 -1 0 
-1 -1 0 -1 0 0 1 0 0 1 0 0 0 1 0 -1 0 0 0 0 -1 -1 0 1 0 0 0 -1 1 -1 0 1 1 0 1 0 1 1 1 1 -1 1 -1 0 1 1 1 0 1 -1 -1 1 0 0 0 1 -1 1 1 -1 0 1 0 0 1 0 1 0 -1 -1 1 0 1 -1 0 0 0 0 1 1 0 0 0 -1 0 0 1 1 0 1 0 0 -1 -1 0 -1 1 0 0 0 1 0 -1 0 -1 0 0 1 1 1 0 0 -1 0 -1 0 0 0 0 1 -1 0 0 0 1 0 1 0 0 0 1 0 0 0 1 1 0 -1 0 0 -1 -1 0 -1 1 0 -1 0 0 0 1 0 0 1 -1 0 0 -1 0 -1 0 1 0 0 0 -1 -1 0 0 -1 -1 0 1 1 0 -1 -1 1 0 -1 1 0 0 1 0 -1 0 -1 -1 -1 -1 -1 -1 0 -1 1 0 -1 0 0 
-1 0 0 -1 0 0 1 -1 1 0 0 -1 1 1 0 1 0 0 1 1 -1 -1 -1 0 -1 -1 -1 0 0 -1 0 1 0 -1 0 0 0 0 -1 -1 1 0 0 1 0 1 -1 0 1 0 1 0 1 0 1 0 -1 1 1 1 0 0 1 1 0 1 0 0 1 -1 1 0 0 0 0 0 -1 1 0 1 0 0 0 1 0 0 1 -1 0 -1 0 1 0 1 0 1 1 1 -1 -1 1 -1 0 -1 0 0 0 0 1 0 -1 0 0 1 1 1 0 0 0 1 -1 0 0 0 0 1 -1 -1 -1 -1 0 -1 0 0 1 0 0 -1 1 0 0 -1 -1 0 0 1 0 1 1 -1 0 0 1 0 -1 1 -1 0 1 0 -1 1 0 1 0 -1 -1 -1 0 0 -1 -1 0 0 -1 0 1 0 -1 0 -1 0 0 1 1 1 1 1 1 -1 0 0 1 0 1 0 0 1 -1 -1 
-1 0 0 -1 0 1 0 0 1 -1 -1 0 0 1 -1 -1 1 0 0 -1 1 0 -1 0 0 -1 0 1 1 1 0 0 0 0 0 0 0 -1 1 0 0 1 0 -1 1 1 0 0 0 0 -1 0 0 -1 0 0 0 0 0 1 1 0 1 -1 1 0 0 0 1 0 0 1 1 0 0 0 0 1 1 -1 0 0 0 -1 1 0 0 1 -1 1 1 0 0 0 -1 1 1 0 0 -1 1 -1 -1 -1 0 0 0 0 -1 0 -1 1 0 0 -1 0 1 -1 0 -1 -1 0 -1 1 1 1 0 -1 0 0 0 0 0 0 -1 1 0 -1 0 0 0 1 0 -1 0 0 0 -1 1 -1 0 0 1 1 -1 1 1 1 0 0 0 0 0 0 1 -1 0 0 1 0 1 0 -1 -1 1 1 1 -1 1 0 -1 -1 0 1 -1 0 0 0 1 0 0 0 0 -1 0 0 0 0 0 1 
0 -1 -1 1 0 0 1 0 0 0 0 1 -1 -1 1 0 1 1 -1 -1 1 1 0 0 -1 0 -1 -1 0 1 -1 1 0 1 1 1 0 0 0 0 -1 0 -1 1 0 0 0 0 -1 0 1 1 -1 1 0 0 0 0 -1 -1 0 0 0 -1 0 -1 0 -1 0 0 -1 -1 0 -1 0 0 1 0 0 0 0 -1 0 0 -1 0 0 1 0 -1 0 1 -1 0 0 -1 0 0 1 1 -1 1 0 0 1 -1 0 0 -1 0 -1 0 1 -1 0 -1 1 1 1 0 -1 -1 1 -1 1 1 0 0 -1 -1 1 1 -1 0 0 0 0 0 0 1 0 0 1 0 -1 0 0 -1 0 -1 -1 1 1 0 -1 0 0 0 1 0 0 0 1 0 0 0 0 0 0 0 -1 0 1 0 1 0 0 0 0 -1 1 -1 -1 0 1 0 0 -1 1 1 1 -1 0 -1 1 0 -1 0 1 1 
0 1 0 0 1 1 1 1 0 0 0 -1 1 0 1 -1 1 -1 0 1 1 1 1 0 -1 0 0 0 0 0 0 1 0 0 0 0 0 -1 -1 1 -1 0 1 0 0 1 0 -1 -1 1 1 0 0 -1 0 -1 0 0 0 -1 0 -1 0 0 0 0 0 0 -1 -1 0 -1 0 0 -1 1 -1 -1 0 1 0 0 1 1 0 0 -1 -1 0 1 0 -1 -1 -1 -1 0 0 0 1 1 -1 1 0 1 0 1 -1 0 0 1 0 0 0 0 0 0 0 1 -1 0 0 -1 0 0 -1 -1 1 0 -1 0 -1 1 0 -1 1 -1 0 1 1 0 0 0 0 1 1 -1 1 0 -1 0 1 -1 0 0 0 1 0 1 1 -1 -1 0 1 -1 -1 0 0 -1 1 0 -1 0 0 1 1 1 0 1 1 -1 -1 0 0 0 0 1 -1 -1 0 -1 1 1 -1 0 0 0 1 0 0 1 
1 0 -1 1 1 0 0 0 0 0 0 1 1 0 1 0 1 -1 0 0 0 1 -1 0 0 0 1 0 1 1 0 0 0 0 1 1 0 0 0 0 0 1 0 1 1 -1 1 0 1 0 1 1 0 0 0 1 1 0 0 -1 0 1 1 1 1 -1 0 1 -1 0 0 1 0 0 -1 -1 0 1 0 -1 -1 0 -1 0 0 0 0 0 0 1 0 1 1 1 -1 -1 0 0 1 0 1 1 0 0 0 -1 0 0 1 1 1 -1 -1 0 -1 0 -1 0 1 0 0 1 0 0 -1 0 0 1 -1 1 0 -1 0 -1 0 0 0 0 -1 0 1 0 0 0 0 0 1 0 1 -1 1 1 0 0 1 0 0 -1 0 1 0 0 1 0 1 0 1 0 0 0 -1 0 0 0 1 -1 1 -1 0 -1 1 0 -1 0 1 1 1 1 1 -1 0 0 0 -1 0 1 -1 0 1 1 
-1 0 0 -1 -1 0 0 1 0 -1 0 0 0 0 0 0 1 -1 0 0 0 1 -1 0 -1 -1 -1 -1 -1 0 0 -1 1 0 -1 -1 0 0 1 -1 -1 0 -1 0 1 1 -1 -1 1 0 0 -1 -1 0 -1 1 -1 1 -1 0 0 1 0 -1 1 1 -1 1 0 0 1 -1 0 -1 1 0 -1 0 -1 0 0 0 0 1 1 -1 1 -1 -1 1 -1 0 1 0 0 0 -1 1 1 1 0 1 0 1 0 0 0 0 0 0 1 0 1 1 1 0 1 1 0 -1 1 -1 -1 0 0 0 -1 0 0 -1 -1 -1 0 -1 0 0 0 0 -1 -1 1 0 1 -1 1 1 1 0 1 1 0 0 -1 -1 0 1 0 -1 0 0 0 1 0 0 0 0 -1 1 -1 -1 1 -1 0 -1 0 0 1 0 -1 0 0 0 0 0 0 0 -1 0 -1 0 -1 -1 0 1 -1 0 0 -1 0 1 
0 -1 1 -1 0 0 0 0 0 0 0 0 1 -1 0 -1 -1 -1 1 0 1 0 0 0 0 0 1 0 0 0 0 1 1 -1 0 0 0 0 1 0 0 0 1 0 0 1 0 -1 0 1 -1 0 0 -1 0 0 0 0 1 0 0 1 0 0 1 -1 -1 -1 -1 0 1 1 0 -1 0 0 0 1 0 1 0 0 1 0 1 0 1 0 -1 0 0 1 0 0 0 0 0 -1 -1 1 -1 1 1 0 0 0 -1 1 -1 1 0 1 0 0 0 -1 1 1 0 1 0 -1 0 0 -1 0 0 0 0 -1 0 0 1 0 0 0 0 0 0 1 0 1 0 0 -1 1 0 0 -1 0 0 1 0 0 1 0 1 -1 1 0 -1 0 0 -1 0 0 0 -1 1 1 1 0 0 0 0 0 0 1 0 -1 1 0 -1 -1 0 1 -1 0 0 0 0 0 1 1 0 0 -1 -1 1 0 
0 0 0 0 -1 0 0 0 1 0 0 -1 1 1 0 -1 0 1 0 0 -1 0 0 0 1 0 0 0 1 -1 0 0 0 -1 1 1 0 0 0 0 0 1 0 1 0 -1 0 0 -1 -1 -1 -1 0 -1 0 0 0 1 0 -1 0 1 0 0 0 0 -1 1 -1 0 0 0 0 -1 1 1 1 -1 0 -1 0 -1 0 -1 -1 0 0 0 0 -1 0 0 0 0 -1 1 0 -1 0 0 0 1 0 0 0 1 1 0 -1 0 0 0 1 -1 0 0 0 0 0 1 -1 0 -1 0 -1 1 1 1 0 -1 -1 0 -1 1 1 -1 1 0 1 -1 -1 0 0 0 -1 0 -1 0 -1 0 -1 0 0 0 -1 1 0 -1 -1 0 0 0 1 1 0 1 1 0 0 -1 -1 0 -1 -1 0 0 1 0 -1 0 1 1 -1 0 0 0 -1 0 -1 -1 0 0 0 0 0 -1 0 -1 -1 -1 
1 0 -1 0 0 0 1 -1 0 0 1 -1 1 -1 1 -1 0 -1 1 -1 1 0 -1 1 1 1 0 0 0 0 -1 0 -1 0 1 0 1 0 1 -1 1 1 1 1 1 1 0 0 1 0 0 -1 0 0 0 -1 0 1 0 0 0 0 1 1 0 -1 1 1 0 0 0 -1 1 1 0 -1 -1 0 0 0 1 0 0 0 1 0 0 1 0 -1 -1 0 1 1 -1 1 0 1 -1 -1 0 0 0 0 0 0 -1 0 0 0 0 0 1 1 1 0 0 1 0 -1 0 0 1 0 0 0 -1 0 0 0 -1 1 0 0 -1 0 0 0 0 1 0 0 0 0 0 1 0 -1 -1 0 0 0 0 1 0 1 -1 0 0 0 1 1 -1 1 1 0 -1 0 0 1 -1 0 1 0 -1 1 -1 0 1 -1 -1 -1 -1 0 1 -1 0 0 -1 0 -1 0 0 1 -1 0 1 1 0 -1 
0 1 -1 1 0 0 0 0 -1 0 1 0 1 0 0 1 1 0 -1 0 0 1 -1 -1 0 -1 0 0 -1 0 0 0 0 1 1 -1 0 1 1 1 0 0 0 0 0 1 0 0 0 0 -1 -1 0 0 -1 0 1 -1 0 -1 1 0 0 -1 1 1 1 -1 -1 0 0 1 0 0 0 0 1 1 1 1 -1 0 1 1 1 0 1 1 1 -1 1 -1 0 1 1 0 0 -1 0 0 1 0 1 -1 -1 0 -1 1 0 -1 -1 0 -1 1 -1 1 1 0 1 0 -1 0 -1 1 0 0 0 0 1 1 1 1 0 1 0 -1 -1 0 0 0 1 1 0 -1 1 0 -1 -1 -1 0 -1 1 0 0 -1 0 1 0 0 0 0 0 0 -1 0 0 0 0 0 1 0 0 -1 0 1 -1 -1 -1 0 0 0 0 -1 0 1 0 0 0 0 0 0 0 0 -1 0 0 0 -1 1 -1 
-1 -1 1 0 1 0 1 -1 -1 -1 -1 0 0 0 0 0 -1 0 0 1 0 -1 0 1 0 -1 0 -1 -1 1 1 -1 -1 0 -1 1 -1 1 0 1 0 1 1 1 0 0 1 0 1 0 0 0 1 0 0 -1 -1 -1 1 -1 0 0 1 -1 1 0 0 0 0 1 0 1 0 1 1 0 1 0 0 0 0 0 0 0 1 -1 1 0 1 -1 -1 0 1 1 1 -1 -1 -1 -1 -1 -1 0 0 -1 0 1 -1 -1 0 -1 -1 0 0 1 1 1 1 -1 -1 0 0 1 0 1 0 -1 0 0 0 0 1 1 -1 0 1 1 -1 0 1 0 0 1 -1 0 0 -1 0 1 0 -1 1 -1 -1 -1 0 0 -1 0 1 0 -1 0 0 1 0 -1 1 1 1 0 -1 -1 0 -1 -1 -1 0 0 1 -1 1 -1 1 1 0 1 1 0 0 0 -1 0 -1 0 1 1 -1 0 0 0 
-1 0 -1 1 0 0 1 0 -1 0 1 1 0 -1 0 0 -1 -1 1 0 0 1 -1 0 0 0 1 0 0 0 -1 1 0 -1 -1 1 0 0 0 -1 -1 -1 0 0 1 1 -1 0 -1 0 1 0 0 -1 -1 -1 0 1 -1 0 0 1 0 0 1 1 1 -1 0 1 0 1 0 -1 0 1 1 0 0 0 0 0 0 1 1 1 -1 0 1 1 0 1 -1 -1 -1 0 0 0 -1 0 -1 0 1 -1 -1 -1 0 0 -1 -1 0 -1 1 1 -1 1 0 0 -1 0 1 1 0 1 0 1 0 0 0 0 -1 0 1 -1 -1 1 0 0 -1 1 -1 -1 1 -1 0 0 1 0 0 1 1 0 0 0 0 1 -1 0 0 0 1 -1 -1 0 1 0 1 0 -1 0 0 0 -1 0 0 0 0 0 0 0 -1 1 -1 1 0 -1 1 0 -1 -1 0 0 0 -1 0 0 0 -1 1 0 
0 -1 0 0 0 1 -1 1 -1 1 1 -1 1 0 1 0 -1 0 -1 0 -1 0 -1 1 0 -1 1 0 0 -1 0 0 -1 -1 1 -1 -1 -1 1 0 -1 1 0 0 0 1 -1 -1 -1 0 -1 0 1 0 0 0 1 1 -1 1 0 0 0 1 -1 -1 0 -1 1 -1 1 1 1 0 0 0 -1 -1 0 1 1 0 -1 0 -1 0 0 1 0 1 -1 0 -1 0 -1 0 0 0 1 0 0 0 0 0 1 1 1 0 -1 -1 -1 0 -1 0 0 0 1 0 0 1 0 1 0 1 1 0 0 -1 -1 1 1 1 0 1 0 0 -1 0 0 0 1 0 -1 1 0 0 -1 0 -1 -1 0 0 0 0 -1 -1 0 1 -1 0 0 -1 -1 -1 -1 0 0 0 0 1 0 0 -1 -1 0 1 0 1 0 1 -1 1 0 1 -1 1 0 -1 0 -1 0 1 1 -1 1 -1 0 0 -1 0 
0 -1 0 -1 1 -1 0 -1 1 -1 0 0 1 -1 1 0 0 -1 0 1 -1 0 1 0 0 -1 0 -1 -1 0 0 -1 0 1 -1 1 0 0 0 1 0 -1 -1 0 0 1 0 1 0 -1 0 0 1 1 0 -1 0 0 -1 0 0 0 1 0 1 0 0 -1 0 -1 0 -1 -1 1 -1 0 -1 0 -1 -1 1 -1 0 1 0 -1 -1 1 1 0 0 0 0 0 0 0 0 1 0 0 0 1 1 -1 -1 0 -1 -1 0 1 0 0 -1 0 1 0 0 1 1 0 1 0 0 0 -1 -1 -1 0 0 -1 0 0 1 0 1 0 0 0 1 -1 -1 -1 1 0 0 0 -1 0 1 1 1 1 -1 0 0 1 0 -1 0 0 0 0 -1 0 1 1 1 1 1 -1 0 0 0 0 -1 -1 -1 1 1 1 1 1 1 -1 1 0 1 0 1 -1 0 0 0 0 0 1 -1 0 1 0 
0 1 0 0 0 1 0 0 0 1 0 1 1 1 -1 0 -1 0 0 -1 -1 1 0 0 -1 -1 0 0 0 0 1 0 0 0 -1 0 0 1 0 0 0 1 0 -1 0 0 1 0 0 0 -1 -1 1 -1 0 0 0 0 0 0 1 0 1 0 0 1 0 1 0 -1 -1 -1 0 1 -1 1 1 -1 1 0 0 1 1 -1 0 -1 0 -1 1 -1 0 0 -1 1 0 1 1 0 -1 0 1 0 1 0 0 0 0 0 0 0 -1 1 0 -1 0 0 0 0 0 -1 1 0 0 0 0 1 -1 -1 1 0 -1 0 0 1 0 0 -1 0 -1 -1 -1 0 0 0 -1 -1 0 0 1 1 1 1 0 1 0 0 -1 0 0 0 1 0 -1 0 0 0 0 1 -1 0 -1 0 0 -1 0 0 -1 1 0 0 0 0 1 -1 0 0 1 -1 1 -1 -1 0 -1 0 -1 -1 1 -1 0 1 
1 0 0 1 -1 0 0 -1 -1 0 0 0 1 1 1 0 -1 1 0 0 0 -1 0 0 -1 0 1 -1 -1 0 -1 0 0 0 1 0 -1 0 0 0 1 0 -1 0 0 0 0 0 -1 0 1 -1 0 0 1 1 0 1 -1 1 1 0 0 0 0 0 1 -1 0 0 -1 1 -1 0 0 0 1 0 -1 1 -1 -1 0 1 0 0 0 0 0 -1 0 -1 -1 1 1 -1 1 1 0 1 -1 0 0 -1 -1 1 1 0 0 0 0 1 0 1 1 1 0 0 1 -1 -1 1 1 1 0 1 -1 -1 0 0 0 0 -1 0 0 1 0 0 1 1 0 -1 0 0 0 0 1 1 0 1 1 0 -1 -1 1 0 0 0 0 1 1 0 -1 0 0 -1 -1 0 1 0 0 -1 -1 0 0 -1 0 1 -1 -1 1 0 -1 0 -1 1 1 0 -1 0 1 0 -1 0 0 0 -1 1 1 0 
-1 1 0 0 1 0 0 0 0 -1 1 -1 0 0 0 0 0 -1 -1 0 0 -1 0 0 0 1 1 0 1 0 0 0 0 0 0 1 0 0 1 0 0 1 0 -1 0 0 -1 0 0 1 1 -1 1 1 -1 0 0 -1 0 1 0 0 -1 1 0 1 0 1 0 0 0 0 1 0 1 1 0 0 0 0 0 -1 0 -1 -1 0 -1 0 0 0 1 0 1 0 0 1 -1 -1 0 1 0 0 1 -1 1 -1 -1 0 0 1 0 -1 1 1 0 -1 0 -1 0 1 -1 1 -1 -1 0 0 -1 -1 0 1 0 0 1 0 0 0 0 -1 1 0 0 1 0 0 -1 0 0 0 -1 1 -1 -1 0 -1 0 1 0 0 0 1 0 1 0 0 0 0 0 0 1 -1 1 0 0 -1 -1 1 0 0 0 0 1 0 1 1 0 0 0 0 -1 1 0 -1 0 1 -1 0 0 0 -1 1 
-1 1 0 -1 1 -1 0 0 -1 -1 1 0 0 0 0 0 -1 -1 1 -1 1 0 0 0 0 0 1 -1 0 1 -1 1 0 0 0 0 0 0 0 1 1 -1 -1 -1 -1 0 0 0 0 -1 0 1 1 0 0 0 -1 0 0 0 0 0 1 1 -1 -1 0 1 -1 0 -1 1 0 0 0 0 1 0 1 0 -1 0 1 1 -1 0 1 0 -1 1 -1 0 0 -1 -1 0 0 1 0 0 0 0 0 1 0 0 0 0 0 -1 1 -1 0 0 0 -1 1 -1 1 0 1 0 0 1 0 0 0 1 -1 0 0 0 1 0 0 0 0 -1 -1 1 0 -1 -1 0 -1 1 -1 -1 0 1 0 0 0 1 0 0 0 -1 0 0 1 1 1 1 -1 1 0 -1 1 -1 0 0 0 0 0 0 0 0 0 -1 1 0 1 1 0 1 -1 1 1 0 1 1 0 1 0 0 0 0 0 -1 
1 1 1 0 0 1 -1 0 0 -1 0 0 0 0 -1 -1 -1 0 0 0 0 -1 0 0 0 1 0 1 0 -1 0 1 0 0 -1 0 1 1 -1 0 0 -1 0 1 -1 0 1 1 1 1 -1 0 1 0 0 0 1 0 1 -1 1 0 0 0 1 1 -1 0 1 0 0 1 0 0 -1 -1 -1 -1 0 0 1 0 1 -1 0 -1 1 -1 0 0 -1 1 0 0 0 1 1 -1 -1 0 -1 0 1 -1 -1 0 1 0 0 1 0 -1 0 0 0 1 0 1 0 -1 -1 0 1 0 1 -1 0 1 -1 0 1 0 1 1 0 1 0 0 0 -1 -1 -1 0 0 0 -1 -1 1 1 -1 0 -1 -1 0 -1 0 -1 0 0 1 1 1 -1 0 1 -1 0 0 -1 0 0 1 0 -1 -1 -1 0 0 -1 -1 0 1 0 0 0 0 0 0 0 1 0 -1 0 0 0 1 0 0 0 1 
1 0 0 0 0 0 0 0 1 -1 0 1 1 -1 -1 0 0 -1 1 0 0 -1 -1 -1 0 0 0 -1 -1 1 0 1 0 1 -1 0 1 0 0 -1 -1 0 0 1 1 -1 0 0 0 0 0 0 0 0 0 1 0 0 0 0 0 -1 -1 1 1 -1 0 0 1 1 1 -1 0 -1 0 -1 1 0 0 1 0 1 -1 0 1 0 0 -1 0 0 -1 0 0 1 -1 0 -1 0 0 -1 0 0 0 0 0 0 -1 0 0 -1 1 -1 0 -1 0 1 0 1 0 0 -1 1 1 -1 0 -1 1 0 -1 0 1 0 1 0 0 0 -1 1 1 0 0 1 -1 0 -1 1 0 0 0 0 -1 -1 1 -1 1 -1 1 0 -1 1 0 0 0 -1 0 1 0 0 -1 -1 1 -1 0 0 0 1 1 1 0 -1 -1 -1 0 -1 1 -1 0 0 1 1 0 -1 1 0 0 1 1 0 0 0 
0 0 0 0 0 0 -1 0 -1 0 0 1 -1 1 0 0 0 0 0 1 0 1 -1 1 0 1 0 -1 1 -1 1 0 0 0 -1 -1 1 1 -1 -1 1 0 1 -1 0 0 1 0 0 0 0 0 -1 0 0 -1 0 1 -1 1 0 0 0 -1 0 0 -1 1 0 1 1 1 0 0 1 0 0 0 0 0 0 0 -1 0 0 -1 0 0 0 -1 -1 0 0 1 0 0 0 -1 0 1 1 -1 0 1 -1 1 0 0 0 0 0 0 1 1 1 -1 1 0 -1 0 -1 1 0 -1 1 1 0 -1 -1 0 0 0 1 0 0 -1 1 -1 -1 1 -1 0 0 1 0 -1 1 0 -1 1 0 1 0 0 0 1 0 1 1 -1 1 1 0 0 0 0 0 0 -1 -1 1 1 1 0 -1 -1 0 0 0 0 0 0 0 0 1 0 -1 0 1 1 -1 0 0 -1 0 -1 1 0 1 0 
0 1 1 -1 -1 0 0 -1 -1 0 -1 0 0 0 -1 0 0 0 1 0 0 1 0 0 1 0 -1 0 0 -1 -1 0 1 -1 -1 1 0 1 0 -1 1 0 1 0 0 0 0 0 0 0 0 0 0 0 0 -1 0 -1 -1 -1 0 0 1 0 -1 0 0 1 -1 0 0 0 0 -1 -1 0 0 -1 1 0 0 0 -1 0 0 0 0 0 -1 0 -1 -1 0 0 -1 0 -1 -1 0 -1 0 0 0 1 1 0 1 0 1 -1 0 0 0 0 0 0 0 -1 -1 1 1 1 -1 0 0 1 1 0 -1 0 0 1 1 0 1 1 0 0 -1 -1 -1 1 -1 -1 1 1 0 0 -1 0 0 1 -1 -1 -1 0 1 0 1 -1 0 1 0 1 0 -1 1 -1 -1 1 -1 0 1 0 0 0 0 1 0 1 -1 1 -1 0 -1 1 0 0 -1 1 1 -1 -1 0 -1 0 0 -1 -1 0 
0 0 0 -1 -1 1 0 0 0 0 0 0 -1 0 1 0 -1 1 0 -1 1 0 -1 0 1 1 0 0 0 1 0 -1 1 0 -1 -1 0 -1 0 -1 -1 1 1 -1 0 -1 0 -1 0 0 1 1 0 -1 -1 1 -1 1 -1 0 1 0 0 0 0 -1 0 0 -1 0 0 0 1 1 0 0 -1 1 1 0 1 1 -1 1 -1 0 1 0 -1 -1 0 1 1 -1 -1 1 0 0 -1 0 1 0 0 0 -1 1 0 0 -1 -1 1 -1 0 -1 1 0 -1 0 1 -1 -1 -1 0 1 0 1 1 -1 0 1 -1 -1 0 -1 0 -1 0 -1 1 -1 1 0 1 1 0 0 0 1 0 1 -1 -1 1 1 0 -1 0 0 0 -1 1 -1 0 -1 1 0 1 -1 0 1 0 1 -1 1 -1 -1 1 -1 0 0 0 1 0 0 0 0 0 0 1 -1 1 1 0 0 1 0 0 0 0 -1 
0 0 0 0 1 -1 0 -1 0 -1 1 0 0 0 -1 0 1 -1 0 -1 0 0 0 1 1 0 0 1 -1 0 1 0 1 -1 0 0 -1 0 1 0 -1 1 1 1 0 -1 -1 -1 0 0 0 0 0 -1 0 1 0 0 1 0 0 1 1 0 0 1 0 1 1 -1 0 -1 1 0 0 1 1 0 0 -1 0 0 0 0 -1 1 -1 1 1 0 -1 0 -1 0 1 -1 0 -1 1 0 -1 0 0 1 1 0 1 0 1 -1 1 0 1 0 0 -1 1 -1 0 1 1 -1 0 0 1 -1 0 0 -1 0 1 0 1 0 0 -1 0 0 0 -1 -1 0 0 -1 -1 -1 1 0 0 0 0 0 0 0 1 1 0 0 1 0 0 0 0 1 1 -1 -1 -1 0 -1 0 0 0 -1 -1 -1 -1 -1 0 1 0 -1 -1 -1 0 1 1 -1 1 1 0 0 0 0 0 -1 -1 0 -1 0 
0 0 -1 0 0 -1 0 1 0 1 1 0 0 1 1 1 0 1 1 -1 0 1 0 0 0 0 0 -1 0 1 1 1 -1 0 -1 0 0 -1 0 0 -1 1 0 0 1 0 0 0 1 -1 0 0 1 -1 -1 -1 -1 1 1 -1 -1 0 1 1 0 1 -1 -1 0 1 1 0 0 0 1 -1 -1 -1 0 0 0 0 0 0 -1 0 0 0 0 -1 0 -1 0 -1 -1 0 0 0 1 -1 0 0 0 -1 -1 0 1 1 1 0 0 -1 1 0 0 -1 -1 1 0 0 -1 0 -1 -1 1 1 0 0 1 -1 1 1 0 -1 1 0 -1 1 -1 1 -1 -1 0 0 0 0 1 0 1 1 -1 0 0 -1 0 0 0 0 0 1 0 1 0 0 1 1 -1 1 0 0 0 -1 0 0 -1 1 0 0 0 0 1 0 0 0 0 1 0 0 0 -1 0 0 -1 -1 -1 0 0 -1 -1 -1 
1 1 0 -1 0 1 0 0 0 0 -1 -1 -1 0 1 0 0 0 0 1 0 -1 1 -1 -1 1 1 -1 1 1 0 0 0 0 0 -1 -1 0 1 -1 1 0 -1 -1 0 -1 0 0 0 0 0 1 0 0 -1 0 -1 -1 -1 1 1 0 -1 0 1 0 1 0 0 1 1 1 0 0 -1 1 -1 0 -1 0 0 0 0 -1 0 0 0 0 0 1 0 0 -1 -1 0 -1 -1 0 0 0 1 0 0 0 0 -1 0 0 1 0 1 0 0 0 0 -1 1 0 1 1 0 1 1 -1 0 0 1 1 1 0 0 0 1 -1 0 -1 -1 0 0 -1 1 0 0 1 0 -1 -1 1 0 -1 -1 0 0 1 -1 -1 -1 1 0 0 -1 1 -1 0 1 0 1 -1 0 1 0 0 0 1 0 0 0 -1 0 0 0 -1 0 -1 0 1 0 1 0 1 -1 0 0 -1 0 0 0 0 1 1 
-1 0 -1 0 1 -1 -1 0 1 0 0 1 -1 0 0 1 1 -1 -1 0 0 1 0 1 0 1 1 0 1 1 0 -1 -1 1 0 0 0 0 1 -1 0 1 0 0 1 0 1 -1 1 -1 0 1 0 -1 1 1 1 1 1 -1 0 -1 0 -1 -1 0 1 1 0 0 1 0 0 1 0 -1 0 1 1 0 0 0 -1 0 0 1 0 0 1 0 0 0 1 -1 1 1 0 0 -1 1 0 -1 0 1 0 0 1 -1 0 0 0 -1 -1 1 1 -1 0 0 -1 1 1 1 -1 0 1 0 0 -1 1 0 1 -1 0 0 1 0 0 1 1 0 0 1 -1 -1 0 -1 0 -1 0 0 1 1 0 1 1 0 -1 -1 -1 1 0 0 0 1 0 1 -1 -1 1 -1 0 0 -1 1 -1 1 0 0 -1 -1 0 -1 0 -1 1 0 0 0 0 0 1 -1 -1 0 1 0 0 -1 0 0 
1 0 1 0 -1 0 0 1 1 1 -1 0 0 0 1 1 0 1 -1 0 1 0 0 0 0 0 -1 0 1 0 0 0 -1 1 1 0 0 -1 0 0 1 0 0 0 0 0 0 0 1 -1 0 1 -1 0 0 1 0 0 0 -1 -1 -1 0 1 0 0 0 0 0 0 0 1 1 -1 -1 0 1 0 0 1 0 0 0 1 -1 1 -1 -1 -1 -1 0 0 0 1 0 -1 -1 -1 -1 1 -1 1 -1 1 0 1 1 -1 0 0 -1 1 1 1 -1 0 0 0 0 0 0 0 -1 0 1 1 0 1 0 0 0 1 0 0 0 -1 0 0 0 0 0 0 0 1 -1 -1 -1 1 0 0 0 1 1 0 0 0 0 1 0 0 1 0 0 0 1 0 -1 1 -1 1 0 0 0 0 1 0 0 1 1 -1 0 -1 0 -1 1 -1 0 -1 0 0 1 1 -1 0 0 0 0 1 1 0 
1 1 0 -1 -1 1 1 -1 0 1 -1 1 0 0 -1 -1 1 1 0 1 -1 1 -1 0 -1 0 0 -1 0 1 1 0 0 0 -1 -1 -1 -1 0 1 -1 0 0 1 1 0 0 1 0 1 0 0 1 0 0 -1 0 -1 0 -1 -1 0 1 1 0 0 0 1 1 0 0 0 0 0 0 0 -1 -1 0 0 1 0 -1 0 1 0 1 0 0 0 -1 -1 -1 -1 0 0 0 -1 -1 0 0 0 -1 0 0 -1 -1 1 0 -1 -1 0 0 -1 0 1 0 1 -1 0 0 1 0 0 1 0 1 0 0 1 0 0 -1 0 1 -1 0 0 0 -1 0 -1 0 0 1 -1 1 1 1 1 1 0 0 -1 0 0 0 -1 -1 1 -1 0 0 0 0 0 0 0 0 -1 0 0 0 -1 0 -1 -1 1 1 0 -1 1 0 0 0 0 0 0 0 -1 -1 -1 1 0 0 1 1 0 1 1 
0 0 0 0 0 0 0 1 0 1 1 0 1 -1 0 0 -1 0 1 0 0 0 1 0 -1 1 1 1 0 1 0 0 0 0 0 1 -1 1 1 -1 -1 -1 -1 1 0 -1 0 0 -1 -1 1 0 0 -1 -1 0 0 0 -1 0 0 0 0 0 1 0 0 0 -1 -1 -1 0 1 0 0 -1 -1 -1 0 0 -1 0 1 0 1 0 -1 1 0 0 0 0 1 0 1 0 -1 1 0 0 0 0 0 0 -1 -1 0 0 -1 0 -1 1 -1 0 -1 -1 1 0 0 0 1 0 1 0 -1 1 1 0 0 1 0 0 -1 0 0 -1 0 1 1 -1 0 0 1 0 -1 0 -1 0 0 0 0 0 0 1 0 0 0 -1 0 1 0 0 -1 -1 0 0 1 1 -1 0 1 -1 1 0 0 1 0 0 1 0 0 1 0 -1 1 0 1 -1 -1 0 1 1 1 0 0 0 -1 1 0 0 
-1 0 -1 -1 0 0 0 -1 1 0 0 0 -1 1 0 0 0 0 0 0 0 0 1 0 -1 -1 -1 0 -1 -1 1 1 0 -1 1 1 0 0 -1 0 -1 1 0 0 -1 0 0 0 0 0 -1 0 -1 1 0 0 -1 0 0 0 1 0 -1 0 -1 0 -1 1 -1 0 -1 0 0 1 1 0 -1 -1 1 -1 0 -1 0 -1 1 1 -1 0 1 0 1 -1 0 0 1 0 -1 1 0 -1 0 1 -1 0 0 0 1 -1 1 0 -1 0 1 0 1 -1 0 1 0 0 0 1 1 1 1 0 0 1 -1 -1 1 0 1 0 0 0 0 0 0 -1 0 1 0 0 1 1 0 1 -1 0 -1 -1 0 0 0 0 0 1 0 -1 -1 1 -1 0 0 0 0 0 1 1 1 -1 1 1 1 1 -1 0 1 1 0 -1 0 0 0 -1 0 -1 0 0 1 0 0 1 -1 0 0 -1 0 0 
0 0 0 1 0 0 0 0 -1 0 0 -1 0 0 1 0 0 0 1 0 1 0 0 0 1 -1 -1 0 -1 0 1 1 0 1 0 1 0 1 -1 -1 0 0 1 0 -1 1 0 -1 0 1 0 0 0 0 1 1 0 0 1 0 -1 1 -1 -1 1 -1 -1 0 1 0 0 0 1 1 -1 0 0 0 0 0 -1 1 -1 -1 0 0 0 0 -1 0 -1 -1 1 1 -1 1 0 0 -1 0 0 0 -1 -1 -1 1 -1 0 -1 0 1 1 0 -1 0 -1 -1 0 0 1 1 0 0 0 -1 -1 0 -1 0 0 -1 1 0 0 -1 -1 -1 0 1 0 0 -1 -1 1 0 -1 0 0 0 0 -1 1 1 -1 0 -1 0 1 1 0 -1 0 1 0 -1 0 -1 -1 0 1 0 0 -1 0 -1 0 -1 0 1 0 0 1 1 1 1 0 -1 0 0 0 0 0 0 0 -1 0 1 1 0 0 
0 -1 0 -1 -1 0 -1 1 0 0 0 0 0 0 0 0 -1 0 1 0 0 0 0 -1 0 1 0 0 -1 1 -1 0 1 -1 0 1 -1 0 -1 1 0 0 0 0 0 -1 1 0 0 -1 0 0 -1 0 -1 -1 0 -1 0 0 1 0 -1 0 0 0 0 1 0 1 0 1 0 0 1 1 -1 -1 1 -1 0 0 0 0 0 0 -1 -1 -1 0 0 -1 1 0 1 1 -1 -1 0 1 1 -1 0 -1 1 -1 0 0 0 1 0 -1 0 1 1 0 -1 1 0 1 0 1 0 1 1 0 -1 1 0 0 0 0 1 1 -1 1 0 1 0 0 0 -1 1 0 0 0 0 0 -1 0 1 0 0 0 -1 0 0 1 -1 0 0 0 0 0 0 0 -1 0 -1 -1 -1 0 0 0 0 0 0 1 -1 1 0 0 0 1 1 0 -1 0 0 0 0 -1 0 -1 0 0 0 0 -1 0 
0 -1 0 0 0 -1 -1 0 0 1 -1 0 -1 0 -1 0 1 1 0 0 0 1 0 0 -1 0 0 0 0 -1 -1 1 0 1 -1 1 -1 0 -1 1 0 -1 1 1 0 0 0 0 -1 0 1 1 0 1 -1 -1 1 0 0 1 -1 1 1 0 0 1 0 1 -1 0 0 0 0 1 -1 0 -1 0 0 1 0 0 -1 -1 0 0 -1 0 1 0 0 0 -1 0 0 0 0 0 0 -1 0 0 1 0 0 0 0 0 0 0 0 0 1 -1 0 0 1 -1 0 -1 0 -1 0 0 1 0 0 1 0 0 -1 0 0 0 -1 0 -1 -1 0 -1 0 -1 0 -1 0 0 -1 -1 -1 0 0 0 0 0 1 0 1 0 1 1 0 0 0 1 1 0 1 0 -1 0 0 -1 1 0 0 0 0 0 0 -1 0 0 0 1 -1 1 0 0 0 0 0 0 0 0 0 1 -1 0 -1 -1 
-1 -1 0 1 0 1 0 -1 0 1 0 0 -1 -1 -1 1 0 0 -1 1 -1 1 0 1 1 -1 0 0 1 -1 0 -1 -1 -1 0 0 0 0 0 0 -1 1 0 1 0 0 0 -1 0 0 0 0 1 0 0 0 0 0 0 -1 -1 -1 0 1 0 1 0 1 -1 -1 0 -1 0 0 0 -1 -1 0 0 0 -1 0 0 0 -1 1 0 1 1 0 0 0 1 -1 0 1 0 1 1 0 1 -1 -1 -1 -1 0 0 0 0 0 0 1 -1 -1 0 0 0 0 0 0 0 0 0 0 0 1 0 -1 0 -1 0 1 0 -1 -1 0 1 0 0 -1 1 0 0 0 0 0 0 0 1 0 1 0 -1 -1 -1 0 1 0 1 0 -1 -1 0 0 0 0 -1 0 1 0 0 1 1 0 -1 -1 -1 -1 -1 -1 -1 -1 0 0 0 0 1 -1 -1 0 1 1 0 0 0 0 -1 1 -1 0 
-1 0 0 1 1 0 1 0 1 0 0 -1 -1 0 -1 0 -1 -1 1 -1 0 1 1 0 0 1 0 0 -1 -1 -1 1 0 0 0 -1 -1 -1 1 1 -1 0 0 0 0 -1 1 1 0 0 -1 0 1 0 0 1 -1 1 -1 0 -1 0 0 1 0 0 0 0 0 0 -1 1 0 1 -1 0 1 1 0 1 -1 1 -1 0 0 0 0 1 0 0 0 1 0 -1 0 0 1 -1 -1 1 0 0 1 0 -1 -1 -1 0 0 0 -1 1 0 0 -1 0 0 -1 1 1 1 -1 0 0 1 1 1 0 0 0 0 1 1 1 1 0 1 1 -1 0 0 -1 0 0 -1 -1 1 0 -1 -1 1 0 0 1 1 1 0 0 -1 -1 0 1 0 1 -1 1 0 0 0 -1 0 1 1 0 0 0 0 -1 -1 0 0 0 -1 1 -1 0 0 -1 -1 -1 0 1 1 0 0 0 1 1 0 0 
0 0 1 1 0 0 0 0 0 0 0 1 1 1 1 -1 -1 1 -1 -1 0 0 0 0 -1 1 1 1 1 1 0 0 -1 1 0 0 0 -1 0 1 -1 -1 1 0 0 -1 0 0 1 1 -1 0 0 0 0 0 1 0 0 1 -1 0 -1 -1 0 0 0 0 1 1 1 -1 0 0 0 -1 -1 1 0 1 -1 0 1 -1 0 0 -1 0 -1 0 1 0 1 1 1 0 0 -1 0 0 1 0 0 1 0 0 1 0 0 -1 0 0 -1 -1 0 1 0 0 -1 0 0 1 1 0 0 -1 1 -1 0 -1 0 -1 0 0 0 -1 0 -1 -1 0 0 0 0 0 1 0 -1 0 1 -1 1 0 -1 0 0 0 0 1 1 0 1 -1 -1 0 1 -1 0 1 0 1 0 -1 -1 -1 -1 0 0 0 0 0 1 1 1 0 1 1 0 0 1 0 -1 1 0 1 1 1 1 0 0 0 
0 0 1 0 1 1 -1 0 -1 -1 1 0 1 -1 -1 0 -1 0 0 1 -1 1 0 0 0 0 1 0 0 0 0 -1 1 0 0 1 0 -1 -1 0 -1 0 0 0 0 0 1 1 0 0 -1 0 -1 0 -1 0 0 -1 -1 0 -1 -1 1 1 0 -1 -1 0 0 -1 1 0 0 0 0 0 1 0 1 0 1 -1 0 -1 0 0 0 0 0 1 0 0 0 0 -1 1 0 0 0 0 0 1 1 0 -1 1 1 -1 -1 -1 0 -1 0 -1 1 1 -1 0 0 0 0 0 -1 0 0 1 0 0 0 0 1 0 0 -1 0 1 0 -1 0 -1 0 0 0 1 -1 0 -1 0 0 0 0 -1 0 0 1 0 -1 -1 0 1 1 1 0 -1 -1 0 -1 1 1 1 -1 0 0 1 1 1 0 0 -1 -1 0 0 0 0 0 0 -1 -1 1 -1 1 0 -1 -1 0 0 0 0 0 0 
0 -1 0 0 0 0 0 0 0 0 0 0 1 0 0 0 0 1 0 0 1 1 -1 0 0 1 0 0 0 1 0 1 0 0 0 1 0 1 0 1 0 0 -1 1 0 0 -1 0 1 0 1 1 1 0 1 0 0 0 0 0 0 1 0 0 -1 0 1 1 0 -1 -1 -1 -1 0 -1 0 1 0 0 -1 0 1 1 0 -1 1 0 0 0 0 0 -1 -1 -1 0 -1 -1 0 0 0 1 0 -1 -1 0 0 1 1 1 0 -1 0 1 -1 0 0 0 1 -1 -1 -1 0 -1 -1 0 0 0 -1 0 0 1 0 1 0 1 1 1 1 1 1 1 -1 0 0 0 1 1 -1 0 0 0 -1 1 0 1 0 1 1 1 0 -1 0 1 0 -1 1 1 -1 0 -1 -1 -1 -1 -1 0 0 -1 -1 -1 0 1 -1 0 0 0 0 0 0 0 0 0 -1 -1 0 -1 -1 0 1 -1 1 
0 0 0 0 1 -1 1 -1 0 -1 -1 -1 1 0 1 0 1 0 -1 0 -1 -1 1 1 0 -1 0 -1 0 -1 0 0 -1 -1 0 -1 0 1 -1 0 0 0 0 0 0 0 0 1 -1 0 0 0 -1 0 -1 0 0 -1 1 0 0 0 0 0 0 -1 0 -1 -1 0 0 0 0 0 0 -1 -1 -1 1 0 1 0 -1 0 0 0 0 1 1 -1 -1 1 0 0 1 1 -1 1 1 0 0 0 0 0 -1 0 -1 0 0 0 -1 0 1 0 -1 -1 -1 0 1 0 -1 -1 -1 -1 0 -1 -1 1 0 1 0 -1 0 1 -1 -1 0 -1 0 -1 0 -1 0 -1 0 -1 0 0 1 -1 1 -1 0 0 0 -1 0 0 -1 0 0 0 0 0 -1 -1 -1 0 0 0 1 -1 0 0 0 -1 1 0 -1 1 0 0 0 1 -1 -1 1 -1 1 0 0 -1 1 1 1 0 0 1 0 -1 
1 0 0 0 0 -1 0 0 1 1 0 0 1 0 -1 1 -1 -1 0 0 -1 0 0 0 1 -1 0 0 0 -1 0 0 0 1 1 0 0 1 0 0 1 1 0 0 1 0 -1 1 0 -1 1 1 1 1 -1 -1 -1 0 1 0 1 0 -1 -1 0 0 1 0 -1 1 1 -1 0 -1 0 1 -1 0 0 1 1 1 0 1 -1 -1 1 0 1 0 1 -1 1 -1 -1 -1 -1 -1 0 0 1 0 1 1 0 0 1 0 -1 -1 -1 -1 1 -1 -1 0 -1 -1 0 0 0 1 0 -1 -1 0 0 1 1 0 -1 -1 0 0 0 0 0 0 0 0 -1 -1 -1 -1 0 0 0 0 0 0 0 0 0 0 -1 0 0 -1 -1 1 0 1 1 0 0 0 0 0 -1 0 0 0 0 0 0 -1 1 1 0 1 -1 0 1 0 0 0 0 1 0 -1 -1 0 0 1 0 0 0 1 0 0 
0 0 0 0 0 0 0 0 0 1 0 0 1 0 0 1 0 -1 0 0 0 0 1 0 1 -1 0 0 0 0 0 -1 0 0 -1 0 0 0 0 -1 -1 -1 0 1 0 -1 -1 -1 1 0 1 1 1 0 -1 0 -1 1 0 -1 0 1 0 0 1 -1 0 0 1 0 1 1 1 -1 0 0 0 1 1 1 1 0 0 0 -1 0 -1 0 0 1 0 -1 0 0 0 0 -1 -1 -1 1 1 0 1 1 0 1 0 0 1 0 0 -1 -1 0 0 0 0 -1 -1 -1 -1 -1 -1 0 1 -1 -1 -1 1 0 -1 -1 -1 1 1 0 0 1 0 -1 1 0 1 1 0 -1 0 1 0 0 -1 0 0 0 -1 0 1 1 0 1 0 -1 0 -1 0 0 0 -1 0 -1 0 0 0 -1 0 1 1 -1 0 0 -1 -1 1 0 -1 -1 0 0 1 0 0 -1 0 0 0 0 0 -1 0 -1 
1 0 0 1 0 1 0 0 1 0 0 1 1 0 -1 0 1 -1 0 -1 -1 -1 1 -1 -1 -1 -1 0 -1 0 -1 0 0 0 -1 1 0 1 0 -1 1 1 0 0 -1 -1 0 0 -1 0 0 1 -1 0 -1 1 0 -1 -1 0 0 1 0 1 -1 0 0 -1 0 -1 0 0 1 0 0 0 -1 0 -1 0 -1 0 1 0 0 -1 -1 -1 0 0 0 0 1 0 0 -1 0 1 1 1 1 1 -1 1 1 0 1 -1 -1 1 -1 1 1 -1 0 1 -1 0 -1 1 -1 -1 0 0 0 0 0 0 0 0 0 0 0 1 1 1 -1 0 0 -1 1 1 0 0 0 0 -1 0 -1 -1 -1 0 -1 0 0 0 1 0 0 0 1 -1 1 1 -1 0 0 0 0 1 -1 0 -1 1 -1 1 -1 -1 0 0 -1 0 1 -1 1 1 0 1 1 1 1 0 0 0 0 1 1 -1 1 -1 
0 1 1 0 -1 0 0 0 -1 1 -1 0 -1 0 0 0 0 0 0 -1 -1 1 0 -1 0 -1 0 0 -1 -1 -1 -1 0 -1 1 0 0 0 0 0 1 0 1 0 1 0 0 0 0 0 0 0 1 -1 0 0 -1 -1 0 0 -1 -1 0 0 1 -1 0 0 1 0 -1 1 0 1 0 -1 0 -1 -1 1 0 -1 0 0 0 0 0 0 0 0 -1 0 -1 1 1 0 1 -1 1 0 0 1 0 -1 -1 -1 -1 0 1 0 1 0 0 0 -1 -1 1 -1 -1 -1 -1 -1 0 0 0 -1 1 0 1 1 -1 1 0 -1 -1 -1 1 1 -1 -1 0 -1 0 -1 -1 -1 -1 -1 0 0 0 1 1 1 1 -1 0 -1 0 0 0 1 -1 0 0 -1 1 0 0 -1 -1 -1 1 0 1 0 1 0 0 0 0 0 1 -1 0 1 -1 1 0 0 -1 0 1 -1 0 -1 0 -1 -1 0 
0 0 0 1 1 1 0 0 1 0 0 -1 -1 1 0 0 0 1 1 0 -1 -1 1 1 -1 0 0 -1 0 -1 0 0 0 0 0 0 0 -1 0 1 -1 1 1 1 -1 -1 1 1 -1 0 -1 1 1 -1 1 -1 0 0 0 0 -1 -1 0 1 -1 0 1 -1 0 1 -1 0 -1 0 1 -1 -1 0 -1 0 0 0 -1 -1 1 0 0 0 1 1 1 1 1 0 0 -1 -1 -1 0 0 -1 -1 0 -1 1 0 1 0 0 1 0 0 -1 -1 1 -1 -1 1 0 -1 0 -1 1 1 1 0 0 1 -1 0 -1 0 1 0 0 0 1 1 0 1 -1 1 0 1 1 -1 1 -1 0 1 0 0 0 1 0 -1 0 -1 -1 1 1 1 0 1 -1 1 0 0 1 -1 0 0 0 0 0 0 0 -1 0 0 -1 -1 1 1 1 -1 -1 0 0 0 0 0 -1 -1 -1 1 0 0 1 0 
-1 0 1 -1 1 1 0 -1 0 0 -1 1 0 0 -1 0 1 1 0 1 1 0 0 -1 -1 1 1 -1 0 1 1 1 -1 1 1 0 -1 -1 0 -1 0 -1 0 0 -1 0 0 1 0 0 0 0 0 1 -1 0 0 -1 0 0 0 -1 0 -1 -1 -1 -1 0 0 0 0 0 0 -1 0 -1 1 0 -1 0 0 0 0 -1 0 -1 -1 0 0 0 0 1 0 1 0 0 0 0 0 0 1 1 1 0 0 -1 1 1 -1 -1 1 -1 0 0 1 -1 -1 -1 -1 -1 0 0 1 -1 1 -1 -1 0 -1 1 0 1 1 1 -1 -1 -1 0 1 -1 -1 1 -1 0 0 0 -1 0 -1 1 0 0 0 0 -1 0 -1 -1 -1 0 -1 -1 1 1 0 -1 1 0 1 0 0 1 -1 0 0 1 0 -1 0 1 -1 -1 1 1 -1 0 0 1 1 -1 0 0 1 -1 0 0 -1 -1 0 0 
-1 0 0 0 0 0 0 0 1 0 1 -1 1 -1 0 0 1 0 -1 0 0 0 0 0 0 0 0 -1 0 -1 -1 0 -1 1 -1 0 -1 1 -1 0 0 1 1 0 -1 -1 0 0 1 0 1 1 -1 1 1 0 1 -1 -1 0 1 -1 -1 0 0 0 0 1 0 -1 -1 -1 0 1 -1 0 1 1 0 0 -1 -1 1 0 -1 1 -1 0 0 0 0 1 -1 0 1 0 1 1 0 1 -1 0 0 0 0 -1 0 0 0 0 0 0 0 1 -1 -1 0 0 0 1 1 0 1 0 0 -1 0 0 0 -1 0 -1 1 0 0 -1 1 1 -1 -1 0 1 0 0 -1 0 -1 0 -1 -1 -1 0 0 0 0 1 1 1 1 0 -1 0 0 0 -1 -1 1 0 0 0 -1 0 0 1 1 0 0 1 -1 0 -1 -1 -1 1 1 0 1 1 0 0 0 0 1 1 0 1 -1 1 0 -1 
0 0 1 0 -1 -1 1 -1 1 0 0 -1 0 0 -1 -1 1 0 0 -1 -1 0 0 -1 0 1 0 1 1 0 0 0 -1 0 0 0 -1 1 0 0 0 -1 0 0 0 0 0 0 0 0 1 -1 0 0 0 0 -1 -1 0 0 0 1 1 0 0 0 0 0 -1 0 0 1 0 0 0 1 -1 0 0 0 1 0 0 0 0 0 0 0 -1 0 1 -1 0 0 0 -1 0 0 0 -1 0 0 0 0 0 1 1 -1 1 1 -1 -1 -1 -1 0 0 0 -1 1 0 -1 1 0 0 1 0 0 1 -1 1 0 -1 1 1 -1 -1 -1 -1 0 0 -1 0 1 -1 -1 0 0 -1 0 -1 1 0 0 1 1 1 -1 0 -1 1 0 0 0 0 0 1 1 -1 0 1 0 0 0 1 0 -1 0 -1 1 1 1 0 -1 1 -1 -1 0 1 0 0 0 0 1 1 -1 0 0 1 -1 0 
0 0 -1 0 0 0 -1 1 0 0 0 0 0 -1 0 0 0 0 0 0 0 0 -1 0 0 0 1 1 1 1 1 1 1 0 -1 -1 -1 0 -1 0 0 -1 -1 0 0 0 1 1 1 1 0 -1 0 1 0 1 1 0 1 1 0 1 0 0 0 1 0 0 0 0 0 1 0 0 0 0 0 0 1 0 0 0 0 -1 -1 0 0 0 0 0 0 0 0 1 0 1 1 -1 -1 -1 0 0 1 1 0 0 -1 0 1 0 0 0 1 -1 1 0 0 0 0 1 -1 -1 0 -1 0 -1 1 1 0 -1 0 0 0 -1 -1 -1 -1 0 0 -1 -1 1 -1 -1 0 1 1 1 0 -1 1 -1 -1 0 -1 0 0 0 0 0 -1 0 1 0 1 1 0 0 1 0 -1 0 -1 -1 -1 1 0 1 0 1 1 -1 1 0 -1 0 1 1 1 0 0 0 0 0 -1 -1 0 0 1 0 
0 0 0 1 0 0 0 0 0 0 0 -1 -1 0 -1 0 0 1 0 -1 0 0 0 0 0 0 0 0 0 -1 -1 -1 0 0 0 0 0 0 -1 0 0 -1 0 0 1 1 0 -1 -1 0 0 0 0 1 0 1 0 0 0 0 1 0 1 1 -1 1 0 1 1 0 1 -1 0 0 0 -1 0 0 1 0 1 -1 0 1 0 0 -1 -1 0 0 1 1 -1 -1 0 0 1 0 0 0 0 0 1 0 -1 0 0 -1 0 -1 0 0 0 1 1 0 0 1 0 -1 0 1 -1 -1 1 1 1 0 -1 -1 1 0 -1 0 -1 0 0 0 0 0 -1 0 0 -1 1 0 0 -1 1 0 0 0 0 0 -1 0 0 0 0 -1 0 -1 1 1 0 0 0 -1 -1 1 0 1 0 1 -1 1 1 0 0 1 -1 0 0 1 0 1 -1 0 -1 1 0 1 0 0 0 1 1 0 0 -1 
0 0 0 0 -1 1 -1 -1 1 0 -1 0 0 -1 0 -1 0 0 0 0 -1 0 -1 0 -1 -1 0 -1 -1 1 1 0 1 1 0 -1 1 0 0 0 -1 -1 -1 1 1 0 0 -1 -1 -1 -1 0 -1 0 0 -1 -1 -1 0 0 0 0 -1 0 0 0 1 0 1 1 0 0 1 0 0 -1 -1 0 -1 0 1 -1 0 -1 0 1 0 1 0 -1 -1 0 -1 0 1 1 0 1 0 0 -1 1 0 1 -1 -1 1 -1 0 -1 1 0 0 0 0 -1 0 0 1 0 0 0 0 0 0 0 -1 0 0 0 0 -1 0 -1 1 -1 1 -1 1 -1 1 0 0 0 1 0 -1 -1 -1 0 0 0 0 -1 0 1 0 -1 -1 0 0 1 0 -1 -1 -1 -1 0 0 1 0 0 -1 0 0 0 1 -1 0 0 0 0 0 0 0 0 0 -1 0 1 1 0 0 1 0 1 0 0 1 0 
1 0 0 1 -1 1 1 0 0 1 0 1 1 0 0 -1 0 0 0 -1 -1 1 0 1 0 1 0 1 0 0 -1 0 0 -1 -1 1 0 0 1 0 -1 0 0 -1 -1 0 0 0 1 0 -1 0 -1 0 0 1 -1 0 0 1 0 1 1 0 0 1 -1 0 0 0 -1 -1 0 0 0 -1 0 0 0 1 -1 0 -1 0 0 -1 -1 -1 0 -1 -1 -1 1 0 0 0 1 1 -1 0 1 0 0 0 0 0 0 -1 1 -1 0 1 0 0 0 0 0 1 0 -1 -1 0 0 -1 1 0 0 0 0 0 1 0 -1 0 0 -1 0 -1 0 0 1 -1 -1 -1 0 -1 1 0 1 0 1 0 0 0 0 -1 1 -1 -1 0 0 -1 0 1 0 0 0 0 1 -1 1 1 0 0 0 0 0 -1 -1 1 0 0 0 0 1 1 0 -1 -1 1 1 0 0 -1 -1 -1 0 -1 -1 0 
1 1 -1 -1 1 0 1 0 1 -1 1 1 0 0 -1 0 0 0 -1 0 1 0 1 0 1 0 0 0 0 1 0 0 0 -1 0 -1 1 -1 1 1 1 0 1 0 -1 0 0 0 0 0 0 0 -1 0 0 -1 1 0 1 -1 1 1 0 -1 0 0 -1 -1 -1 0 0 1 1 0 0 1 0 0 0 0 0 0 -1 1 1 1 0 0 1 -1 0 -1 0 0 -1 0 0 0 0 1 0 -1 0 -1 1 -1 -1 1 0 -1 1 0 1 -1 -1 0 1 0 0 1 0 0 1 0 0 -1 0 0 0 -1 0 0 1 0 -1 1 1 0 0 -1 1 -1 -1 -1 0 -1 0 0 0 0 -1 0 1 1 0 -1 0 -1 0 -1 1 0 -1 -1 1 1 0 -1 0 0 -1 -1 0 -1 1 0 -1 1 1 1 0 -1 0 0 0 1 -1 0 -1 0 -1 0 0 0 0 -1 1 1 -1 -1 
0 0 0 0 0 0 0 -1 -1 -1 -1 1 -1 1 0 1 -1 1 0 0 0 -1 1 1 -1 1 0 1 -1 1 1 1 0 -1 0 0 0 0 0 0 -1 0 0 1 0 -1 -1 0 0 0 0 0 -1 0 -1 1 0 1 0 1 -1 1 0 0 0 0 1 0 0 -1 0 0 1 1 0 0 1 1 0 -1 1 1 0 1 -1 -1 0 1 0 0 -1 0 -1 0 -1 1 1 0 0 -1 0 0 1 0 0 1 0 -1 0 1 -1 0 -1 0 -1 -1 1 0 1 0 1 0 1 0 0 -1 0 -1 -1 0 0 1 1 0 1 -1 0 1 0 1 0 0 0 -1 1 0 1 1 1 0 1 0 1 1 0 0 1 -1 1 0 1 -1 0 0 0 0 0 0 0 0 1 0 0 0 1 1 0 0 -1 1 0 0 0 0 -1 0 1 0 -1 -1 -1 0 0 -1 -1 -1 0 -1 -1 0 
-1 1 -1 1 1 0 0 0 0 0 -1 0 -1 1 -1 -1 1 0 1 -1 0 -1 1 1 -1 0 -1 0 -1 1 0 -1 0 0 0 -1 -1 0 0 0 0 0 1 0 0 1 0 1 0 0 0 0 0 1 1 1 -1 1 0 0 0 -1 0 0 0 -1 -1 1 1 -1 1 0 0 0 1 0 -1 1 0 1 0 1 0 -1 0 1 1 0 0 1 0 1 -1 1 1 0 0 0 0 0 1 0 -1 1 1 0 -1 0 0 0 0 0 0 1 0 0 0 -1 -1 0 1 -1 0 0 -1 0 0 1 1 -1 0 -1 0 1 0 0 0 -1 0 -1 -1 1 -1 -1 -1 0 -1 1 1 -1 -1 1 -1 1 0 0 -1 0 -1 1 -1 0 0 1 -1 0 0 0 1 -1 0 0 0 1 -1 0 1 1 0 0 0 1 0 -1 0 -1 0 0 0 -1 -1 1 0 -1 0 -1 -1 0 0 1 

1 4 9 5 5 6 4 4 9 3 10 10 5 6 7 6 10 8 6 4 2 7 3 3 8 8 2 8 7 5 2 7 5 3 2 1 1 3 8 9 8 2 2 9 8 6 10 9 7 8 5 3 1 9 4 1 10 3 6 10 6 2 5 3 4 5 2 4 2 6 2 8 2 4 8 2 2 5 9 3 2 1 7 2 10 2 6 7 5 8 7 1 8 2 10 9 8 5 2 1 