10 20
0 0 0 0 -1 -1 0 0 -1 0 1 -1 -1 0 0 -1 0 0 0 0 
-1 0 0 1 -1 0 0 0 1 0 0 -1 -1 0 -1 0 0 -1 0 -1 
1 0 -1 1 1 1 -1 -1 1 1 0 0 0 -1 -1 -1 0 1 -1 0 
1 0 0 0 1 1 0 0 1 -1 1 -1 0 1 0 0 -1 1 1 -1 
0 1 1 -1 0 0 0 -1 0 0 0 -1 -1 0 0 1 -1 -1 1 1 
1 -1 1 -1 -1 -1 1 0 1 0 0 0 0 1 0 0 1 1 0 -1 
-1 -1 -1 0 0 0 1 0 0 0 1 1 -1 0 0 0 1 1 0 0 
0 -1 0 0 0 0 0 0 0 1 1 1 0 0 0 -1 0 -1 0 0 
1 0 -1 -1 -1 0 1 1 1 1 0 0 -1 -1 1 0 0 0 0 -1 
1 0 0 0 1 -1 0 -1 0 -1 0 0 0 0 -1 0 0 0 -1 0 

1 1 7 8 6 10 3 10 8 7 