50 100
0 0 0 0 -1 -1 -1 0 -1 0 0 0 1 1 0 0 1 1 0 0 1 -1 0 -1 0 1 0 0 -1 -1 -1 0 0 1 -1 -1 0 -1 -1 0 -1 0 0 -1 0 0 -1 0 0 1 -1 -1 -1 0 1 1 0 -1 1 -1 0 -1 -1 0 0 0 0 0 0 -1 1 1 -1 0 0 0 0 1 0 0 0 -1 1 -1 -1 0 1 0 -1 -1 1 0 0 0 -1 1 0 0 1 0 
1 1 0 0 -1 -1 -1 0 0 -1 -1 1 0 -1 1 -1 -1 1 -1 -1 0 0 0 0 -1 1 -1 -1 1 -1 0 0 0 0 0 1 0 1 -1 0 1 0 0 0 1 1 -1 0 0 0 1 -1 1 -1 -1 1 0 0 1 -1 -1 1 0 -1 0 -1 -1 -1 -1 0 0 1 -1 0 0 0 0 0 0 0 0 0 -1 0 0 1 0 -1 1 1 0 0 0 -1 1 -1 1 -1 1 -1 
0 0 1 0 0 -1 0 0 1 -1 1 0 0 1 0 0 0 0 0 1 0 1 0 1 -1 1 0 0 -1 0 1 0 -1 0 0 0 0 -1 -1 -1 0 0 -1 1 0 1 0 1 0 1 0 -1 0 0 0 -1 -1 1 0 0 -1 0 -1 1 0 1 0 -1 1 1 0 1 0 0 0 0 1 -1 1 1 -1 -1 1 0 -1 0 -1 1 0 0 0 0 -1 -1 -1 0 1 0 1 1 
1 -1 0 1 0 0 0 1 -1 -1 0 0 0 1 1 1 0 0 0 0 0 0 0 0 0 0 0 1 0 0 -1 1 0 1 0 -1 1 1 0 1 -1 0 1 -1 0 -1 -1 0 -1 1 1 1 -1 1 -1 -1 0 0 0 -1 0 1 0 0 -1 -1 -1 0 0 1 -1 0 0 -1 0 0 -1 -1 1 -1 0 -1 -1 -1 -1 0 -1 0 -1 1 0 1 -1 0 1 0 1 1 0 0 
1 0 0 0 -1 0 0 1 -1 0 -1 0 1 1 -1 0 0 1 0 0 1 -1 0 1 0 0 0 0 0 1 -1 0 1 0 1 1 1 0 1 0 -1 0 -1 1 1 0 0 0 -1 0 0 1 1 -1 0 0 0 -1 1 -1 1 0 -1 0 0 1 0 -1 0 -1 0 0 1 0 -1 0 1 -1 0 0 0 -1 1 1 0 -1 0 0 0 0 0 0 0 -1 0 0 0 0 -1 1 
-1 1 0 0 -1 0 1 0 0 1 0 1 -1 0 0 -1 0 0 -1 1 0 1 -1 -1 0 -1 0 0 0 0 0 -1 1 0 0 0 -1 -1 0 1 -1 1 -1 0 -1 0 1 0 1 1 0 0 0 -1 -1 0 0 -1 0 1 0 -1 -1 0 -1 1 0 0 0 -1 0 0 1 0 -1 0 1 0 0 0 1 0 -1 0 0 1 -1 0 -1 0 1 1 -1 1 1 1 0 1 -1 -1 
0 0 0 0 0 -1 -1 -1 0 -1 1 0 0 0 -1 1 0 1 0 1 0 -1 0 1 -1 0 0 -1 0 -1 0 -1 -1 0 0 0 1 1 -1 0 0 -1 1 0 1 0 0 0 0 0 1 0 0 0 0 -1 0 0 0 1 -1 0 0 1 -1 1 1 0 0 1 -1 1 0 0 0 0 -1 0 0 0 0 -1 -1 0 -1 1 0 0 -1 0 1 -1 1 1 1 0 0 -1 -1 0 
0 1 0 0 1 0 0 -1 -1 0 -1 0 0 0 -1 0 -1 1 0 1 0 0 1 1 -1 0 1 0 0 0 1 0 1 -1 0 -1 -1 0 0 0 0 1 -1 -1 1 0 1 -1 -1 -1 0 0 0 0 1 0 0 0 0 1 1 1 0 -1 0 0 0 0 -1 0 0 0 1 1 1 0 0 -1 0 0 0 0 1 -1 0 1 0 1 -1 0 1 0 0 -1 0 0 1 1 0 0 
0 0 1 0 0 1 0 0 0 -1 -1 0 1 0 -1 0 0 0 -1 -1 0 1 0 0 0 -1 0 0 0 0 0 0 0 0 1 -1 0 1 0 0 0 0 -1 -1 0 1 0 -1 0 0 1 0 -1 -1 -1 0 0 1 0 0 -1 0 1 0 0 0 0 0 -1 0 0 -1 -1 0 -1 0 1 0 0 -1 1 -1 0 -1 1 0 0 -1 1 0 -1 0 -1 -1 1 0 1 0 1 1 
0 -1 0 -1 0 1 -1 -1 1 0 0 0 1 1 0 1 -1 1 -1 -1 0 -1 0 0 1 1 0 0 0 0 0 0 0 0 -1 0 -1 -1 1 0 -1 0 -1 -1 1 0 -1 -1 0 0 0 -1 1 0 0 0 1 0 0 -1 0 0 1 0 1 0 0 -1 1 -1 0 0 1 0 0 0 0 0 -1 1 0 0 1 -1 1 0 0 0 1 1 0 1 0 0 1 1 0 0 1 0 
0 0 0 0 -1 0 0 1 1 0 1 1 0 1 0 0 0 0 1 -1 0 0 -1 1 -1 0 1 1 0 0 1 -1 -1 0 0 0 0 1 0 1 0 1 -1 0 -1 0 0 0 -1 1 0 0 0 -1 1 1 -1 0 0 0 0 -1 -1 0 -1 -1 0 0 0 0 1 0 0 1 -1 0 1 0 -1 -1 0 1 0 0 1 -1 0 1 0 1 0 1 1 -1 0 0 1 -1 0 0 
0 -1 1 -1 0 -1 -1 0 0 1 0 0 0 0 -1 0 0 -1 -1 1 -1 0 0 -1 -1 -1 0 0 0 0 0 1 0 -1 0 0 0 1 -1 0 0 0 1 0 1 -1 -1 0 -1 1 1 0 0 1 0 -1 -1 0 1 1 0 -1 0 1 0 -1 -1 0 -1 -1 -1 0 0 0 0 1 0 1 -1 1 1 0 1 1 0 -1 -1 1 0 -1 1 1 -1 0 1 -1 0 -1 0 1 
1 1 0 0 1 0 -1 0 -1 0 0 0 0 0 0 0 1 -1 0 -1 0 1 -1 0 0 0 -1 0 0 -1 1 0 0 1 -1 1 0 0 0 0 0 -1 1 1 0 -1 0 1 -1 1 1 0 0 -1 1 0 0 -1 0 1 0 1 1 1 0 0 1 0 0 0 -1 0 1 -1 0 1 0 1 1 -1 0 0 -1 -1 0 1 0 0 0 1 -1 1 0 0 1 1 -1 1 -1 -1 
-1 -1 1 0 0 0 1 -1 0 0 1 1 0 -1 -1 -1 1 1 0 0 0 0 0 0 0 0 1 0 -1 1 1 0 1 -1 0 0 0 -1 1 -1 -1 1 -1 1 1 1 -1 1 0 0 -1 0 1 1 1 1 -1 0 0 0 0 1 -1 -1 0 0 0 0 0 -1 0 0 1 0 0 0 -1 0 1 0 0 -1 0 0 -1 1 1 1 0 0 0 -1 1 0 0 0 -1 -1 0 1 
0 1 0 -1 1 0 0 0 -1 0 0 0 0 -1 0 -1 0 0 0 0 0 0 -1 0 1 -1 0 1 0 0 1 -1 -1 0 1 1 0 0 0 -1 -1 0 -1 -1 1 -1 0 1 -1 1 0 1 -1 -1 0 0 -1 -1 0 0 1 1 -1 0 0 1 -1 -1 1 -1 1 1 0 -1 1 0 -1 -1 0 0 0 0 -1 0 0 0 -1 1 0 1 1 1 1 0 0 1 0 1 -1 0 
0 0 0 1 0 0 0 -1 0 0 0 -1 1 -1 -1 0 1 -1 0 0 1 0 -1 1 0 0 0 0 -1 0 0 0 1 -1 0 -1 0 1 0 0 -1 -1 0 0 -1 0 -1 0 0 1 0 0 0 1 0 0 1 0 1 1 1 0 -1 -1 1 -1 0 -1 -1 1 -1 0 -1 0 0 0 0 -1 0 0 -1 0 1 0 0 0 -1 0 0 0 0 -1 1 1 -1 0 1 0 0 0 
0 0 0 0 -1 0 1 0 0 -1 -1 -1 0 -1 1 1 0 1 1 1 -1 0 -1 -1 0 0 1 0 -1 0 1 -1 0 1 0 0 0 -1 -1 1 0 0 0 -1 0 1 -1 -1 -1 0 -1 -1 -1 0 1 0 0 0 0 0 0 1 1 0 0 -1 0 0 0 0 -1 0 -1 1 0 0 -1 0 0 -1 0 1 0 1 1 0 0 0 1 0 1 -1 -1 -1 1 -1 1 0 0 -1 
0 1 -1 0 1 -1 1 0 -1 0 0 0 -1 0 0 -1 1 1 0 1 0 0 1 0 0 1 -1 0 -1 1 1 -1 0 1 -1 0 1 0 1 0 -1 1 0 0 0 1 -1 1 1 1 -1 0 1 0 0 0 0 0 -1 0 -1 1 0 0 0 -1 0 0 0 0 1 0 -1 0 -1 1 1 1 0 0 -1 -1 1 0 0 0 1 1 -1 -1 -1 -1 0 1 -1 0 0 -1 -1 1 
1 1 -1 -1 0 1 0 1 1 1 -1 0 -1 0 1 0 0 0 1 0 0 0 1 0 1 1 0 0 1 0 0 0 1 -1 0 1 0 0 -1 0 0 -1 -1 0 0 0 0 0 0 -1 0 0 0 -1 -1 -1 0 1 -1 -1 0 1 1 1 0 0 -1 0 1 1 1 1 0 0 1 0 0 0 0 1 0 0 0 0 -1 1 0 1 1 0 1 0 -1 -1 -1 1 1 0 -1 0 
-1 -1 0 0 1 -1 1 0 1 0 0 0 0 0 1 0 1 1 0 -1 0 -1 1 0 -1 1 0 1 -1 0 -1 0 -1 -1 -1 -1 0 0 0 1 -1 1 -1 0 1 0 -1 1 0 1 0 -1 0 0 1 1 0 0 0 1 -1 1 1 1 0 0 1 0 -1 0 -1 1 0 0 -1 0 0 0 0 0 0 1 0 -1 0 0 0 1 1 1 1 0 -1 -1 0 1 0 0 -1 1 
0 0 1 1 0 0 -1 -1 0 1 1 0 -1 -1 0 -1 -1 0 1 0 0 1 0 0 0 0 0 0 1 -1 1 1 1 0 1 1 0 0 1 1 0 -1 -1 -1 1 -1 -1 -1 0 0 0 1 0 -1 0 0 0 1 -1 0 0 0 -1 0 1 0 0 -1 -1 0 -1 0 0 -1 0 1 1 -1 0 0 0 1 0 0 1 0 0 -1 -1 -1 1 0 0 0 0 1 1 1 -1 -1 
0 1 0 -1 0 0 -1 0 -1 0 0 0 0 0 0 0 0 1 -1 1 -1 0 -1 0 0 1 -1 1 1 0 0 1 -1 0 0 0 1 -1 1 -1 1 1 -1 0 0 -1 0 1 -1 -1 1 0 0 1 1 1 1 -1 0 0 0 -1 0 -1 0 -1 1 0 1 1 0 0 1 0 0 1 -1 1 1 0 0 1 0 -1 0 0 0 0 0 1 0 1 -1 -1 1 -1 1 1 -1 -1 
-1 0 -1 0 1 1 -1 0 0 0 -1 0 1 1 0 0 0 1 0 0 1 -1 0 0 0 -1 1 0 0 1 0 1 0 1 0 1 -1 1 -1 1 -1 1 0 -1 0 0 -1 0 -1 0 -1 0 0 0 1 0 1 0 0 -1 0 -1 0 -1 -1 -1 -1 -1 0 0 -1 0 0 0 -1 0 0 1 -1 0 0 -1 0 0 0 1 1 1 0 -1 0 -1 1 0 0 0 0 -1 0 0 
-1 -1 0 0 -1 0 0 1 -1 0 0 0 0 -1 0 -1 0 0 0 -1 0 0 0 -1 -1 0 0 -1 0 0 0 0 1 1 0 0 0 1 1 1 0 0 -1 0 1 0 -1 1 0 0 -1 -1 -1 0 0 0 0 1 -1 0 0 -1 0 0 0 0 0 -1 0 0 1 1 1 1 -1 0 1 0 -1 0 0 0 0 0 0 -1 -1 0 0 0 -1 1 -1 0 1 0 -1 0 -1 1 
1 -1 0 1 0 1 0 0 0 1 1 0 0 0 -1 0 0 -1 0 0 -1 -1 1 0 -1 0 -1 -1 0 0 0 0 0 -1 0 1 0 0 -1 1 0 1 0 0 -1 -1 0 0 -1 0 0 -1 0 0 0 0 0 -1 1 0 0 -1 -1 1 1 -1 0 -1 1 -1 0 -1 -1 0 -1 -1 0 0 1 0 0 0 0 0 1 0 -1 0 -1 -1 0 0 1 0 0 0 1 0 1 1 
0 0 0 0 -1 -1 -1 0 1 1 0 0 -1 -1 0 1 -1 1 -1 -1 0 1 0 0 0 0 0 0 0 1 -1 1 -1 1 -1 0 0 0 1 0 0 0 1 1 -1 1 0 0 0 1 0 1 0 -1 -1 0 0 -1 1 -1 0 1 0 0 0 1 0 0 1 0 -1 0 -1 -1 0 0 -1 1 -1 0 0 1 0 0 0 -1 0 -1 0 0 0 1 0 -1 -1 1 -1 0 -1 0 
0 1 1 1 0 1 0 0 -1 0 -1 0 0 -1 1 -1 0 0 0 0 1 -1 -1 -1 1 0 0 0 0 -1 1 1 -1 0 -1 0 0 -1 0 0 0 0 1 0 -1 0 1 1 0 0 1 0 0 1 1 -1 0 1 0 0 -1 0 -1 0 0 0 -1 1 0 1 -1 1 0 0 0 -1 0 0 0 0 -1 -1 1 -1 1 1 0 0 1 -1 1 -1 0 0 -1 -1 1 1 0 0 
0 0 0 0 1 -1 1 0 0 1 -1 0 1 0 0 1 -1 -1 -1 0 0 0 0 0 0 -1 0 0 0 0 0 0 0 -1 0 0 0 1 1 -1 0 0 1 0 1 0 -1 0 1 -1 0 1 -1 0 0 -1 0 -1 0 0 0 0 -1 1 0 1 -1 0 0 -1 0 0 -1 0 1 0 1 1 0 0 0 -1 -1 -1 0 -1 0 1 -1 0 0 -1 1 0 0 -1 1 -1 0 0 
1 -1 1 0 0 -1 0 0 -1 0 -1 0 0 -1 0 0 0 1 0 0 0 0 1 -1 0 0 0 0 -1 1 1 0 1 0 0 -1 1 0 0 1 0 0 1 0 1 -1 0 -1 1 -1 0 0 1 1 0 0 0 -1 -1 -1 1 0 -1 0 0 0 1 0 0 -1 -1 0 1 0 0 0 0 0 1 -1 0 -1 -1 0 -1 0 -1 -1 0 0 1 1 1 -1 -1 0 0 0 0 0 
0 0 -1 1 -1 0 0 0 0 -1 -1 1 0 0 -1 1 -1 1 0 1 -1 1 1 0 0 -1 0 -1 -1 -1 0 -1 1 0 -1 0 0 0 1 0 0 0 0 0 0 -1 0 0 -1 0 -1 0 1 0 1 0 1 -1 -1 1 0 0 1 0 1 -1 -1 0 0 0 -1 1 -1 1 -1 0 0 0 0 0 0 -1 1 0 0 0 -1 0 -1 0 1 0 0 1 1 0 0 0 1 0 
-1 -1 0 0 0 0 0 -1 -1 1 -1 0 1 0 0 0 0 -1 0 0 1 0 -1 0 -1 0 -1 0 1 -1 0 1 0 0 -1 -1 1 0 0 -1 1 1 0 0 1 -1 -1 -1 1 0 -1 -1 1 1 0 0 0 0 0 1 0 1 0 -1 -1 1 0 0 1 1 0 0 -1 1 0 1 0 -1 -1 1 0 -1 1 0 1 0 1 1 -1 0 0 1 0 0 1 0 1 1 -1 1 
-1 -1 -1 0 0 0 1 1 0 0 -1 1 0 0 1 1 0 1 -1 0 0 0 -1 0 0 -1 1 0 -1 0 0 0 0 -1 0 -1 -1 0 0 0 -1 0 -1 0 -1 1 1 0 -1 0 0 1 0 0 -1 -1 0 -1 0 -1 0 1 0 1 -1 1 -1 1 1 -1 0 1 1 1 0 0 -1 0 0 1 0 0 0 1 0 1 -1 -1 0 1 0 0 0 1 -1 1 0 -1 1 1 
0 -1 -1 0 1 1 0 0 1 0 0 1 0 0 0 1 0 1 0 -1 1 0 -1 0 0 -1 0 0 0 0 0 0 0 -1 1 0 1 0 1 1 1 0 0 0 1 -1 1 1 1 1 1 -1 0 -1 -1 0 0 -1 1 -1 0 -1 0 0 0 1 1 -1 0 0 1 -1 0 0 0 1 0 0 -1 1 -1 0 1 -1 -1 0 0 1 0 0 0 0 -1 1 0 0 1 0 -1 1 
0 1 0 0 0 1 1 0 0 1 0 1 -1 1 0 0 1 0 -1 0 1 -1 0 1 1 1 0 1 -1 -1 1 0 -1 0 0 -1 0 0 0 -1 0 0 -1 -1 1 1 0 0 1 0 -1 0 0 0 0 0 -1 -1 -1 0 0 0 0 1 0 0 1 0 -1 -1 0 1 0 -1 1 0 0 0 -1 0 0 0 -1 0 -1 -1 0 1 0 1 0 0 -1 1 1 0 -1 1 1 0 
0 1 0 1 0 1 -1 1 0 1 0 -1 -1 1 0 1 0 0 0 1 0 0 -1 0 0 0 0 -1 0 0 -1 -1 0 -1 -1 -1 0 0 0 0 1 0 0 0 -1 0 -1 0 -1 1 0 0 1 1 0 0 -1 -1 1 -1 1 1 0 0 0 0 0 0 -1 0 0 0 0 -1 -1 -1 0 0 0 -1 0 0 0 0 0 -1 -1 0 0 -1 -1 0 0 0 -1 -1 -1 0 0 1 
0 0 1 0 0 0 -1 -1 -1 0 -1 1 0 0 -1 -1 1 0 0 0 0 -1 0 0 -1 1 0 1 1 0 -1 -1 0 -1 -1 1 1 1 -1 0 -1 0 1 0 -1 0 0 0 0 -1 -1 0 0 1 0 0 0 0 0 1 -1 1 1 1 0 1 0 1 0 0 -1 -1 1 -1 0 0 0 0 0 0 -1 1 -1 0 0 -1 -1 0 0 0 0 0 0 0 -1 0 0 -1 -1 -1 
0 0 0 1 0 0 1 0 0 1 0 1 1 0 0 0 1 0 0 -1 0 -1 0 0 0 1 -1 0 1 0 0 0 0 -1 -1 1 -1 -1 0 1 -1 -1 1 0 0 -1 0 0 0 1 1 0 -1 1 -1 0 1 0 0 0 0 1 1 0 -1 0 0 0 -1 0 0 1 0 0 -1 1 0 1 0 -1 -1 -1 0 0 0 -1 0 1 1 0 0 1 -1 0 0 1 1 0 1 0 
1 0 0 1 1 -1 0 1 1 0 1 0 -1 1 0 0 0 1 -1 -1 -1 0 0 -1 -1 -1 -1 0 0 -1 0 -1 -1 0 -1 1 -1 -1 -1 -1 1 1 1 1 -1 0 -1 0 -1 0 0 0 -1 0 1 0 0 -1 1 0 0 1 0 0 -1 0 0 -1 -1 -1 0 -1 0 0 -1 0 -1 -1 -1 1 1 0 0 1 1 0 -1 -1 0 0 0 -1 0 0 0 0 -1 0 1 0 
-1 -1 0 1 1 -1 -1 1 -1 1 -1 1 1 1 0 -1 0 0 0 1 0 1 1 -1 0 0 -1 1 -1 0 0 -1 1 1 1 -1 -1 0 -1 -1 0 1 0 0 -1 -1 1 -1 1 0 -1 -1 0 0 -1 0 -1 -1 0 0 0 -1 0 0 1 0 1 0 0 0 0 1 0 0 1 1 -1 0 -1 -1 -1 1 1 -1 0 0 1 0 0 0 0 0 0 -1 -1 1 1 0 -1 1 
-1 0 1 0 0 1 0 0 0 -1 0 0 -1 1 0 -1 0 -1 -1 0 0 1 0 -1 0 0 -1 -1 0 1 0 1 -1 0 0 0 0 -1 0 1 -1 0 0 -1 0 1 0 0 0 0 0 -1 1 -1 0 1 0 0 0 0 0 1 0 -1 0 0 1 1 -1 1 0 -1 1 0 0 1 0 0 0 1 -1 0 1 -1 0 0 -1 1 1 0 0 -1 -1 -1 0 -1 0 0 1 -1 
0 0 -1 -1 0 0 0 -1 -1 0 1 0 -1 0 0 1 1 1 0 1 0 1 -1 0 1 -1 1 1 0 0 1 1 1 0 1 0 0 0 0 0 -1 1 -1 1 0 -1 -1 0 0 1 -1 1 -1 1 1 0 1 0 -1 0 0 0 -1 1 0 -1 0 0 0 0 0 0 -1 0 -1 0 1 0 1 1 1 0 1 1 -1 -1 0 1 0 1 0 -1 1 -1 0 0 0 1 0 1 
0 -1 0 0 -1 0 0 -1 0 1 0 0 0 0 0 0 0 1 0 0 -1 0 1 0 -1 0 0 1 0 1 1 1 -1 1 0 -1 0 -1 0 1 0 -1 0 0 1 -1 0 1 1 -1 0 0 -1 0 -1 -1 -1 -1 1 1 -1 -1 1 0 0 1 -1 -1 1 0 -1 0 -1 0 0 1 0 0 1 0 1 1 0 -1 0 1 1 0 -1 0 -1 1 1 0 1 0 0 1 0 0 
0 0 -1 -1 0 -1 -1 1 0 1 1 -1 0 0 -1 -1 1 -1 0 0 -1 0 -1 -1 1 1 0 0 0 0 1 0 0 1 -1 1 0 1 -1 1 0 -1 1 0 1 1 0 0 0 0 0 0 -1 1 -1 0 -1 0 0 0 0 -1 -1 0 0 1 -1 0 0 -1 1 1 0 -1 0 -1 1 -1 -1 -1 1 0 1 -1 -1 1 1 1 -1 -1 -1 -1 1 -1 1 1 -1 1 0 1 
-1 1 1 -1 0 0 0 1 0 0 0 -1 1 0 0 -1 0 0 0 1 0 0 1 1 0 0 0 1 0 0 0 1 -1 -1 0 -1 -1 0 -1 1 0 1 0 0 1 -1 1 -1 0 0 0 1 0 1 -1 1 0 0 -1 -1 1 0 0 -1 0 1 1 1 0 1 -1 0 0 0 1 -1 0 0 -1 1 0 1 -1 0 0 0 -1 -1 0 1 0 1 0 -1 0 0 -1 0 -1 -1 
-1 1 0 0 0 0 0 1 0 0 0 -1 0 0 -1 0 0 0 -1 0 0 -1 0 0 -1 0 0 1 -1 0 0 0 0 0 0 1 0 -1 1 -1 0 0 0 0 0 -1 -1 0 1 0 -1 1 0 0 -1 1 0 0 -1 -1 0 0 1 0 1 0 0 -1 0 -1 -1 0 0 0 0 1 1 0 1 0 -1 1 -1 1 1 1 -1 0 0 0 0 0 0 0 0 0 0 -1 1 1 
0 0 -1 0 -1 0 -1 0 0 1 0 -1 0 0 0 0 0 0 0 0 -1 0 -1 0 -1 -1 0 1 -1 1 0 0 -1 0 1 -1 -1 0 0 0 -1 0 -1 0 0 -1 0 0 1 -1 0 0 -1 -1 1 0 0 0 1 -1 -1 1 0 1 0 0 0 0 1 -1 1 1 1 0 -1 0 1 -1 0 0 0 0 0 0 -1 0 0 1 0 0 1 1 0 0 0 0 0 0 0 1 
0 1 0 0 0 -1 0 1 -1 -1 1 0 0 0 0 0 1 0 1 1 0 0 0 0 0 -1 1 0 1 -1 0 0 1 -1 -1 0 0 -1 0 0 -1 0 0 0 1 -1 0 0 -1 0 1 -1 0 0 0 -1 -1 0 1 -1 1 0 -1 0 0 0 1 0 0 0 -1 0 0 1 -1 0 -1 0 0 1 0 -1 1 -1 0 -1 0 0 0 0 0 0 0 -1 0 -1 0 0 1 -1 
0 0 -1 0 1 0 1 -1 1 0 1 1 1 -1 -1 0 0 -1 0 0 -1 1 -1 0 0 0 0 -1 0 0 0 -1 0 1 0 1 0 -1 1 0 -1 -1 1 0 -1 0 1 0 -1 -1 0 -1 0 1 1 0 -1 0 0 -1 -1 0 0 1 1 -1 0 -1 0 1 0 0 -1 0 -1 1 -1 0 0 -1 0 0 0 -1 -1 -1 0 0 -1 0 0 1 1 0 -1 1 0 0 0 0 
0 0 -1 1 0 1 0 0 0 0 0 1 0 -1 1 -1 -1 1 0 0 -1 -1 0 -1 0 0 1 0 -1 -1 1 0 0 0 0 1 0 0 1 -1 -1 -1 0 -1 1 -1 0 1 -1 0 -1 0 0 -1 1 0 1 0 0 0 1 0 0 -1 0 -1 1 -1 1 0 0 0 0 -1 1 -1 0 0 0 1 0 0 0 0 -1 0 0 0 -1 1 0 0 -1 1 0 0 0 1 0 1 
1 0 -1 1 1 0 -1 -1 0 0 0 -1 0 -1 -1 -1 -1 -1 0 0 -1 -1 0 -1 1 0 1 -1 0 -1 0 0 -1 0 0 0 -1 0 -1 1 -1 0 -1 0 0 -1 -1 0 0 -1 1 -1 0 0 -1 -1 1 0 -1 1 1 0 0 1 -1 -1 1 1 -1 1 1 0 0 0 1 -1 -1 0 0 0 1 1 1 0 1 -1 0 1 1 -1 0 -1 0 0 0 -1 1 0 0 0 

10 8 3 2 6 8 1 10 10 6 3 3 6 10 5 10 9 3 9 6 10 5 6 2 1 6 6 10 9 9 4 4 2 4 3 9 9 6 4 5 4 5 9 6 6 4 5 4 6 5 