100 200
0 1 -1 1 0 0 1 1 0 1 1 0 -1 0 -1 1 1 0 1 0 0 0 -1 0 0 0 -1 -1 -1 0 1 0 0 0 0 0 0 0 1 0 0 -1 -1 -1 0 0 0 1 -1 1 1 0 0 0 0 0 0 -1 -1 -1 0 -1 1 0 1 1 -1 0 -1 0 -1 0 1 1 -1 0 0 -1 1 1 0 -1 -1 1 1 1 1 0 1 1 -1 0 0 1 0 0 -1 0 1 0 1 -1 1 0 0 0 0 0 0 -1 0 -1 0 1 0 1 0 1 -1 0 -1 0 0 0 -1 0 1 0 0 0 0 1 -1 -1 0 0 0 0 -1 -1 0 0 0 0 0 0 0 0 0 0 -1 1 1 0 1 0 0 1 0 -1 0 0 0 1 0 -1 1 0 -1 1 0 0 0 -1 0 0 0 0 -1 0 0 0 0 0 0 1 0 0 0 -1 1 1 -1 -1 0 0 0 0 -1 0 
-1 0 0 0 0 -1 1 -1 0 -1 -1 1 1 0 0 -1 -1 0 -1 1 0 0 1 0 0 -1 1 0 1 -1 1 0 0 1 -1 0 1 0 0 1 -1 0 1 -1 1 1 0 1 1 1 1 1 -1 -1 -1 0 -1 0 0 1 1 -1 0 1 0 0 1 0 0 0 -1 1 0 0 -1 0 0 1 -1 -1 0 -1 1 0 1 1 0 0 0 0 1 -1 -1 0 0 0 1 1 -1 0 -1 1 1 -1 0 -1 1 -1 -1 0 0 0 0 0 -1 1 -1 0 1 0 0 0 1 0 -1 -1 0 0 0 -1 0 0 -1 1 0 -1 0 0 1 1 0 0 -1 0 0 -1 0 1 0 0 0 1 0 0 -1 0 0 -1 1 0 0 0 0 1 -1 1 -1 1 -1 -1 0 1 0 -1 1 0 -1 0 0 0 0 1 -1 0 0 0 1 0 1 0 0 1 1 0 0 1 0 0 0 1 
1 -1 0 0 0 -1 -1 0 0 -1 0 0 0 -1 0 0 1 1 -1 -1 0 1 0 1 -1 0 0 0 -1 0 1 -1 0 0 0 -1 0 0 1 1 0 0 -1 0 0 1 -1 0 -1 0 1 0 0 -1 0 0 1 1 1 -1 0 -1 0 0 0 0 -1 0 -1 1 0 0 0 -1 1 1 0 -1 1 1 0 0 0 0 0 -1 0 -1 1 0 1 0 -1 1 0 0 -1 1 -1 -1 1 -1 -1 0 -1 -1 0 0 1 0 -1 -1 1 -1 1 -1 0 -1 0 1 1 -1 0 0 -1 -1 0 0 -1 0 1 0 0 1 -1 0 1 1 -1 1 0 0 1 0 1 0 1 0 -1 0 0 0 0 1 0 -1 0 0 -1 0 0 1 0 0 1 0 -1 0 1 -1 1 0 1 -1 -1 0 1 1 0 0 -1 0 1 1 0 0 0 0 1 -1 0 0 1 1 0 0 -1 -1 -1 1 
0 0 0 0 0 0 0 -1 1 0 -1 1 0 0 1 1 0 1 0 0 -1 0 0 1 0 0 0 0 1 0 1 -1 1 1 0 0 1 0 0 -1 -1 1 -1 0 1 1 -1 0 1 1 1 0 1 -1 -1 0 0 1 1 0 1 -1 0 0 0 1 0 0 0 0 -1 0 -1 0 -1 0 0 -1 0 -1 1 1 0 1 0 0 1 1 -1 0 0 0 -1 -1 1 0 0 0 0 0 0 0 1 1 -1 0 0 1 0 0 0 0 1 1 0 0 0 -1 0 1 0 0 0 -1 1 0 1 1 0 -1 0 0 -1 0 0 1 -1 1 0 0 0 0 -1 0 1 0 0 -1 -1 -1 0 -1 0 1 -1 0 -1 -1 -1 0 1 0 0 1 0 0 0 1 0 -1 1 -1 0 0 0 0 0 0 0 1 1 -1 1 -1 0 1 -1 1 0 0 0 1 1 -1 -1 0 0 0 0 0 
1 0 0 0 1 0 0 0 0 0 -1 0 0 0 0 0 1 -1 1 -1 1 0 -1 -1 1 0 0 0 0 -1 0 -1 1 0 0 1 0 -1 0 1 -1 1 -1 0 1 -1 0 1 0 1 1 1 0 0 1 0 -1 -1 -1 1 0 -1 -1 -1 0 -1 1 -1 0 1 0 0 1 0 0 1 -1 -1 1 0 0 0 0 1 0 0 0 0 0 -1 0 -1 1 1 0 -1 0 0 0 0 1 -1 -1 0 1 1 0 0 -1 1 0 -1 -1 -1 0 1 0 0 0 0 1 -1 1 -1 1 1 1 0 -1 -1 1 1 -1 1 0 -1 1 0 0 1 0 1 0 0 1 -1 0 1 0 0 0 0 1 -1 1 1 -1 -1 0 0 0 1 0 1 -1 0 0 0 0 1 0 -1 0 1 0 0 0 0 -1 -1 0 0 1 1 0 0 0 -1 0 -1 1 0 -1 0 0 0 1 0 0 1 
1 1 0 0 1 0 -1 0 1 0 0 0 0 0 -1 1 0 -1 0 1 0 -1 1 1 0 0 -1 0 1 -1 -1 0 0 0 -1 -1 0 0 1 0 -1 0 0 0 1 1 0 0 1 0 0 1 1 0 1 -1 1 -1 0 0 -1 -1 0 0 0 1 0 1 1 0 0 0 -1 1 0 0 0 0 -1 1 0 0 1 0 0 -1 0 0 1 1 -1 0 0 -1 1 0 0 0 0 0 0 0 -1 0 0 0 -1 0 0 0 1 0 -1 -1 -1 0 -1 1 -1 0 1 -1 1 0 1 -1 0 1 1 -1 0 0 0 0 0 -1 1 -1 0 0 1 -1 0 0 1 -1 0 0 1 -1 0 0 0 0 0 0 -1 -1 -1 -1 -1 0 -1 0 0 -1 0 -1 1 0 -1 1 0 0 0 1 0 -1 0 1 -1 0 0 0 -1 0 0 1 0 -1 -1 1 0 -1 -1 0 1 0 0 0 
1 1 0 0 1 0 0 -1 -1 0 -1 0 -1 1 1 -1 1 0 -1 1 0 1 0 0 1 1 1 0 0 1 0 0 0 -1 1 1 0 0 0 0 1 1 -1 1 1 0 0 0 1 -1 0 0 0 0 0 0 -1 -1 0 1 0 0 0 0 1 0 0 1 0 0 1 0 0 -1 0 0 -1 1 1 -1 1 0 0 0 1 1 0 -1 0 -1 -1 1 -1 -1 0 0 -1 -1 0 1 -1 -1 0 0 0 -1 1 -1 -1 0 1 1 -1 0 0 0 0 -1 0 0 1 -1 1 1 0 0 1 -1 1 -1 -1 0 1 -1 -1 1 1 0 -1 -1 0 -1 0 0 0 -1 0 0 1 1 -1 -1 0 1 0 0 -1 0 1 -1 1 0 0 0 1 -1 -1 1 0 -1 -1 -1 0 0 0 1 -1 1 1 1 0 0 0 0 1 1 0 1 0 0 1 1 0 0 1 0 1 1 -1 1 
1 0 1 0 1 0 -1 -1 0 0 0 -1 0 -1 1 1 0 0 0 0 0 0 -1 1 1 0 1 0 -1 -1 1 0 1 1 1 -1 0 0 0 -1 -1 0 1 0 1 1 1 1 1 0 1 0 1 1 1 1 1 -1 0 1 0 -1 0 -1 1 1 0 0 0 0 0 -1 0 0 0 0 1 0 -1 -1 1 1 0 1 0 -1 0 1 0 1 0 0 1 1 0 -1 0 0 0 0 0 0 1 -1 -1 0 0 1 1 1 -1 -1 1 1 -1 0 1 0 0 1 0 -1 -1 0 0 -1 0 -1 0 1 0 1 0 -1 1 1 -1 -1 0 -1 0 0 0 0 0 -1 0 0 -1 0 0 0 0 1 -1 1 1 0 0 0 -1 0 0 0 1 1 -1 0 0 -1 0 -1 0 1 0 0 0 0 0 -1 0 1 1 1 0 1 -1 0 -1 0 0 1 1 1 1 0 0 0 -1 0 
0 1 1 0 1 1 0 0 1 1 1 0 0 0 -1 0 1 -1 -1 -1 0 0 1 -1 -1 0 0 0 1 0 0 1 0 1 0 0 0 0 0 1 1 0 0 -1 0 -1 0 -1 0 -1 -1 0 0 0 0 -1 -1 0 0 0 0 -1 0 1 1 0 -1 0 1 0 0 0 0 0 -1 -1 -1 -1 0 0 -1 -1 0 1 1 1 0 0 0 -1 0 1 0 1 0 -1 0 0 1 1 0 1 0 1 -1 0 0 0 0 0 0 1 0 0 -1 0 1 -1 -1 1 0 0 0 0 1 -1 0 -1 -1 1 -1 0 0 1 1 1 0 -1 0 1 0 -1 0 -1 -1 -1 1 1 0 1 -1 1 0 1 1 0 0 0 -1 1 -1 -1 -1 1 1 1 0 1 0 1 0 0 1 0 -1 -1 0 1 1 -1 -1 0 0 -1 -1 1 0 -1 0 0 1 -1 1 0 0 0 1 0 1 1 
0 0 0 -1 1 1 0 -1 1 -1 -1 -1 -1 1 0 0 1 1 1 1 0 -1 0 0 0 1 1 0 1 1 0 0 -1 0 1 0 1 1 0 0 1 1 0 0 1 0 1 1 0 0 1 0 0 -1 1 1 0 0 0 1 0 0 1 0 0 0 1 1 0 0 1 0 0 0 1 1 0 0 -1 0 0 1 1 1 1 -1 0 -1 -1 1 0 1 0 0 0 -1 1 0 1 1 0 0 1 0 1 0 -1 0 0 0 -1 0 0 1 1 -1 1 1 0 1 0 -1 0 -1 1 0 1 1 0 1 0 0 0 -1 1 0 0 0 -1 -1 1 0 -1 1 1 0 0 -1 0 0 0 -1 0 1 0 1 0 1 -1 -1 1 0 0 1 1 -1 1 0 1 -1 0 -1 0 0 0 1 0 -1 0 -1 0 0 1 1 0 0 -1 1 0 0 0 -1 -1 0 0 1 -1 0 0 0 
-1 -1 -1 0 1 1 1 -1 -1 1 0 1 0 -1 0 -1 -1 0 0 0 0 -1 -1 0 1 1 0 -1 1 1 0 1 -1 -1 0 0 1 -1 0 -1 0 -1 0 -1 -1 0 1 0 -1 0 1 -1 1 0 -1 0 0 -1 -1 0 1 1 1 0 0 -1 -1 -1 0 0 -1 0 0 -1 -1 0 0 0 1 0 1 -1 1 1 0 0 1 1 0 -1 -1 0 -1 -1 1 0 0 1 0 0 1 -1 1 0 1 0 -1 1 1 0 0 0 0 0 1 1 1 0 -1 1 -1 0 -1 1 0 -1 0 1 -1 -1 1 0 0 1 0 1 1 -1 1 0 1 0 0 0 0 -1 1 1 0 0 0 0 0 0 1 -1 1 0 0 1 0 -1 -1 -1 1 0 0 -1 0 0 1 0 0 0 0 -1 1 1 0 -1 -1 -1 1 0 1 -1 1 -1 1 -1 0 0 0 0 1 -1 1 0 0 0 
0 0 -1 0 0 0 0 -1 -1 -1 0 0 0 0 0 0 0 1 0 1 1 -1 0 -1 -1 1 1 -1 0 1 -1 -1 1 1 0 -1 -1 0 0 -1 1 1 -1 1 -1 0 0 1 0 0 1 -1 0 -1 0 1 1 1 0 0 1 1 1 1 -1 1 1 0 0 -1 1 1 1 1 0 0 0 -1 0 -1 1 1 0 0 0 -1 0 0 0 1 0 0 1 -1 1 0 0 1 -1 0 0 0 0 0 0 1 -1 0 1 0 1 0 -1 1 0 0 0 1 1 0 1 0 -1 -1 1 -1 0 0 1 0 -1 0 1 0 -1 0 0 -1 0 -1 1 1 -1 0 0 1 1 0 -1 0 1 0 1 0 0 0 0 0 1 1 1 -1 0 -1 1 -1 0 1 0 -1 -1 1 1 -1 0 0 -1 0 0 1 0 0 -1 0 1 -1 0 -1 0 1 1 0 1 0 -1 1 0 0 0 -1 
-1 0 1 1 0 1 1 1 0 -1 1 -1 0 0 0 0 0 -1 0 0 0 0 0 -1 0 0 0 0 0 0 0 0 1 1 1 -1 0 0 -1 0 -1 0 0 1 0 1 0 0 0 -1 -1 0 1 -1 -1 0 -1 0 0 -1 0 1 -1 1 0 -1 1 0 -1 0 1 0 0 1 -1 0 -1 0 0 0 1 1 -1 1 0 1 0 0 0 0 -1 0 -1 0 0 -1 1 0 0 0 -1 1 0 0 0 -1 0 -1 0 0 1 0 1 0 -1 1 0 0 0 0 1 0 1 1 0 0 -1 1 1 1 0 1 0 0 1 0 0 -1 0 1 1 0 0 1 -1 0 -1 1 0 0 -1 0 -1 1 -1 1 0 0 -1 0 -1 0 1 0 0 -1 -1 -1 -1 1 0 0 0 -1 0 1 1 0 -1 0 0 0 1 -1 -1 1 0 1 0 -1 0 -1 0 0 0 -1 0 0 -1 1 
0 0 1 0 0 1 0 0 -1 0 0 -1 -1 -1 -1 0 1 0 -1 0 0 0 0 0 0 -1 -1 0 0 0 -1 0 0 -1 -1 1 1 0 0 0 0 0 1 0 1 -1 1 0 0 0 0 0 1 -1 0 0 -1 0 0 0 0 0 0 0 -1 1 0 1 -1 0 0 -1 -1 -1 -1 1 1 1 0 -1 -1 1 1 0 1 -1 0 0 1 1 0 0 1 1 -1 0 0 0 0 -1 -1 1 0 0 0 0 0 0 0 -1 0 0 1 -1 1 0 0 -1 0 -1 -1 1 1 1 -1 0 -1 -1 1 0 0 -1 1 0 -1 1 0 -1 0 0 0 0 0 -1 -1 0 -1 0 0 0 -1 1 1 1 -1 0 0 -1 -1 0 0 -1 1 0 0 0 1 0 1 0 1 1 0 0 0 -1 -1 1 0 -1 1 0 0 0 1 1 0 0 1 -1 1 1 0 0 -1 0 1 1 0 0 
1 -1 0 1 1 -1 1 -1 0 -1 0 -1 0 0 1 1 1 0 0 -1 0 0 0 1 1 0 0 1 0 0 -1 1 0 0 0 0 1 0 -1 -1 1 0 -1 0 -1 0 -1 0 -1 0 -1 0 0 0 1 1 0 1 1 0 0 -1 -1 0 0 0 0 0 -1 0 0 -1 1 1 0 0 1 0 1 1 1 1 1 -1 0 0 0 0 -1 1 0 1 0 -1 0 1 0 1 1 1 -1 -1 0 0 0 0 -1 -1 0 0 -1 0 0 -1 1 0 -1 0 0 -1 1 -1 -1 0 -1 1 0 1 0 0 0 0 -1 1 0 0 0 -1 0 -1 0 -1 0 0 1 0 -1 -1 0 0 -1 0 0 1 0 0 1 -1 -1 0 0 0 0 1 1 0 1 0 0 0 0 1 -1 0 1 0 0 0 1 0 1 0 1 1 -1 0 -1 0 -1 -1 -1 0 0 -1 0 0 -1 1 1 0 
-1 -1 0 1 0 -1 0 -1 0 0 1 1 0 -1 1 0 -1 1 0 0 1 1 -1 0 -1 -1 1 0 0 0 0 0 0 -1 -1 0 -1 0 -1 0 0 0 0 1 0 -1 1 0 0 -1 0 0 0 -1 -1 0 -1 0 0 1 0 0 0 0 0 1 0 0 1 1 0 1 -1 1 -1 -1 0 1 0 0 0 1 0 0 0 0 0 -1 1 0 0 0 -1 -1 0 0 0 0 1 -1 1 0 0 0 -1 -1 0 -1 0 0 0 0 0 0 1 1 0 -1 0 -1 -1 0 0 0 0 -1 0 1 0 1 1 0 0 0 1 0 0 0 0 -1 0 0 1 -1 0 0 0 0 -1 0 0 0 1 -1 -1 0 0 1 -1 -1 0 0 0 0 -1 -1 -1 1 -1 0 0 1 1 -1 1 0 -1 -1 1 0 1 -1 -1 -1 1 -1 1 -1 0 1 0 0 1 -1 -1 0 1 -1 0 0 
1 0 1 -1 0 1 -1 -1 1 0 0 1 -1 -1 1 1 -1 0 1 1 0 0 -1 1 0 0 0 1 -1 -1 -1 1 0 0 -1 0 0 1 1 -1 0 1 0 1 0 0 1 1 -1 -1 1 0 1 1 1 -1 0 0 0 0 0 -1 -1 1 -1 0 1 1 0 0 0 0 0 0 -1 -1 1 1 0 0 -1 1 0 0 0 -1 0 -1 0 0 0 -1 0 -1 -1 0 1 -1 0 -1 -1 1 0 0 0 0 0 0 0 0 -1 0 1 0 0 -1 -1 -1 1 -1 0 -1 0 0 1 -1 0 1 0 0 0 0 1 0 0 -1 -1 0 -1 -1 1 1 -1 0 0 0 0 1 0 1 0 -1 0 1 0 -1 1 1 1 1 0 -1 -1 1 0 0 0 1 0 0 0 0 1 0 1 0 1 0 0 0 1 1 1 0 1 -1 0 0 1 -1 0 1 1 1 -1 0 1 1 0 0 
0 0 -1 0 0 -1 0 0 0 1 1 -1 -1 1 0 1 0 -1 -1 1 -1 0 0 0 -1 1 0 -1 -1 0 0 -1 0 -1 0 0 0 -1 -1 0 1 0 -1 -1 1 -1 0 0 1 -1 0 -1 0 0 1 0 -1 0 0 0 -1 -1 0 -1 0 -1 -1 0 1 0 1 -1 -1 0 0 -1 -1 0 0 1 -1 0 -1 1 0 -1 1 0 -1 -1 1 0 -1 0 0 0 0 1 0 -1 -1 0 0 0 0 0 -1 0 -1 1 0 -1 -1 1 0 1 -1 1 1 0 1 0 0 1 1 -1 1 -1 0 -1 1 -1 0 0 0 0 0 0 -1 -1 1 0 1 -1 0 0 1 -1 -1 1 1 0 0 0 1 -1 -1 0 1 0 0 1 1 0 0 1 -1 -1 -1 -1 0 0 0 -1 0 1 1 0 0 -1 0 -1 0 0 -1 1 -1 -1 0 0 1 -1 0 0 0 -1 0 -1 0 1 
-1 0 0 0 1 0 1 -1 1 0 0 1 0 0 0 1 1 0 -1 0 0 0 1 1 0 0 1 0 0 -1 0 0 0 0 0 -1 0 -1 0 -1 0 1 -1 0 1 0 1 0 -1 0 0 0 0 0 -1 1 -1 -1 -1 0 1 1 1 0 1 -1 0 -1 1 -1 0 0 1 -1 1 1 0 0 0 0 1 0 -1 -1 0 -1 0 0 -1 -1 0 0 0 0 -1 1 -1 0 0 -1 1 1 -1 0 0 0 0 1 -1 -1 0 1 1 1 0 0 1 -1 -1 0 0 1 -1 0 0 0 0 0 1 1 1 1 0 1 0 0 0 -1 0 0 -1 0 1 0 0 0 1 1 1 0 0 0 0 1 0 0 0 -1 0 -1 1 1 0 1 -1 0 0 1 1 0 0 1 0 0 1 0 1 -1 0 0 1 0 1 -1 -1 1 0 0 1 -1 1 -1 1 1 1 0 0 0 -1 1 
0 0 -1 0 0 1 0 0 1 -1 -1 1 1 0 -1 -1 1 0 0 -1 0 -1 0 0 0 0 -1 1 -1 1 0 0 0 1 0 -1 0 1 1 1 1 -1 1 0 0 1 0 0 -1 1 0 0 0 -1 0 -1 0 1 -1 -1 0 1 0 1 0 -1 1 0 0 -1 0 1 1 1 0 0 -1 0 0 0 -1 0 0 0 1 0 1 1 -1 -1 -1 -1 0 -1 -1 1 -1 -1 -1 -1 1 1 1 -1 1 0 0 0 0 0 0 0 1 0 0 1 1 1 0 1 1 0 0 0 0 -1 0 -1 0 0 -1 0 1 1 0 0 0 -1 1 1 0 1 0 -1 0 0 -1 1 0 0 0 1 0 1 1 1 0 1 1 -1 0 -1 1 0 -1 -1 0 -1 0 -1 1 -1 0 0 -1 0 0 1 -1 -1 0 0 0 0 -1 1 -1 1 0 1 1 0 0 1 0 1 -1 1 0 -1 
0 1 1 0 0 -1 -1 1 0 0 1 0 1 -1 1 -1 -1 0 -1 0 -1 0 0 0 -1 -1 0 1 1 0 0 0 0 0 0 0 -1 -1 0 0 0 -1 0 1 0 -1 -1 1 0 0 -1 -1 -1 0 1 1 0 0 1 0 -1 0 1 0 0 1 1 1 0 0 0 0 -1 1 0 1 0 0 1 0 -1 -1 -1 0 1 0 1 1 0 1 0 -1 1 1 -1 0 0 0 0 1 -1 0 1 1 0 1 0 1 1 1 0 -1 0 1 -1 1 0 0 -1 1 -1 0 -1 -1 0 0 1 1 -1 0 0 0 0 0 0 0 -1 -1 0 -1 1 -1 0 -1 -1 0 0 0 1 0 -1 0 0 -1 -1 0 -1 1 -1 -1 -1 0 0 -1 0 -1 -1 0 1 -1 1 -1 1 0 1 0 0 -1 -1 0 1 1 1 1 0 0 -1 1 0 -1 0 0 1 0 0 1 -1 0 0 1 
0 -1 -1 0 0 0 0 -1 0 1 -1 0 1 -1 1 0 0 0 0 0 0 1 0 0 0 0 -1 0 1 -1 1 -1 1 0 1 0 1 0 -1 -1 0 0 1 -1 -1 1 0 0 -1 0 -1 1 1 0 0 0 -1 -1 0 0 1 -1 0 1 0 0 -1 0 1 0 0 1 -1 0 1 1 1 1 0 1 0 1 1 0 0 1 0 1 -1 0 0 0 -1 1 -1 0 1 -1 0 1 0 0 1 0 -1 0 -1 0 -1 1 1 1 1 0 0 0 -1 0 -1 1 0 0 1 -1 0 1 0 -1 -1 -1 -1 1 0 -1 -1 1 1 -1 0 0 0 0 -1 0 1 0 -1 1 -1 0 -1 0 -1 -1 -1 1 0 1 0 -1 0 -1 0 1 0 0 0 0 0 0 0 0 0 -1 -1 0 -1 1 -1 0 1 -1 -1 0 1 0 0 -1 1 0 0 -1 0 0 0 1 0 0 0 1 
1 -1 -1 -1 1 1 0 0 -1 -1 1 -1 0 1 0 1 1 0 1 0 0 0 -1 0 1 1 0 1 0 0 -1 0 -1 0 1 -1 -1 0 0 0 0 0 1 0 0 0 -1 0 -1 -1 0 -1 -1 -1 1 0 -1 0 -1 0 0 -1 0 -1 0 -1 -1 0 0 0 1 1 0 0 0 0 0 1 0 -1 0 1 0 0 0 1 0 1 -1 1 1 -1 1 1 0 -1 1 -1 0 1 0 1 0 0 -1 0 0 1 0 -1 1 0 0 0 1 1 0 1 0 0 1 -1 1 0 0 -1 1 0 -1 0 0 1 0 0 0 1 0 1 1 0 1 0 -1 0 -1 -1 0 0 0 -1 0 1 -1 0 1 -1 0 0 0 -1 0 1 0 1 -1 -1 -1 0 1 0 0 0 0 0 1 1 0 1 -1 0 0 0 0 0 -1 1 0 0 0 0 0 0 0 -1 0 0 1 0 0 0 
0 0 1 -1 1 0 -1 -1 0 0 0 0 1 0 1 0 0 1 0 0 1 0 0 0 0 0 -1 1 0 -1 -1 0 1 -1 -1 -1 1 0 0 -1 -1 0 0 1 -1 0 0 -1 -1 0 -1 0 1 -1 0 0 1 1 -1 -1 -1 0 0 -1 -1 -1 0 0 1 1 0 -1 -1 -1 0 0 1 -1 -1 1 0 0 0 1 0 1 0 0 -1 0 1 1 0 1 0 0 1 0 1 0 0 1 0 -1 0 -1 1 0 1 0 0 0 -1 -1 1 0 0 1 -1 0 0 0 0 1 1 0 0 1 0 0 0 -1 1 0 -1 1 -1 0 0 0 1 0 0 -1 -1 0 -1 1 1 1 -1 0 -1 -1 0 -1 1 1 0 0 0 0 1 0 1 -1 -1 -1 -1 0 0 1 -1 0 0 1 0 0 0 -1 -1 0 0 -1 1 1 0 -1 0 0 0 0 0 -1 0 1 1 -1 1 1 
-1 1 1 1 1 -1 1 0 0 -1 -1 0 0 0 0 -1 0 1 1 0 0 1 -1 1 0 0 1 1 1 1 -1 -1 0 1 1 1 -1 0 0 0 1 0 -1 0 0 1 1 0 0 0 1 0 0 0 1 -1 1 0 -1 -1 1 0 -1 0 1 0 -1 0 0 1 1 1 0 0 -1 -1 0 0 0 0 -1 0 0 1 -1 1 -1 0 0 0 1 -1 0 -1 0 0 1 0 0 0 -1 0 0 -1 0 0 0 0 -1 -1 1 0 1 0 0 0 0 1 -1 -1 0 0 0 0 0 0 1 1 0 0 1 -1 0 0 -1 -1 -1 0 1 0 0 -1 0 -1 0 0 1 0 0 -1 -1 1 0 0 1 -1 0 0 0 0 0 -1 1 -1 1 -1 0 -1 1 -1 -1 0 1 0 -1 0 0 0 -1 0 1 0 -1 -1 1 1 0 1 -1 0 1 -1 -1 0 0 0 0 1 -1 -1 
0 0 0 1 0 0 0 0 1 -1 0 0 1 0 1 0 -1 -1 0 0 1 -1 0 0 1 0 0 0 1 0 0 -1 0 -1 0 1 0 1 0 0 0 1 0 1 1 -1 0 1 0 0 0 1 1 -1 1 1 0 0 1 0 -1 0 -1 0 0 0 -1 0 0 0 0 0 0 0 0 0 1 0 -1 0 1 0 0 0 1 1 -1 -1 0 0 0 -1 0 0 0 0 1 -1 1 1 0 0 0 0 1 -1 1 0 -1 0 1 -1 0 0 0 0 1 0 1 1 -1 1 -1 -1 0 1 0 0 1 0 0 1 0 -1 0 0 0 0 0 0 0 1 -1 1 0 -1 -1 0 0 0 -1 0 -1 1 0 1 0 0 1 -1 1 1 0 0 1 0 0 0 0 0 -1 1 -1 -1 -1 1 0 1 0 0 0 0 0 1 1 0 -1 0 1 -1 1 -1 -1 0 -1 -1 0 0 -1 0 
-1 -1 1 0 1 -1 -1 0 1 -1 1 0 1 0 0 0 1 0 0 0 -1 -1 0 0 -1 0 -1 0 0 1 0 -1 0 0 -1 0 0 0 1 0 0 0 -1 1 0 0 0 1 0 0 0 -1 1 1 0 -1 -1 1 0 0 0 1 -1 0 0 1 0 0 0 0 -1 0 0 1 0 0 0 0 -1 1 1 -1 0 -1 1 0 -1 0 1 1 -1 0 0 0 0 0 0 0 1 0 -1 -1 -1 0 0 -1 -1 0 0 0 1 1 0 0 -1 0 0 -1 -1 -1 -1 0 1 0 0 0 0 -1 -1 1 -1 0 -1 0 0 0 1 1 -1 0 -1 1 0 0 1 0 0 -1 0 0 -1 0 0 1 1 1 0 0 1 0 0 1 0 -1 1 0 -1 1 -1 0 0 0 -1 -1 -1 0 1 -1 0 -1 1 0 1 -1 0 0 1 1 -1 -1 0 0 0 0 -1 -1 0 1 -1 0 
-1 0 0 0 0 0 1 -1 0 1 -1 0 1 0 1 0 0 0 -1 1 1 1 1 -1 0 0 -1 0 0 -1 0 -1 0 0 0 1 0 -1 0 1 0 1 1 0 1 1 -1 0 1 0 -1 0 0 1 0 0 1 0 1 0 1 0 -1 0 0 1 0 0 -1 1 0 1 0 -1 1 0 1 1 0 0 0 0 0 0 0 0 0 -1 1 0 -1 1 1 1 0 0 0 0 0 -1 0 0 1 0 0 0 1 -1 0 0 -1 1 0 0 1 1 0 1 0 0 0 0 1 -1 0 0 0 0 -1 -1 0 1 -1 0 0 0 0 -1 1 0 0 1 0 0 -1 0 0 0 0 0 0 1 0 1 0 0 0 -1 -1 -1 0 0 0 0 -1 0 -1 1 0 1 -1 1 1 0 0 -1 0 -1 0 0 0 -1 -1 0 0 0 0 1 0 0 0 0 -1 -1 0 0 0 0 1 0 
1 0 -1 1 1 1 1 0 -1 0 0 0 0 0 -1 0 -1 0 0 -1 0 0 -1 0 -1 -1 1 -1 0 -1 -1 0 0 0 1 1 0 0 1 0 1 0 0 1 1 0 1 0 0 1 0 1 1 0 1 0 0 -1 0 -1 1 0 1 0 0 0 0 0 0 1 -1 -1 0 0 -1 -1 0 0 0 0 1 1 0 -1 1 -1 0 -1 1 1 0 1 0 0 -1 -1 0 -1 0 -1 -1 -1 0 0 1 1 0 0 -1 0 0 1 -1 0 0 0 -1 1 0 1 -1 -1 0 1 0 1 -1 0 -1 0 0 -1 0 0 0 -1 1 0 -1 0 0 0 1 -1 0 1 1 0 1 -1 0 1 1 1 0 0 1 1 0 1 1 0 0 0 0 1 1 0 1 0 1 0 0 0 0 0 0 -1 -1 -1 1 0 0 -1 -1 1 0 0 0 0 1 1 0 1 0 1 -1 0 0 -1 
0 -1 0 0 0 0 0 0 1 0 -1 1 0 1 1 0 -1 1 -1 -1 0 0 1 1 0 0 0 -1 0 1 0 0 0 -1 0 0 1 -1 -1 -1 1 0 0 0 1 1 -1 0 0 0 1 0 0 -1 -1 0 0 -1 1 0 1 -1 1 0 -1 -1 0 0 1 0 1 -1 0 1 0 0 0 0 -1 0 1 0 0 -1 0 0 0 0 0 0 0 0 -1 1 1 0 0 1 0 1 0 -1 -1 -1 0 0 -1 1 0 0 1 0 1 -1 0 0 0 -1 0 -1 0 -1 1 0 -1 0 1 0 1 0 1 0 0 0 0 1 -1 0 0 1 0 1 -1 -1 0 1 0 0 -1 1 1 0 0 0 1 0 0 -1 -1 0 -1 -1 -1 0 1 -1 1 0 0 1 1 -1 0 1 0 -1 0 0 0 1 -1 1 0 1 1 -1 0 0 0 0 -1 1 0 1 -1 1 0 1 1 1 
0 0 1 -1 -1 1 -1 0 0 0 1 0 0 -1 0 0 0 0 0 0 1 0 0 -1 1 0 1 -1 -1 0 0 1 0 -1 1 1 -1 1 1 0 1 0 1 -1 1 0 1 0 -1 0 -1 1 0 1 0 0 1 -1 0 -1 1 1 0 0 -1 0 1 0 0 -1 -1 -1 0 0 1 0 0 1 0 -1 1 -1 0 1 0 1 0 1 1 1 -1 0 0 -1 1 0 1 1 0 0 1 0 0 0 -1 1 0 0 -1 0 1 -1 -1 1 -1 1 0 -1 0 0 -1 0 0 0 0 0 1 1 1 0 1 -1 -1 -1 0 0 -1 0 1 1 0 0 0 1 0 0 0 -1 0 0 1 0 0 -1 -1 1 1 -1 0 1 1 0 -1 0 0 -1 -1 -1 0 1 -1 -1 0 -1 0 0 0 0 -1 0 0 1 0 -1 -1 0 1 0 -1 0 0 0 0 0 -1 -1 0 0 0 -1 
0 1 0 0 1 -1 1 0 1 1 0 -1 -1 1 1 0 0 0 1 1 0 0 1 0 1 1 -1 -1 -1 0 -1 0 0 1 0 1 1 0 1 0 0 0 -1 1 -1 0 -1 0 0 1 1 0 -1 0 0 -1 -1 -1 0 0 0 -1 -1 -1 1 -1 0 -1 -1 -1 1 0 -1 1 1 1 0 1 0 0 1 0 0 1 0 0 0 0 -1 0 1 0 0 0 0 1 0 1 0 1 -1 -1 1 -1 1 0 1 -1 0 -1 0 0 1 0 -1 1 -1 0 -1 -1 0 1 0 0 0 -1 0 -1 1 1 1 0 0 0 -1 1 0 0 0 0 0 0 1 0 -1 0 1 1 0 0 0 0 1 0 0 0 -1 -1 0 -1 0 -1 0 0 0 0 1 0 1 0 -1 0 0 0 0 1 0 1 1 0 0 0 1 -1 1 1 1 -1 1 -1 1 -1 0 -1 1 -1 1 -1 -1 1 
1 -1 -1 -1 -1 1 0 1 1 -1 -1 1 0 0 1 0 -1 -1 0 0 -1 1 -1 0 1 0 -1 1 0 0 1 0 0 0 0 1 -1 -1 0 0 -1 1 1 -1 1 -1 0 1 0 0 0 -1 0 0 -1 0 0 0 0 0 -1 -1 0 0 0 1 1 0 0 0 1 0 -1 -1 1 -1 -1 -1 0 1 0 0 1 0 1 1 -1 0 0 1 -1 0 0 1 -1 1 0 0 1 0 0 0 0 0 0 1 0 1 1 0 0 1 -1 0 -1 -1 -1 0 1 0 0 1 1 0 0 -1 0 0 1 -1 -1 -1 1 -1 1 0 -1 -1 0 -1 -1 0 0 0 0 0 1 1 1 0 0 1 0 0 -1 1 0 -1 0 1 1 0 0 1 0 1 0 0 0 0 0 -1 0 0 1 -1 0 -1 1 -1 -1 -1 0 1 1 -1 1 -1 0 0 0 -1 1 -1 0 0 0 1 -1 -1 
1 0 -1 -1 0 0 1 0 0 0 0 1 1 0 0 0 -1 1 1 0 1 0 -1 0 0 -1 0 0 -1 0 0 0 1 0 0 -1 -1 0 1 1 -1 1 0 -1 0 1 -1 1 0 1 1 -1 0 0 1 -1 1 -1 -1 -1 0 0 -1 0 1 0 -1 0 0 0 0 0 0 0 -1 0 1 -1 1 1 0 -1 -1 0 1 1 0 -1 0 1 0 0 0 1 1 -1 0 -1 0 -1 0 1 0 0 -1 -1 -1 -1 0 1 1 -1 0 0 0 1 1 0 0 0 -1 0 1 1 1 -1 1 0 0 1 0 0 0 0 0 0 -1 1 0 0 0 0 0 0 -1 -1 -1 0 0 -1 -1 -1 0 0 1 0 1 0 -1 -1 0 0 0 0 0 0 0 1 -1 0 -1 0 -1 -1 0 0 1 1 0 1 1 0 1 -1 -1 -1 0 0 0 -1 0 -1 -1 1 0 -1 0 -1 -1 1 
0 0 1 1 1 0 0 0 0 0 0 0 -1 -1 0 -1 1 0 0 1 1 1 0 -1 -1 -1 0 0 1 0 1 1 1 0 1 1 0 0 -1 -1 0 -1 -1 1 0 -1 0 -1 0 1 -1 0 -1 0 0 -1 -1 0 0 -1 0 0 -1 1 0 1 -1 0 0 0 0 0 -1 0 -1 0 0 1 1 0 0 0 0 1 0 -1 0 -1 -1 0 1 1 0 0 0 0 0 0 0 0 1 -1 0 1 0 1 -1 -1 0 0 -1 1 0 0 0 0 -1 0 -1 1 1 -1 -1 -1 -1 -1 0 0 0 -1 0 0 1 -1 0 0 0 0 0 0 1 -1 0 -1 1 1 -1 0 1 0 0 1 1 -1 0 0 0 -1 -1 1 0 0 0 1 0 1 1 0 1 0 -1 0 0 0 0 -1 -1 0 -1 0 -1 1 0 1 0 0 0 -1 0 -1 0 1 -1 0 0 -1 0 0 -1 0 
-1 1 1 0 1 0 1 0 1 -1 -1 0 1 0 -1 1 -1 0 0 -1 0 -1 1 0 -1 0 0 0 0 1 0 0 0 1 0 0 -1 -1 0 -1 0 0 0 -1 0 0 0 -1 0 0 1 -1 0 1 1 -1 1 0 1 1 0 -1 0 1 1 0 0 0 0 1 -1 0 1 1 -1 -1 -1 0 -1 0 -1 0 -1 0 0 0 1 0 0 0 -1 0 -1 -1 -1 -1 0 0 -1 0 0 0 1 0 1 0 0 0 0 -1 1 -1 1 0 -1 -1 0 0 0 1 -1 0 -1 -1 1 -1 0 -1 1 -1 1 0 0 0 1 0 0 0 -1 0 0 1 0 0 1 0 1 1 -1 0 1 -1 0 -1 1 0 1 0 -1 -1 0 0 1 -1 1 1 1 0 1 -1 1 0 1 -1 -1 0 0 0 1 0 1 0 -1 1 -1 0 0 -1 1 -1 -1 0 0 1 0 0 0 1 1 1 
0 0 0 -1 0 1 -1 0 0 1 0 0 -1 0 0 0 -1 0 1 1 -1 -1 -1 0 -1 0 1 1 1 -1 1 1 0 -1 1 1 0 -1 0 1 0 0 0 0 0 1 -1 1 -1 1 0 0 1 1 0 0 0 1 1 0 -1 1 0 1 1 -1 0 -1 0 0 1 1 0 0 0 0 -1 0 1 0 -1 1 1 1 1 -1 0 0 0 1 -1 1 1 1 0 0 0 0 -1 -1 0 0 0 -1 1 -1 -1 0 -1 0 -1 0 0 0 1 1 1 0 0 1 1 -1 1 0 0 -1 0 0 1 0 0 0 1 0 0 0 -1 0 0 0 0 1 0 -1 -1 0 0 -1 0 0 1 -1 1 0 0 0 0 0 1 0 0 1 1 1 0 1 0 0 -1 1 1 -1 -1 -1 0 0 0 -1 -1 0 0 -1 0 1 0 -1 1 -1 0 -1 1 0 0 1 0 1 1 -1 0 -1 
-1 -1 0 1 0 -1 0 0 1 -1 0 -1 -1 0 0 0 -1 0 0 1 -1 -1 -1 1 1 1 0 1 1 -1 0 0 -1 0 0 -1 -1 1 1 -1 0 1 -1 1 1 0 -1 -1 -1 1 0 -1 0 1 0 1 0 1 1 -1 0 1 1 0 1 0 -1 1 1 0 1 0 0 0 0 0 0 -1 0 1 -1 0 1 -1 1 -1 1 -1 0 1 1 0 0 -1 1 1 -1 0 0 -1 0 0 -1 -1 1 0 0 0 0 -1 0 -1 1 1 0 -1 1 0 0 1 1 0 1 1 1 0 1 0 -1 0 0 -1 0 0 0 -1 1 1 0 -1 0 0 0 0 0 0 -1 0 0 -1 0 -1 -1 0 1 0 1 0 1 -1 0 1 -1 1 1 0 -1 -1 -1 0 -1 0 0 0 0 -1 0 1 0 0 -1 0 0 -1 0 -1 -1 0 0 1 1 -1 0 0 0 0 0 -1 -1 0 
0 -1 1 0 -1 0 1 1 0 -1 -1 -1 1 0 -1 -1 1 0 -1 0 1 1 0 0 0 0 0 0 0 0 -1 1 -1 1 0 -1 -1 1 0 1 1 -1 1 -1 0 -1 -1 0 -1 0 -1 1 1 1 1 1 1 1 0 0 -1 1 0 -1 0 0 0 -1 0 1 0 -1 -1 0 0 0 0 1 0 0 0 0 0 -1 0 0 0 1 0 1 -1 0 0 0 1 1 0 0 1 0 0 0 0 1 0 1 1 -1 -1 0 0 -1 0 -1 0 1 -1 0 1 0 0 1 1 -1 0 0 -1 1 0 -1 1 1 0 0 -1 1 0 1 1 0 0 0 0 1 -1 0 -1 0 1 1 0 -1 -1 0 -1 1 -1 0 1 0 0 0 -1 1 1 1 1 0 0 1 0 1 0 0 1 -1 -1 0 -1 1 1 0 0 -1 -1 0 0 1 -1 0 1 0 1 0 -1 -1 0 1 0 -1 
0 -1 0 -1 1 0 0 -1 -1 0 0 0 0 0 1 1 1 0 0 0 0 -1 1 1 0 0 0 0 1 0 1 0 0 1 0 1 1 0 1 1 0 1 -1 -1 -1 0 0 0 -1 0 0 0 0 -1 0 0 0 1 1 -1 0 0 0 0 -1 0 1 -1 -1 1 0 -1 0 0 0 -1 0 0 1 -1 -1 -1 -1 1 1 1 1 0 1 1 -1 1 1 0 -1 -1 -1 0 0 1 0 -1 1 -1 0 0 -1 0 0 0 -1 0 0 0 1 0 1 1 0 0 0 0 0 0 0 0 0 0 -1 -1 1 0 0 0 -1 1 0 0 0 0 0 0 0 0 1 0 -1 0 1 1 1 0 0 0 0 1 1 -1 1 1 0 1 0 0 -1 -1 1 0 1 0 -1 0 0 0 0 1 -1 1 0 -1 1 1 1 1 0 0 1 0 -1 0 0 1 1 -1 0 0 0 0 -1 0 
-1 0 0 1 0 -1 1 -1 0 0 0 0 -1 0 0 1 0 1 -1 0 -1 1 -1 0 0 0 -1 1 1 1 1 0 1 0 -1 1 0 1 1 -1 0 -1 1 0 0 0 0 1 1 0 0 1 -1 1 1 0 0 -1 0 1 -1 1 1 1 0 -1 0 1 -1 0 1 1 -1 0 1 1 0 1 0 0 0 0 0 0 0 1 1 0 1 0 -1 0 -1 -1 0 1 1 -1 0 0 0 -1 0 1 0 0 0 0 1 0 1 0 -1 -1 -1 -1 1 0 -1 1 -1 -1 1 0 0 0 0 1 0 1 0 0 0 1 0 0 1 -1 0 0 0 0 0 1 1 -1 1 0 -1 0 1 0 -1 -1 0 -1 1 0 1 0 1 0 0 0 -1 0 1 0 0 -1 -1 -1 1 0 0 0 -1 0 0 -1 1 0 0 -1 -1 0 0 1 -1 0 -1 1 1 0 1 1 0 0 0 0 
0 -1 1 0 0 1 -1 0 1 0 -1 1 0 0 0 0 1 0 0 -1 -1 -1 -1 0 -1 -1 0 0 1 -1 0 -1 -1 1 -1 0 -1 -1 0 1 0 0 1 1 0 0 -1 -1 0 1 -1 -1 -1 0 0 0 0 0 1 1 -1 0 1 1 0 0 0 -1 0 1 -1 0 -1 0 0 1 1 -1 0 -1 1 0 -1 0 1 0 1 0 0 1 0 -1 0 0 0 0 0 1 0 0 1 0 0 0 0 -1 0 1 0 -1 1 -1 0 0 0 0 1 -1 1 -1 0 1 -1 0 1 1 0 0 1 0 0 0 0 0 -1 0 -1 0 1 0 0 0 -1 0 1 0 0 -1 0 -1 1 1 0 -1 1 0 0 -1 1 0 -1 1 0 0 -1 -1 -1 1 0 1 1 1 0 0 0 0 1 0 1 1 0 -1 1 1 1 0 1 0 1 -1 0 0 0 0 -1 0 1 1 0 -1 
1 -1 0 1 -1 -1 0 0 -1 1 0 0 -1 0 1 0 0 0 -1 1 -1 1 0 0 0 0 1 0 1 0 0 1 -1 1 1 0 -1 -1 1 0 0 0 -1 0 -1 0 0 1 1 1 -1 1 0 -1 -1 0 -1 0 0 0 1 0 0 0 0 0 0 -1 0 0 0 0 -1 1 0 0 1 0 1 -1 0 -1 -1 0 1 0 0 0 0 0 0 -1 1 0 0 1 0 0 1 1 0 0 0 1 -1 -1 1 1 0 0 -1 1 0 1 0 0 1 -1 0 0 -1 -1 -1 1 0 -1 0 -1 0 0 1 0 0 -1 0 0 1 1 -1 0 0 -1 0 0 -1 1 0 1 -1 0 1 0 -1 0 -1 0 -1 0 1 -1 0 1 1 0 -1 0 1 -1 0 0 0 0 0 0 -1 -1 -1 1 0 0 1 0 1 0 0 1 0 -1 0 -1 1 1 0 0 0 0 0 -1 1 -1 
0 1 1 0 -1 -1 1 0 0 1 1 -1 -1 0 1 1 -1 0 0 -1 1 0 0 -1 0 1 0 1 0 0 0 0 1 0 -1 1 0 0 0 0 0 0 -1 0 1 -1 1 0 -1 -1 -1 0 0 1 0 0 0 1 0 0 1 1 1 -1 0 1 0 0 0 0 -1 -1 -1 0 0 0 0 1 1 -1 0 0 -1 0 -1 1 -1 0 0 -1 0 0 1 -1 0 1 0 0 0 -1 0 0 0 0 1 -1 0 0 -1 -1 0 1 0 0 0 0 1 0 -1 0 1 0 1 0 0 1 0 1 1 0 0 0 0 1 0 -1 1 -1 1 1 0 -1 0 -1 0 0 1 -1 -1 -1 0 0 0 -1 0 1 1 -1 1 -1 1 0 0 0 1 -1 1 -1 0 1 1 1 -1 0 -1 1 -1 -1 0 1 0 1 1 0 0 0 0 0 0 0 1 -1 -1 0 -1 -1 -1 0 0 -1 
1 0 0 0 1 0 0 -1 0 -1 -1 1 0 -1 0 0 -1 0 0 0 1 1 0 -1 1 0 -1 0 0 -1 -1 0 0 0 -1 -1 -1 0 1 0 -1 0 0 1 0 0 0 0 0 0 0 1 -1 -1 0 1 0 0 1 -1 1 -1 -1 0 0 0 0 0 -1 1 1 0 1 0 0 -1 1 -1 -1 -1 0 0 1 0 1 1 0 -1 0 0 1 -1 0 -1 1 -1 0 -1 0 1 0 0 0 -1 0 -1 0 1 -1 0 0 0 -1 -1 1 1 -1 1 0 0 0 0 0 1 -1 1 1 0 1 0 0 1 1 0 1 1 0 1 -1 -1 0 0 0 0 0 0 -1 -1 0 0 -1 0 -1 0 0 0 0 0 0 -1 0 0 1 1 1 1 -1 1 0 0 0 0 1 0 0 -1 0 -1 -1 0 -1 -1 1 0 0 1 1 1 0 0 1 0 1 1 -1 0 0 0 0 0 
1 0 0 -1 -1 0 -1 0 0 0 0 0 0 -1 0 -1 1 1 0 0 0 0 1 0 0 1 0 0 1 1 0 1 1 1 1 0 0 0 0 0 0 -1 0 0 0 0 1 0 1 -1 1 1 0 -1 1 1 -1 0 0 0 0 1 0 -1 0 -1 -1 0 0 -1 1 0 0 0 -1 -1 0 0 0 0 1 1 0 -1 0 0 -1 -1 -1 1 -1 1 0 0 1 1 1 -1 1 -1 1 0 1 0 -1 -1 -1 0 0 1 0 0 1 1 -1 -1 0 0 1 0 -1 -1 0 0 0 0 -1 0 -1 1 0 -1 1 0 0 1 -1 0 1 0 1 -1 0 1 -1 1 1 1 0 1 0 0 0 0 1 0 -1 -1 0 -1 -1 -1 -1 1 0 0 1 1 -1 0 0 0 0 0 -1 -1 0 0 0 -1 0 1 1 0 -1 0 -1 0 0 0 0 -1 -1 0 0 1 0 0 -1 0 
0 1 0 -1 0 -1 0 0 1 0 0 1 1 0 0 0 0 1 0 0 0 0 0 0 1 1 -1 1 -1 -1 1 -1 0 -1 1 -1 0 0 1 -1 1 0 1 1 0 0 -1 0 1 0 0 0 1 0 0 -1 1 -1 -1 1 -1 1 0 1 -1 1 0 1 0 0 1 0 1 -1 -1 1 -1 0 1 0 0 0 0 0 0 0 0 1 0 0 0 1 1 1 0 0 1 -1 0 1 1 1 -1 0 1 0 1 0 -1 -1 0 -1 0 1 1 -1 -1 -1 0 -1 0 0 0 0 0 0 0 -1 -1 0 0 0 1 1 1 1 0 -1 -1 0 0 0 0 0 -1 -1 0 0 -1 -1 0 -1 0 0 1 0 0 -1 1 0 0 0 -1 1 0 -1 0 0 0 0 0 -1 0 0 1 1 1 1 1 0 1 0 0 0 0 -1 1 -1 -1 0 1 -1 -1 1 1 -1 0 0 1 0 
0 1 0 0 1 -1 1 1 0 -1 1 -1 0 -1 0 0 0 0 0 0 -1 -1 0 0 1 -1 0 -1 1 0 -1 -1 0 0 1 0 0 -1 0 0 0 0 0 0 0 -1 0 0 1 1 0 0 -1 0 -1 -1 0 -1 1 1 1 1 0 0 1 0 0 1 0 -1 0 -1 1 1 0 0 0 0 0 -1 -1 0 0 0 1 0 0 0 0 0 0 0 0 0 -1 1 0 -1 -1 1 0 -1 0 -1 0 1 -1 0 1 0 0 1 -1 0 1 0 -1 0 -1 0 0 1 0 0 1 0 -1 1 -1 0 0 -1 0 0 0 -1 0 1 0 1 0 1 0 0 1 -1 0 -1 0 -1 1 1 0 0 -1 -1 -1 0 1 1 0 0 -1 1 0 -1 1 1 -1 0 -1 1 0 1 0 0 0 1 1 -1 -1 0 0 0 -1 1 0 1 0 0 1 0 -1 1 0 -1 0 0 -1 0 
0 -1 0 1 0 1 -1 0 0 1 1 -1 0 0 1 0 0 1 0 0 0 -1 0 1 1 -1 0 -1 0 1 1 -1 -1 0 0 1 0 0 0 0 1 0 0 -1 1 0 0 0 0 0 1 0 0 0 -1 0 1 0 1 -1 0 0 0 0 1 0 1 0 0 0 0 -1 1 0 0 -1 0 1 0 0 1 -1 1 1 0 0 0 -1 0 0 0 1 0 1 -1 0 -1 1 1 -1 -1 1 1 -1 1 0 0 0 1 1 0 0 1 0 -1 -1 0 0 0 -1 0 0 -1 -1 0 0 -1 1 1 -1 1 -1 0 -1 0 -1 -1 0 0 0 1 -1 -1 -1 0 0 0 -1 0 -1 0 0 0 1 0 -1 0 0 -1 0 -1 1 0 -1 0 1 0 1 0 1 -1 1 0 0 0 -1 1 -1 0 -1 -1 0 0 -1 -1 0 0 -1 -1 -1 0 -1 0 0 -1 0 -1 0 -1 1 
0 -1 1 1 -1 1 -1 1 0 0 1 0 0 1 1 -1 -1 0 0 0 -1 1 0 0 1 -1 0 -1 -1 0 -1 -1 0 0 0 0 0 0 -1 1 1 0 0 0 0 0 0 -1 0 1 0 0 -1 0 0 1 0 -1 0 1 -1 0 1 0 1 -1 0 0 0 0 0 0 1 0 -1 0 0 -1 0 0 -1 1 0 -1 0 -1 0 1 0 0 1 -1 -1 0 0 0 1 1 0 -1 0 0 0 1 0 -1 0 0 -1 0 0 0 -1 0 0 -1 1 -1 1 0 1 0 0 0 0 0 -1 1 0 1 -1 1 -1 1 0 -1 0 0 1 1 0 1 1 0 1 1 0 -1 0 0 -1 0 0 -1 0 1 0 -1 0 0 0 -1 0 0 -1 1 0 0 -1 0 -1 -1 0 -1 1 0 0 -1 0 0 -1 -1 -1 1 1 0 -1 0 -1 -1 0 0 0 0 0 0 -1 0 0 1 
1 1 0 -1 0 1 -1 -1 0 0 1 -1 1 1 1 1 0 1 0 0 0 1 0 0 0 0 0 0 -1 -1 0 -1 0 1 0 -1 1 -1 1 0 -1 -1 0 0 0 0 0 0 -1 0 -1 1 0 0 -1 0 0 0 -1 1 0 -1 -1 -1 0 0 0 -1 1 0 1 0 0 1 0 1 1 1 0 0 -1 1 0 1 -1 1 0 1 -1 0 1 1 -1 0 1 0 -1 1 -1 1 1 1 0 -1 0 0 1 0 0 1 -1 1 -1 0 0 0 0 0 0 1 -1 -1 1 1 0 -1 1 0 1 -1 1 0 -1 -1 1 1 0 0 0 1 0 0 0 1 0 -1 -1 0 1 0 1 1 -1 0 1 1 -1 0 0 0 0 1 -1 0 0 1 0 -1 0 1 0 0 0 -1 0 1 0 0 1 1 0 -1 0 0 0 0 1 1 0 0 0 0 1 0 -1 0 0 0 1 0 
0 -1 0 -1 1 0 1 -1 1 0 -1 0 -1 0 0 -1 0 0 -1 1 0 -1 -1 -1 0 -1 -1 1 -1 -1 -1 0 1 0 -1 1 1 1 -1 0 -1 0 0 0 -1 -1 0 0 -1 0 0 0 0 1 0 0 0 1 1 -1 0 0 0 1 0 0 0 0 0 -1 1 1 -1 1 -1 -1 0 1 0 0 0 -1 -1 0 0 1 0 0 -1 1 0 0 1 0 1 -1 1 0 1 1 0 -1 1 1 0 1 0 -1 0 0 0 -1 0 -1 0 0 0 0 1 0 -1 -1 0 -1 0 0 0 0 1 0 -1 1 -1 1 0 1 1 -1 -1 0 1 1 -1 0 1 1 -1 0 1 0 1 -1 1 0 -1 0 1 -1 -1 0 1 1 0 0 -1 1 1 -1 0 1 0 0 0 0 0 1 -1 1 0 -1 0 -1 1 1 -1 0 0 0 1 0 -1 0 1 -1 0 0 0 0 1 1 
1 -1 0 0 1 0 -1 0 -1 0 0 0 0 0 0 0 1 0 -1 0 -1 0 0 -1 0 0 0 1 0 0 -1 0 1 -1 0 -1 0 0 0 0 -1 -1 0 0 0 0 0 0 0 -1 -1 1 0 -1 0 0 0 0 0 1 -1 0 1 1 -1 0 0 0 0 1 0 0 -1 0 -1 1 0 1 0 1 1 1 0 0 0 1 0 0 0 0 0 0 0 0 0 0 0 0 0 -1 -1 0 -1 0 0 -1 0 1 -1 -1 0 0 1 -1 0 -1 -1 0 0 -1 1 1 0 0 0 1 0 1 0 0 0 1 -1 0 1 0 0 0 0 1 0 0 -1 0 -1 1 0 1 -1 0 -1 0 0 1 0 0 0 0 0 -1 -1 0 -1 1 1 -1 0 -1 0 0 0 1 -1 -1 1 1 1 0 1 1 0 0 -1 0 1 -1 1 0 0 1 0 0 0 0 -1 1 0 0 0 -1 
0 1 -1 0 1 1 0 0 0 0 0 1 0 -1 -1 1 0 0 1 0 1 1 0 0 -1 0 0 1 1 0 0 1 0 0 1 0 0 1 0 -1 -1 1 -1 1 0 1 0 1 1 -1 1 -1 0 0 0 -1 1 0 0 1 -1 -1 0 1 0 1 -1 1 0 1 1 -1 0 1 1 -1 -1 0 0 0 0 0 1 0 0 -1 0 0 0 0 1 0 -1 0 0 1 -1 -1 -1 -1 1 -1 1 -1 0 0 0 0 0 0 0 0 0 -1 1 0 0 0 1 -1 -1 0 -1 1 1 0 0 0 1 -1 1 0 -1 0 -1 0 1 0 0 0 1 1 1 1 -1 -1 0 0 0 -1 0 1 -1 -1 0 0 0 1 0 0 -1 0 -1 -1 0 0 1 0 1 0 1 0 0 0 1 0 0 0 -1 1 0 0 -1 1 0 0 -1 0 0 0 0 0 1 -1 0 1 -1 0 -1 -1 
1 1 0 -1 0 0 0 0 -1 0 0 0 0 -1 0 0 0 1 0 0 1 -1 -1 -1 0 0 1 1 1 -1 1 0 0 0 -1 0 0 1 1 0 -1 0 0 0 0 0 1 0 0 -1 0 0 1 1 1 1 1 0 -1 -1 1 1 -1 1 0 0 1 0 0 1 -1 0 1 1 1 0 -1 -1 -1 0 -1 0 1 0 0 -1 -1 1 0 -1 1 0 -1 0 1 0 0 0 1 1 0 1 0 -1 0 0 0 -1 0 -1 0 0 0 0 1 0 -1 1 0 0 0 1 0 0 0 1 -1 0 0 -1 0 1 -1 -1 1 -1 -1 0 -1 1 1 0 0 -1 1 0 -1 -1 0 0 0 -1 1 1 0 0 -1 -1 -1 1 -1 1 1 1 -1 1 1 -1 0 0 0 -1 1 0 0 0 0 0 0 -1 0 1 1 1 0 0 0 0 0 0 1 0 -1 0 1 0 0 0 -1 0 
1 1 1 -1 1 0 0 -1 0 0 1 0 -1 -1 0 1 0 1 -1 -1 0 0 -1 0 0 0 0 0 -1 0 0 1 -1 0 -1 1 0 0 1 -1 0 0 -1 -1 0 1 -1 0 -1 0 0 0 0 0 0 1 1 0 0 1 -1 0 0 0 1 -1 -1 -1 0 -1 0 1 0 -1 0 0 0 1 1 -1 1 0 0 0 0 -1 1 1 -1 -1 0 0 0 1 -1 0 0 0 -1 0 0 0 -1 0 0 0 1 -1 -1 -1 1 -1 1 1 -1 0 -1 0 0 1 0 0 1 -1 -1 0 -1 -1 -1 -1 1 0 0 0 -1 0 1 1 1 0 1 0 1 -1 0 -1 1 0 1 -1 0 0 0 0 0 0 0 0 -1 -1 0 1 0 0 1 -1 0 0 0 1 0 0 1 -1 0 -1 0 1 1 0 0 0 0 0 -1 1 1 0 -1 -1 -1 1 0 0 0 1 0 0 0 0 
0 -1 -1 -1 -1 0 0 0 0 -1 0 -1 0 0 -1 -1 1 -1 0 -1 0 0 -1 0 0 0 0 -1 0 0 0 0 0 0 0 0 0 0 0 1 0 -1 0 1 -1 0 0 0 1 1 0 -1 1 0 0 0 0 -1 1 0 -1 0 0 -1 0 0 -1 -1 0 0 -1 1 -1 0 -1 0 -1 0 -1 0 0 1 1 0 0 -1 -1 0 1 0 0 1 1 0 -1 0 0 -1 0 -1 0 0 0 1 0 -1 -1 0 -1 0 -1 0 0 0 0 0 1 0 1 1 0 1 0 1 1 1 -1 0 0 -1 0 -1 0 -1 0 0 -1 0 -1 1 -1 1 0 1 1 0 1 0 -1 1 1 0 0 -1 -1 1 0 0 1 -1 0 -1 -1 -1 -1 -1 0 0 1 1 0 0 -1 0 0 0 0 1 -1 -1 1 0 0 0 0 0 -1 0 0 0 -1 1 0 1 -1 0 -1 0 0 0 
1 -1 0 0 -1 -1 0 1 -1 1 -1 -1 0 0 0 -1 0 0 -1 0 0 0 0 0 1 0 0 1 1 0 -1 1 1 0 0 -1 0 -1 0 -1 -1 1 1 0 0 1 1 0 1 1 1 0 -1 0 0 -1 0 0 0 0 -1 1 1 0 0 0 1 -1 0 0 0 0 0 -1 1 0 1 0 -1 -1 0 1 1 1 -1 0 0 0 -1 0 0 0 0 0 -1 0 0 -1 0 0 1 1 -1 -1 0 1 -1 0 0 0 1 -1 0 0 0 1 0 0 -1 0 0 1 1 -1 0 -1 0 0 1 -1 0 0 0 0 1 1 1 0 0 0 0 1 0 0 0 -1 -1 0 1 -1 -1 0 -1 -1 0 -1 0 0 0 -1 0 1 0 1 -1 1 0 0 1 -1 1 1 -1 1 -1 -1 -1 0 1 0 0 1 1 0 0 1 -1 0 0 0 0 0 0 0 0 -1 0 1 1 0 
-1 -1 0 -1 -1 0 0 0 -1 0 1 0 1 1 1 0 0 1 -1 0 -1 0 -1 0 1 0 0 0 0 0 0 0 0 1 0 0 0 0 0 -1 1 0 -1 -1 1 -1 0 -1 0 -1 0 1 0 0 0 1 0 1 -1 0 0 -1 0 0 -1 -1 1 0 1 -1 1 -1 0 0 1 0 0 -1 1 0 0 1 0 -1 -1 -1 0 1 0 -1 0 1 0 0 0 0 0 1 1 0 0 0 0 0 1 0 -1 0 1 0 1 0 0 1 -1 0 0 0 -1 0 1 0 1 -1 -1 0 1 0 -1 0 -1 1 0 0 -1 -1 0 0 0 0 0 0 0 0 -1 1 -1 0 0 0 1 -1 -1 0 0 0 0 1 1 1 -1 0 -1 -1 0 1 -1 -1 1 0 0 -1 0 -1 -1 1 -1 0 0 -1 1 0 0 0 1 1 0 0 1 0 1 0 0 -1 0 -1 0 0 1 0 
1 -1 1 0 0 -1 1 0 0 -1 0 1 0 1 0 0 0 0 1 -1 -1 0 1 0 0 1 -1 -1 0 0 -1 0 0 1 0 1 0 -1 0 0 0 -1 0 -1 1 -1 -1 1 -1 -1 -1 -1 0 1 -1 1 1 0 0 -1 0 1 0 1 0 1 0 -1 1 -1 0 -1 -1 -1 1 0 0 0 0 0 -1 0 0 1 1 1 -1 1 1 0 1 0 1 -1 -1 0 0 0 0 0 -1 0 0 0 0 -1 0 -1 -1 -1 0 1 -1 0 1 1 0 -1 -1 1 1 0 1 0 -1 0 -1 0 1 0 0 1 -1 -1 1 0 1 0 -1 0 0 1 0 1 1 0 -1 1 0 0 0 -1 -1 0 1 1 0 1 0 0 0 1 0 0 -1 -1 1 1 0 0 0 1 1 0 -1 0 0 1 0 0 -1 0 1 0 -1 0 -1 1 -1 1 -1 0 -1 -1 0 1 1 0 0 0 
-1 -1 1 0 0 -1 -1 1 0 -1 1 0 0 0 -1 -1 0 -1 -1 0 -1 0 -1 0 0 -1 0 -1 0 1 -1 0 1 1 1 0 0 0 -1 1 -1 -1 0 1 1 0 -1 1 1 1 0 -1 0 0 1 0 1 -1 1 1 0 0 -1 0 0 0 -1 0 -1 1 0 0 -1 0 0 1 0 -1 -1 1 -1 -1 0 -1 1 1 0 0 0 0 0 0 0 0 1 1 0 0 -1 0 0 0 0 -1 0 0 1 1 0 0 0 0 0 0 0 0 0 0 0 -1 -1 1 1 0 1 0 0 0 0 -1 1 1 1 -1 -1 0 1 1 1 0 -1 1 0 0 0 0 -1 -1 -1 0 -1 0 1 0 1 0 -1 0 0 1 -1 1 -1 0 1 1 0 0 1 -1 -1 1 0 -1 -1 0 1 0 0 1 -1 -1 0 0 -1 -1 0 0 0 0 0 -1 1 1 1 -1 0 0 -1 0 
0 0 -1 0 0 0 0 0 0 0 1 0 1 0 1 0 0 0 0 1 -1 1 0 0 -1 1 -1 1 0 0 0 -1 -1 -1 1 -1 0 1 -1 -1 1 0 1 0 0 0 0 -1 -1 -1 -1 0 1 0 1 1 -1 1 -1 0 0 0 -1 0 -1 0 0 0 1 1 0 0 -1 0 -1 0 -1 -1 0 -1 0 0 0 1 0 0 1 -1 0 1 0 -1 1 -1 1 0 0 -1 0 1 1 0 -1 0 -1 -1 0 0 1 0 1 1 1 -1 0 0 1 -1 1 0 0 0 1 1 0 1 0 0 1 1 1 1 0 0 0 0 -1 1 0 0 1 1 0 -1 1 1 -1 -1 -1 -1 0 -1 0 -1 0 -1 -1 0 0 1 -1 1 0 1 0 0 0 0 0 -1 -1 0 1 -1 0 0 -1 1 -1 0 0 0 0 -1 0 0 1 0 0 0 1 0 0 1 0 1 -1 0 0 0 
0 0 -1 0 1 0 0 0 0 1 0 0 0 1 -1 0 0 1 0 -1 1 0 1 -1 0 0 0 0 -1 0 0 -1 0 -1 0 0 -1 0 1 0 -1 0 -1 1 -1 0 0 1 0 1 0 0 0 0 0 0 -1 0 1 1 0 0 0 -1 0 0 0 0 -1 1 1 -1 -1 -1 0 1 1 0 -1 1 -1 1 0 0 0 1 1 0 -1 0 -1 0 -1 0 1 0 -1 1 -1 0 0 1 0 0 1 -1 -1 -1 0 -1 0 1 0 0 0 1 -1 1 0 -1 0 1 0 0 1 -1 -1 1 1 0 0 1 1 1 1 -1 0 -1 1 0 0 1 0 0 0 0 -1 1 0 0 -1 0 0 0 0 1 1 -1 1 1 1 0 1 0 0 0 0 0 0 0 1 1 0 -1 0 0 0 0 -1 0 0 0 0 0 1 0 1 0 -1 0 1 0 -1 -1 1 0 0 0 0 -1 
0 -1 1 0 0 -1 -1 -1 0 -1 1 0 1 0 -1 1 -1 0 0 0 1 -1 1 0 0 1 -1 1 1 0 -1 0 -1 -1 0 0 0 0 0 0 -1 1 1 0 -1 -1 -1 0 -1 0 0 0 1 -1 0 0 0 0 -1 0 1 0 0 1 -1 0 0 1 0 0 -1 -1 0 1 1 0 1 1 -1 1 1 -1 -1 0 0 0 0 -1 0 -1 -1 -1 0 0 -1 0 0 -1 1 1 -1 0 0 1 0 -1 0 0 0 0 1 0 0 0 1 1 1 1 0 0 -1 1 0 1 -1 0 1 0 0 0 0 1 1 1 0 -1 0 1 0 -1 1 1 0 -1 -1 -1 -1 1 1 1 -1 -1 0 -1 0 1 0 1 -1 1 1 0 1 1 -1 0 0 0 1 -1 -1 -1 -1 0 -1 -1 -1 0 0 0 -1 0 0 1 0 1 0 1 -1 1 0 1 1 0 0 -1 0 -1 -1 0 
-1 -1 1 0 1 -1 -1 0 1 1 -1 -1 1 0 0 0 0 0 0 0 0 -1 0 -1 0 -1 1 -1 1 -1 -1 0 -1 0 0 0 0 1 -1 0 0 1 1 -1 -1 -1 1 0 1 -1 -1 -1 0 -1 1 1 1 1 0 0 0 0 0 1 -1 0 0 0 0 0 0 1 0 0 0 0 0 0 0 -1 0 0 0 -1 1 0 1 -1 1 -1 0 0 1 -1 1 0 1 1 0 1 1 1 0 -1 1 -1 1 -1 -1 1 1 0 0 0 1 1 1 1 -1 0 -1 1 0 0 -1 -1 -1 0 0 -1 1 0 0 0 0 1 1 1 1 1 0 0 0 1 0 1 0 1 0 1 -1 0 -1 -1 0 0 -1 -1 -1 0 1 -1 -1 1 0 1 -1 0 -1 -1 -1 1 -1 1 0 -1 -1 -1 0 1 -1 0 1 -1 1 1 0 0 -1 0 0 0 0 0 0 0 1 1 0 0 
0 0 -1 -1 1 0 0 0 1 0 -1 0 -1 0 0 0 1 0 1 1 1 0 0 0 0 0 0 0 1 1 1 1 0 0 -1 0 0 1 0 1 -1 -1 1 -1 0 1 1 -1 0 -1 1 1 -1 0 0 -1 0 0 0 0 0 1 0 -1 0 0 0 0 0 0 1 0 0 0 0 -1 0 1 -1 0 -1 1 0 1 -1 -1 0 0 0 0 1 1 0 0 1 0 1 0 1 0 -1 0 0 -1 0 0 0 1 -1 0 -1 -1 0 -1 0 0 0 1 0 -1 -1 0 0 1 0 0 0 0 0 0 -1 0 0 0 -1 0 -1 -1 0 0 0 0 -1 0 1 0 0 -1 0 0 -1 1 0 1 -1 -1 1 0 1 0 0 -1 0 0 0 0 -1 0 1 1 0 0 -1 0 0 0 1 -1 1 1 0 -1 0 0 0 1 1 0 1 0 -1 0 1 -1 1 -1 0 -1 0 0 
0 0 1 0 -1 0 0 -1 -1 -1 0 0 0 1 1 0 0 0 0 -1 1 -1 1 0 0 0 -1 -1 1 -1 1 0 -1 -1 0 0 1 0 1 0 0 -1 0 -1 -1 1 1 0 -1 0 0 0 1 1 0 1 -1 0 0 0 1 -1 0 -1 -1 0 0 0 1 -1 0 0 0 -1 1 0 0 0 1 -1 0 0 0 1 -1 0 0 0 0 1 0 0 -1 -1 0 0 0 0 1 0 -1 0 -1 1 0 1 -1 1 0 -1 0 1 1 1 -1 0 0 0 0 0 0 1 -1 0 0 0 0 -1 1 -1 -1 1 0 0 0 -1 -1 -1 0 1 -1 -1 0 0 1 1 -1 0 -1 -1 -1 1 -1 -1 0 -1 0 0 0 0 -1 -1 -1 0 0 0 -1 0 1 0 0 0 0 0 0 0 1 1 -1 0 0 -1 0 1 0 0 -1 0 0 1 1 0 0 0 0 -1 1 1 -1 0 
-1 -1 0 0 -1 0 0 1 0 1 1 0 0 0 -1 1 0 0 1 0 0 0 0 0 -1 0 0 0 0 -1 0 1 -1 0 0 -1 -1 0 0 -1 0 1 0 1 -1 -1 0 0 0 0 -1 0 1 0 0 0 0 0 0 1 1 0 0 -1 0 1 0 -1 -1 1 1 0 -1 -1 1 -1 -1 1 0 0 0 0 0 0 0 1 0 1 -1 0 0 0 0 0 -1 -1 -1 0 0 0 0 0 1 0 0 1 -1 -1 1 -1 1 0 0 0 1 -1 1 0 -1 0 -1 1 0 0 0 -1 0 -1 0 -1 1 -1 -1 0 0 1 0 0 1 0 1 -1 1 0 0 0 1 0 0 1 -1 0 -1 1 0 0 1 1 -1 1 1 1 0 -1 -1 0 -1 -1 0 0 0 1 0 -1 1 0 1 -1 -1 -1 1 -1 0 0 0 0 0 0 0 0 0 0 -1 -1 -1 1 0 0 1 0 
1 -1 -1 1 0 0 0 0 0 0 0 1 -1 -1 1 1 -1 0 0 0 -1 0 1 -1 0 0 -1 -1 -1 0 0 0 1 -1 1 1 0 0 -1 1 0 0 -1 0 0 -1 1 0 1 -1 1 1 0 1 -1 1 0 0 0 1 -1 0 1 -1 0 0 -1 -1 1 0 0 -1 0 0 -1 1 0 0 -1 0 -1 1 1 -1 0 1 -1 -1 0 1 -1 0 1 -1 -1 -1 -1 -1 -1 -1 0 0 -1 1 0 0 0 0 0 0 0 1 -1 0 0 0 0 1 -1 0 0 -1 1 -1 1 1 -1 -1 1 0 0 0 0 -1 0 0 -1 0 0 -1 -1 -1 1 1 -1 0 0 1 -1 -1 1 0 -1 0 0 0 1 0 1 -1 0 1 1 0 0 0 0 -1 -1 1 0 0 -1 -1 1 0 0 0 1 0 1 0 -1 0 0 -1 0 0 0 0 -1 0 0 0 -1 0 0 0 -1 -1 
-1 1 -1 1 -1 1 -1 -1 -1 0 1 0 0 -1 0 -1 -1 0 1 1 -1 1 -1 -1 0 1 0 1 -1 -1 -1 -1 1 -1 -1 0 1 1 0 -1 1 1 -1 0 -1 1 -1 0 1 1 1 0 0 0 -1 0 0 0 0 -1 0 1 1 1 0 -1 1 -1 1 0 0 0 0 -1 0 1 -1 0 1 1 0 1 0 0 0 1 0 0 -1 1 0 0 -1 0 0 1 0 -1 0 1 1 0 -1 -1 0 0 0 0 1 1 1 -1 -1 0 0 0 0 1 -1 -1 1 0 0 1 0 -1 1 -1 0 1 0 0 0 0 -1 0 0 -1 -1 -1 0 0 0 1 0 -1 0 1 1 0 1 1 1 0 0 0 -1 0 0 1 -1 -1 -1 0 0 0 0 -1 0 0 1 0 1 -1 0 1 0 0 1 1 -1 1 0 0 0 1 1 1 0 -1 0 0 1 0 0 -1 0 0 0 1 
0 -1 -1 -1 1 -1 0 0 -1 1 -1 0 -1 0 0 0 -1 0 -1 -1 0 0 1 1 -1 1 1 0 0 1 1 -1 1 0 0 0 1 0 1 -1 -1 1 0 1 0 -1 0 0 0 1 0 0 0 0 1 0 1 -1 0 0 1 -1 0 0 1 0 -1 1 1 -1 0 -1 0 0 0 -1 0 -1 0 -1 0 0 1 1 0 0 1 1 0 0 1 0 0 -1 0 -1 1 1 -1 1 0 0 1 1 -1 1 -1 0 1 0 1 0 0 1 0 1 0 -1 0 0 0 0 -1 0 1 0 0 0 1 1 1 -1 1 0 0 1 -1 -1 0 -1 0 1 1 0 0 0 1 0 1 1 0 -1 -1 0 0 -1 -1 0 0 0 1 0 1 -1 0 0 0 1 1 0 0 1 0 0 -1 -1 0 0 1 0 0 0 1 1 0 1 0 0 0 -1 1 0 1 0 0 0 1 0 -1 0 
1 1 1 0 1 1 0 0 0 -1 1 0 1 1 1 1 -1 -1 1 0 0 0 -1 1 0 0 0 1 1 0 0 0 0 0 0 -1 -1 0 0 1 1 -1 0 -1 0 0 1 0 0 0 0 -1 -1 -1 0 1 0 -1 -1 1 0 1 0 0 1 0 1 1 0 0 1 0 1 -1 0 -1 1 0 0 0 0 0 -1 -1 -1 -1 0 1 -1 0 0 1 0 0 -1 0 0 -1 -1 1 1 0 0 -1 -1 1 1 -1 0 -1 1 -1 1 0 0 0 0 0 0 0 0 -1 -1 1 0 0 -1 0 1 1 0 1 1 1 0 -1 1 -1 -1 1 0 -1 0 0 0 -1 -1 0 1 0 0 1 -1 0 -1 0 0 -1 0 0 -1 1 0 0 0 0 0 1 0 1 0 0 0 -1 -1 1 0 0 1 0 1 0 0 0 0 1 -1 0 0 -1 1 1 1 -1 0 0 0 0 1 0 
-1 -1 -1 0 1 -1 0 -1 0 0 1 0 0 1 1 0 0 -1 1 0 -1 1 1 -1 0 0 0 1 0 0 0 0 -1 1 0 1 1 0 -1 0 -1 -1 0 0 0 0 1 0 1 0 0 0 0 -1 0 1 -1 0 1 0 0 1 0 0 0 0 0 -1 0 0 0 -1 0 -1 1 -1 1 0 0 1 0 1 1 0 1 0 1 0 0 -1 -1 0 0 0 0 0 1 0 1 -1 1 1 -1 0 0 0 1 1 1 0 0 -1 0 0 0 0 -1 0 0 1 -1 1 -1 -1 -1 0 0 1 1 0 1 0 0 -1 -1 0 1 0 1 1 1 0 0 0 1 -1 1 0 0 0 0 1 1 0 0 1 -1 1 1 0 0 1 -1 -1 0 1 0 0 0 0 -1 0 -1 0 0 0 0 1 1 0 -1 1 0 0 0 0 0 0 0 1 1 -1 0 1 -1 0 1 -1 -1 -1 
1 1 -1 1 0 0 0 -1 -1 1 -1 0 -1 -1 1 0 -1 0 0 0 -1 0 1 0 0 -1 0 -1 -1 0 0 -1 -1 -1 0 -1 0 -1 0 0 -1 1 0 -1 0 -1 -1 1 1 0 0 1 0 0 0 -1 0 1 1 0 1 1 0 0 0 -1 0 0 1 0 0 1 0 0 0 -1 1 0 -1 0 1 0 -1 0 0 1 -1 0 -1 0 -1 0 0 1 1 1 0 1 1 1 1 1 -1 -1 1 1 0 -1 0 1 1 -1 0 0 0 0 0 0 -1 1 -1 1 0 1 0 0 1 0 0 1 -1 1 0 -1 1 1 1 1 -1 -1 0 1 0 0 1 -1 0 1 0 -1 -1 0 -1 0 -1 1 0 1 0 0 -1 0 0 1 1 1 0 -1 1 0 1 0 0 1 1 0 1 1 1 0 0 -1 0 1 1 0 0 0 0 -1 1 0 -1 1 1 0 0 1 0 0 
-1 0 -1 1 -1 0 0 0 0 0 -1 0 -1 0 -1 0 1 1 -1 1 -1 1 -1 1 0 -1 0 0 0 -1 0 -1 0 -1 0 0 0 0 0 1 1 0 -1 0 -1 1 1 1 0 -1 1 0 0 0 1 1 0 -1 0 -1 1 0 1 0 1 1 1 0 1 1 1 -1 0 0 0 -1 0 1 -1 0 -1 -1 -1 -1 -1 1 0 -1 1 1 0 0 -1 -1 0 0 1 0 0 1 0 1 1 0 0 -1 0 0 0 0 -1 1 -1 0 -1 -1 0 0 -1 1 1 1 0 1 -1 -1 0 0 0 -1 1 0 1 0 0 0 0 -1 0 -1 1 0 -1 0 0 1 1 0 1 -1 1 0 0 0 0 -1 1 0 0 0 1 0 1 0 0 1 -1 0 1 0 1 0 0 -1 0 0 1 0 1 1 0 -1 1 0 1 -1 0 0 -1 1 -1 1 -1 -1 0 -1 1 0 1 -1 
-1 0 -1 0 0 0 1 0 0 1 1 1 -1 0 1 1 1 -1 0 0 1 1 0 0 0 0 0 0 1 0 1 1 0 -1 1 0 -1 -1 -1 -1 1 -1 0 0 0 1 1 1 -1 -1 -1 1 1 -1 0 0 0 -1 0 0 1 -1 0 0 0 0 1 1 1 1 1 0 0 -1 -1 1 1 0 1 0 -1 -1 0 -1 -1 0 1 1 1 1 1 -1 0 -1 1 0 0 -1 -1 0 1 0 1 0 0 1 -1 0 0 1 -1 0 1 1 0 -1 0 0 1 0 -1 -1 0 0 -1 -1 1 1 -1 0 0 1 1 -1 1 -1 0 1 1 1 0 -1 0 1 0 -1 0 0 1 0 1 0 0 -1 0 1 -1 1 -1 0 1 0 -1 1 0 -1 1 -1 1 -1 0 -1 1 1 0 -1 0 0 0 0 0 0 0 0 1 -1 0 0 0 0 -1 0 1 -1 1 0 0 0 1 0 
0 1 0 -1 0 1 0 0 0 1 1 0 0 0 -1 0 0 1 0 1 -1 1 0 1 0 -1 0 0 -1 0 -1 0 -1 -1 0 -1 0 0 -1 1 0 0 1 -1 0 1 0 1 0 1 0 -1 -1 0 1 0 -1 0 0 0 1 -1 0 0 0 -1 0 1 -1 -1 -1 1 0 0 0 0 1 1 0 0 0 0 -1 0 0 0 0 -1 0 1 -1 0 0 -1 0 1 1 0 0 0 0 0 -1 1 0 -1 0 -1 0 0 1 -1 -1 -1 0 0 1 -1 -1 0 -1 1 0 0 -1 1 1 0 1 0 0 -1 0 -1 0 0 0 1 0 0 -1 0 -1 1 0 1 -1 0 0 1 1 0 0 0 0 1 0 1 -1 -1 0 -1 0 0 0 1 -1 0 0 -1 -1 0 0 0 0 0 0 0 0 -1 -1 0 0 0 0 -1 -1 1 0 0 0 1 0 0 1 0 0 0 1 -1 
0 -1 -1 -1 1 0 0 0 -1 1 0 0 -1 0 0 1 -1 0 -1 -1 0 0 0 1 0 0 0 -1 1 0 1 0 -1 0 0 -1 0 1 0 -1 1 0 0 0 0 0 0 0 -1 1 0 0 1 1 0 -1 -1 0 -1 1 1 0 -1 -1 0 0 -1 0 1 0 0 1 -1 -1 0 0 -1 0 1 1 1 0 1 0 0 -1 0 0 1 -1 0 -1 -1 -1 1 -1 0 0 0 -1 1 0 0 1 1 0 1 0 0 -1 -1 1 1 0 1 0 0 -1 1 0 1 1 -1 1 1 0 0 0 -1 0 0 -1 0 0 -1 0 0 0 1 0 1 1 0 1 1 -1 0 1 1 0 1 1 0 0 -1 -1 -1 -1 1 0 0 -1 1 0 0 0 1 -1 -1 1 -1 -1 1 1 1 -1 1 0 -1 0 -1 1 0 0 0 1 1 1 0 1 0 0 -1 0 0 0 -1 1 1 1 
-1 1 -1 0 -1 -1 -1 0 1 0 1 0 -1 0 1 -1 0 0 0 1 1 -1 1 0 0 1 0 1 0 -1 1 -1 0 0 0 0 -1 0 0 -1 1 0 -1 0 0 0 -1 0 -1 -1 0 0 1 0 0 0 0 0 0 0 -1 1 -1 0 0 -1 0 -1 0 -1 -1 1 -1 0 0 0 1 -1 1 1 0 0 1 0 0 0 -1 0 1 0 0 0 1 0 0 0 -1 0 0 0 0 0 0 1 0 0 0 0 0 1 1 0 0 -1 0 -1 0 0 0 0 -1 -1 0 -1 0 1 -1 1 -1 0 1 -1 -1 1 0 0 1 1 -1 1 1 0 0 -1 0 0 0 0 1 0 0 -1 1 -1 -1 1 0 -1 1 1 0 0 -1 -1 1 -1 1 0 0 0 0 1 1 -1 -1 1 -1 0 0 -1 -1 0 -1 0 1 0 0 1 0 1 -1 0 0 1 -1 1 -1 1 1 -1 
0 0 -1 -1 1 -1 0 -1 0 0 0 0 1 1 0 1 1 1 1 -1 0 0 0 1 1 0 1 1 1 0 0 0 -1 1 0 0 1 1 0 1 1 1 -1 0 -1 1 0 0 1 0 -1 -1 0 0 0 0 0 1 1 -1 1 0 0 0 -1 0 0 0 0 0 -1 -1 1 0 1 0 -1 -1 0 -1 0 -1 1 0 0 -1 0 0 1 0 0 0 -1 -1 0 1 1 0 0 0 0 -1 0 0 -1 1 0 0 -1 -1 0 -1 0 1 0 -1 1 1 -1 1 0 0 0 0 1 0 1 1 -1 -1 -1 -1 1 0 0 0 0 1 0 0 0 1 1 0 0 1 0 0 0 0 0 0 -1 0 1 1 1 -1 0 0 0 0 -1 0 1 -1 0 0 1 0 -1 0 0 1 0 -1 0 1 1 1 1 0 0 1 0 1 1 -1 0 0 -1 1 0 -1 -1 -1 -1 1 1 0 
0 1 -1 0 0 -1 0 -1 1 1 0 -1 0 -1 0 -1 0 1 -1 0 0 -1 1 0 1 1 1 0 1 -1 1 0 -1 0 0 -1 0 0 0 1 0 -1 0 0 -1 -1 1 1 0 1 0 0 0 0 0 -1 0 0 0 1 0 -1 -1 0 1 0 1 -1 1 0 1 -1 0 0 0 -1 1 0 0 0 1 0 1 -1 0 0 -1 -1 0 1 0 0 0 0 0 -1 0 -1 -1 0 1 0 0 0 1 0 -1 -1 0 0 0 1 1 -1 0 -1 -1 0 -1 1 0 0 1 0 0 1 0 0 -1 0 1 -1 0 0 0 0 -1 -1 -1 -1 -1 -1 0 0 1 -1 0 0 0 0 1 0 0 0 0 0 -1 0 1 -1 0 -1 0 -1 -1 -1 0 0 0 0 0 0 0 0 -1 -1 -1 0 1 1 0 0 1 0 0 0 0 0 0 1 0 0 1 0 0 1 0 0 -1 1 
0 0 0 1 0 -1 0 0 0 0 0 -1 1 -1 0 0 0 1 0 0 1 -1 0 -1 0 0 -1 1 0 0 0 0 0 0 1 -1 0 -1 0 -1 0 -1 -1 0 1 1 1 -1 0 0 -1 1 1 1 1 -1 -1 0 0 0 -1 0 -1 -1 1 -1 0 -1 -1 1 1 1 0 0 0 0 0 0 -1 1 0 -1 1 1 0 -1 0 0 0 -1 0 -1 0 -1 0 1 1 1 0 -1 1 1 -1 0 1 0 -1 0 0 1 0 0 -1 0 1 1 0 0 0 -1 1 -1 1 0 0 0 0 0 0 1 -1 0 1 1 1 0 0 -1 1 0 -1 0 0 1 0 -1 1 -1 0 1 0 0 0 1 0 0 1 1 -1 0 0 0 0 1 0 1 1 1 0 1 1 -1 0 0 0 0 -1 0 1 -1 0 1 -1 0 1 1 0 1 0 0 1 -1 0 0 -1 0 -1 1 -1 -1 
0 0 -1 1 0 1 -1 0 0 0 1 -1 -1 -1 0 0 1 -1 0 0 0 1 0 -1 1 1 -1 1 0 1 0 1 0 0 0 0 1 0 0 1 -1 -1 0 0 1 0 -1 -1 0 -1 1 -1 -1 0 1 1 0 1 -1 1 0 1 0 -1 0 0 0 -1 -1 -1 -1 0 0 -1 0 1 1 -1 -1 1 0 -1 0 -1 0 1 0 -1 0 -1 -1 0 0 0 0 0 0 -1 0 0 -1 0 0 1 0 0 -1 0 0 0 0 -1 0 0 0 0 1 0 0 -1 -1 0 0 0 0 0 0 -1 1 -1 -1 1 0 0 1 0 1 0 0 0 0 -1 0 1 -1 -1 0 -1 1 0 -1 -1 -1 1 0 0 0 0 0 0 0 -1 0 1 0 -1 0 -1 0 1 -1 1 0 -1 1 0 -1 -1 0 1 0 -1 1 -1 0 -1 1 1 0 0 -1 0 0 1 1 0 -1 0 1 1 
0 1 0 0 0 -1 1 -1 0 0 0 0 0 1 1 -1 0 -1 1 1 0 1 0 0 0 1 -1 0 0 -1 0 0 0 -1 0 -1 1 0 1 -1 0 1 0 1 0 0 1 1 0 1 -1 -1 -1 -1 0 0 1 0 -1 0 1 0 0 0 0 0 1 -1 0 -1 0 1 0 0 0 0 0 1 0 0 -1 1 -1 0 1 0 0 0 0 0 -1 0 -1 1 0 -1 -1 1 0 1 1 -1 -1 -1 -1 1 0 0 0 -1 -1 1 0 0 1 -1 -1 0 1 0 0 0 0 0 0 1 -1 -1 0 -1 1 -1 1 1 -1 -1 1 1 0 1 1 0 0 0 1 0 -1 -1 -1 0 0 0 0 0 -1 0 1 -1 -1 0 0 0 -1 0 -1 0 0 -1 0 0 0 1 1 -1 -1 0 0 -1 -1 0 0 -1 0 1 1 0 0 1 1 0 0 -1 0 0 -1 -1 -1 1 0 1 
-1 -1 0 -1 0 0 0 1 0 0 0 -1 0 0 0 -1 1 0 0 1 1 1 0 -1 0 0 0 1 1 1 -1 -1 0 0 -1 0 0 0 -1 1 -1 -1 0 -1 0 1 0 0 0 -1 -1 -1 -1 1 1 1 -1 0 1 0 1 0 0 1 -1 1 0 1 -1 -1 1 0 1 0 -1 0 0 -1 -1 -1 0 0 -1 0 -1 1 0 -1 0 0 0 0 0 1 -1 1 0 1 0 1 0 -1 0 0 -1 0 -1 0 0 0 -1 0 0 0 0 -1 0 0 -1 0 0 0 -1 -1 1 0 1 0 1 1 0 -1 0 0 -1 0 1 1 1 1 0 0 0 0 0 1 0 0 -1 1 0 0 -1 1 0 0 -1 0 0 1 1 0 -1 0 0 0 1 -1 1 1 0 0 0 0 0 0 0 -1 0 0 1 1 -1 0 -1 0 0 0 0 -1 0 1 0 0 1 0 0 1 -1 0 
-1 1 0 0 0 1 0 0 -1 -1 1 0 1 1 0 1 -1 0 -1 1 0 1 0 0 0 -1 0 0 1 1 0 -1 0 0 0 -1 0 1 0 0 0 0 1 -1 1 1 1 0 0 0 0 1 0 -1 0 0 0 0 0 0 -1 0 1 -1 0 0 0 0 0 0 0 0 1 1 0 -1 1 0 0 -1 1 -1 1 1 -1 -1 0 0 0 1 0 0 -1 0 0 -1 -1 -1 1 0 -1 0 0 1 0 0 -1 0 0 -1 0 0 0 0 1 -1 -1 1 0 0 -1 -1 0 0 0 1 0 1 0 0 -1 0 1 1 0 -1 1 1 -1 0 1 -1 -1 0 0 0 0 0 0 0 0 0 0 1 1 -1 1 0 1 0 0 0 -1 1 0 0 1 1 0 0 0 0 0 -1 -1 -1 1 0 0 0 1 0 0 -1 0 0 -1 1 0 0 0 0 0 -1 0 0 0 -1 0 -1 
1 0 0 0 -1 1 0 0 0 -1 0 1 0 0 0 1 1 1 0 0 -1 1 0 0 -1 0 0 -1 0 -1 0 -1 0 1 -1 0 0 0 1 1 0 -1 1 1 1 0 0 0 0 0 1 -1 1 0 -1 -1 0 1 0 0 -1 -1 0 1 1 1 0 0 1 1 0 -1 0 0 -1 0 0 0 0 1 1 -1 0 1 1 0 -1 1 0 0 0 -1 0 -1 0 0 0 1 0 0 -1 1 0 1 1 1 0 0 0 0 1 0 1 -1 -1 0 0 -1 0 1 0 0 1 0 0 1 0 -1 0 0 1 0 -1 1 0 -1 -1 0 1 0 1 1 -1 0 0 1 0 -1 -1 1 1 1 0 1 0 0 -1 1 0 0 -1 0 0 0 1 0 1 0 0 0 1 -1 -1 0 0 0 0 0 1 1 -1 0 0 0 -1 0 -1 0 -1 0 1 0 0 -1 0 0 0 0 -1 0 
0 0 0 0 1 0 0 1 1 -1 1 -1 1 0 1 0 0 0 1 0 0 1 -1 0 0 0 1 1 -1 -1 0 1 0 0 -1 0 1 1 -1 0 0 -1 0 0 -1 -1 0 0 1 0 1 0 0 -1 1 1 -1 0 0 0 -1 0 -1 -1 0 0 0 1 0 -1 -1 1 1 0 0 -1 1 1 1 0 0 -1 0 0 1 0 1 1 0 0 -1 0 1 0 0 -1 1 0 0 -1 1 0 1 0 0 0 0 -1 0 0 0 0 0 1 0 0 0 0 1 1 0 1 1 1 -1 1 -1 0 0 -1 0 1 -1 0 0 0 -1 1 1 -1 -1 0 -1 0 0 1 0 0 1 1 0 -1 0 0 1 0 0 -1 -1 0 0 0 1 0 -1 -1 -1 -1 0 0 0 1 1 0 0 0 1 -1 1 -1 1 0 0 -1 1 0 0 -1 1 0 1 0 1 1 0 0 0 0 0 1 
1 1 0 0 0 1 0 0 0 0 1 1 0 1 0 1 1 0 0 1 -1 0 0 -1 0 1 0 1 0 0 0 0 0 0 1 -1 1 1 0 1 0 -1 -1 0 1 0 0 0 0 1 0 -1 0 1 1 1 1 1 0 0 0 0 -1 0 0 1 -1 0 -1 0 -1 1 1 1 -1 -1 -1 1 1 0 1 0 0 0 0 -1 1 1 0 0 -1 0 -1 0 1 0 -1 0 0 1 -1 0 1 0 0 1 0 0 -1 -1 0 1 0 0 0 0 -1 0 0 1 -1 0 0 1 1 0 1 0 0 -1 1 1 0 0 0 -1 1 1 0 -1 1 1 1 0 1 0 0 1 -1 0 1 0 0 0 1 1 0 -1 1 -1 -1 0 0 0 -1 1 -1 -1 0 0 0 -1 1 0 -1 0 0 1 0 1 1 -1 -1 0 1 0 1 0 1 -1 -1 0 -1 0 0 1 0 0 0 0 
0 -1 0 -1 -1 1 0 -1 0 0 1 1 0 0 1 -1 0 1 -1 0 1 0 0 0 1 -1 -1 0 1 0 -1 1 1 0 0 1 1 1 1 -1 0 0 -1 0 0 0 1 1 -1 -1 -1 0 -1 0 -1 1 0 0 -1 -1 1 0 0 0 -1 1 1 0 0 0 0 -1 -1 0 0 -1 0 -1 1 -1 0 0 0 -1 0 1 -1 -1 -1 0 -1 0 -1 -1 0 0 0 0 1 0 0 -1 0 -1 0 -1 0 0 1 0 -1 0 1 -1 0 1 0 1 0 0 0 0 0 0 -1 1 -1 -1 1 0 0 0 0 0 -1 1 -1 0 0 0 0 0 -1 -1 0 0 0 -1 0 0 0 -1 0 1 -1 0 0 0 0 1 0 -1 0 1 -1 0 0 -1 0 -1 0 -1 0 -1 0 -1 0 0 1 0 0 1 0 1 -1 -1 0 0 0 1 -1 0 0 -1 0 -1 0 0 1 0 
0 -1 1 0 1 0 0 0 1 1 1 0 0 -1 -1 0 0 1 1 0 0 0 -1 0 1 1 0 0 -1 0 0 -1 -1 0 0 0 0 0 0 -1 -1 0 0 1 -1 -1 1 0 0 0 -1 0 0 -1 0 0 0 0 0 0 0 0 0 0 0 1 0 -1 -1 0 0 0 0 0 -1 0 1 0 0 1 0 0 -1 -1 0 -1 -1 0 0 -1 0 1 0 1 0 0 0 0 0 0 0 0 0 0 0 0 -1 0 -1 -1 0 1 1 1 1 0 0 0 0 1 0 -1 0 1 0 1 -1 0 0 1 0 -1 -1 0 0 -1 1 0 0 0 0 -1 0 1 -1 -1 1 -1 0 -1 0 0 0 1 0 0 0 -1 0 1 1 1 0 0 0 -1 -1 1 -1 -1 0 1 0 0 1 0 0 0 0 -1 0 0 0 -1 0 -1 0 0 0 0 0 1 1 0 -1 0 0 0 0 1 
0 0 1 1 0 0 0 0 0 -1 0 0 0 1 0 -1 0 -1 0 -1 0 1 0 0 -1 1 0 -1 1 0 1 1 1 -1 1 1 0 0 0 0 0 -1 1 0 0 0 0 0 0 0 -1 0 0 0 0 -1 1 1 0 1 0 -1 0 -1 0 -1 -1 0 1 -1 0 -1 -1 0 1 -1 -1 1 0 0 0 0 0 -1 0 0 -1 0 0 1 1 0 -1 -1 0 0 0 0 1 1 1 1 0 1 0 1 -1 0 1 0 0 1 0 1 -1 -1 0 -1 1 0 0 0 1 0 0 0 0 1 0 1 1 -1 1 1 1 0 -1 0 0 -1 0 -1 1 0 1 0 0 0 1 -1 0 0 -1 1 0 -1 -1 -1 -1 -1 1 1 -1 0 1 0 0 -1 -1 0 0 -1 -1 1 -1 -1 0 0 1 -1 0 0 -1 0 1 0 1 0 1 -1 1 0 -1 1 0 0 -1 0 -1 1 
0 -1 0 1 -1 0 0 0 1 0 -1 -1 0 0 0 0 1 1 1 0 0 0 -1 1 -1 0 -1 1 0 0 1 0 0 0 -1 1 -1 1 -1 0 -1 0 1 0 0 0 0 1 -1 0 0 0 -1 1 -1 1 -1 0 0 1 1 0 1 0 -1 0 0 -1 1 0 0 0 -1 1 -1 0 1 0 0 1 1 1 0 -1 0 -1 0 0 1 0 0 0 0 -1 -1 0 -1 0 -1 0 -1 0 1 0 0 -1 -1 -1 0 -1 0 1 1 0 -1 0 1 1 0 0 1 0 -1 0 1 1 0 0 1 -1 1 0 1 0 1 1 -1 1 0 0 0 1 1 -1 -1 0 -1 0 0 0 -1 0 1 -1 0 -1 0 1 0 0 -1 0 0 0 0 0 0 0 -1 0 0 0 1 0 -1 0 -1 0 1 0 0 0 -1 -1 1 0 0 1 0 1 0 -1 1 -1 -1 -1 1 0 0 0 
-1 0 0 0 0 0 1 0 0 1 0 0 0 1 0 0 1 0 0 0 0 0 1 0 1 1 -1 0 -1 -1 1 -1 0 -1 0 1 0 0 1 0 -1 -1 0 0 -1 0 1 1 1 1 -1 0 0 -1 -1 -1 1 1 1 1 1 0 0 -1 -1 0 1 1 1 -1 0 0 -1 0 0 -1 1 0 -1 0 0 0 -1 0 0 0 0 0 0 -1 0 0 -1 0 0 -1 0 0 -1 -1 0 0 0 0 -1 0 -1 -1 1 -1 0 0 0 -1 0 -1 -1 1 0 1 -1 1 0 1 1 1 -1 -1 0 0 1 -1 0 0 -1 0 0 0 0 -1 0 1 -1 1 0 0 -1 -1 -1 0 1 -1 0 0 -1 0 0 0 -1 1 -1 1 0 -1 -1 0 -1 0 1 0 -1 0 -1 0 0 0 1 0 0 1 1 0 0 0 -1 -1 0 0 0 -1 -1 0 0 -1 0 1 0 1 0 0 
0 -1 0 -1 -1 0 0 0 -1 1 -1 0 -1 0 0 -1 1 0 -1 0 0 -1 -1 -1 -1 0 1 -1 0 1 1 0 -1 0 1 0 0 1 0 -1 0 0 0 -1 0 0 0 1 0 -1 0 0 1 1 0 -1 1 1 0 -1 0 -1 -1 1 1 0 0 0 0 -1 0 0 1 0 0 -1 1 0 0 -1 -1 1 0 -1 -1 0 -1 1 1 0 1 0 1 0 -1 0 0 1 0 0 -1 -1 1 0 0 -1 0 0 1 0 1 1 -1 1 -1 0 -1 -1 -1 0 1 -1 1 0 0 0 0 -1 -1 0 1 -1 0 1 -1 1 0 0 0 0 0 1 1 0 -1 0 0 1 0 0 1 1 0 0 0 -1 1 0 1 0 0 -1 0 0 -1 -1 -1 1 1 1 0 -1 -1 -1 0 0 1 0 -1 0 1 0 1 0 0 0 0 0 -1 -1 0 1 1 0 1 0 -1 -1 1 0 
0 1 -1 1 0 0 1 -1 -1 -1 -1 0 0 0 -1 0 0 -1 -1 -1 -1 -1 0 -1 0 1 -1 0 0 1 -1 0 0 1 -1 0 -1 1 1 0 -1 0 -1 0 1 0 0 -1 -1 -1 -1 1 0 0 0 1 0 0 -1 1 0 0 -1 -1 0 1 -1 0 0 0 0 0 -1 0 0 0 -1 0 0 1 1 -1 1 1 0 1 1 0 0 0 -1 -1 0 0 -1 -1 0 -1 0 1 0 0 0 -1 0 -1 0 0 0 1 -1 0 0 -1 1 -1 -1 0 -1 1 0 1 0 -1 -1 1 1 1 0 0 1 1 -1 0 1 1 1 1 0 1 1 0 0 -1 0 1 0 0 1 0 -1 0 -1 -1 0 0 0 0 -1 0 1 -1 -1 0 0 1 0 0 1 -1 0 0 -1 1 0 1 0 1 1 0 -1 -1 -1 0 0 -1 0 0 0 0 0 -1 -1 -1 -1 1 1 0 -1 0 
0 0 0 1 1 0 -1 0 0 1 0 -1 0 1 -1 1 1 0 0 -1 0 0 0 1 0 0 0 1 0 0 1 1 0 1 0 0 0 -1 0 1 -1 0 0 -1 0 -1 1 0 1 0 0 0 -1 0 0 0 1 0 -1 0 -1 -1 1 1 0 1 1 -1 0 0 0 0 -1 -1 1 -1 -1 0 -1 -1 0 -1 0 0 0 0 0 0 -1 1 1 -1 -1 0 1 -1 -1 1 1 0 -1 0 0 0 0 -1 1 1 1 -1 0 1 1 1 1 0 0 -1 0 0 0 0 0 0 1 1 1 -1 0 0 -1 0 0 1 0 0 -1 0 1 -1 1 -1 0 0 0 -1 0 -1 -1 0 1 -1 0 0 0 -1 0 0 1 -1 1 -1 0 -1 0 0 1 -1 0 0 0 0 -1 0 -1 -1 0 0 1 1 -1 0 0 0 0 1 -1 1 -1 0 0 -1 0 1 0 -1 0 0 0 -1 
1 -1 0 1 0 0 1 0 0 1 0 -1 1 -1 -1 -1 -1 0 1 0 0 1 1 -1 0 -1 0 1 0 0 0 1 1 0 1 0 1 0 -1 0 -1 0 1 0 1 1 1 -1 -1 0 0 0 1 0 0 -1 0 0 0 0 0 0 0 -1 0 0 0 0 0 -1 0 0 0 -1 1 -1 1 -1 0 1 1 0 0 0 1 0 0 1 1 0 -1 0 0 0 1 1 0 1 -1 0 0 -1 0 -1 -1 -1 0 1 1 0 -1 -1 -1 1 0 -1 0 0 0 1 0 0 -1 1 -1 0 0 -1 0 0 0 1 0 0 -1 1 1 1 0 0 0 0 1 1 1 0 -1 -1 -1 1 0 1 0 1 0 0 0 1 -1 0 -1 0 0 1 0 1 -1 0 0 0 0 -1 -1 0 0 -1 1 1 0 1 1 -1 -1 1 0 0 0 1 0 0 -1 -1 -1 1 -1 -1 1 1 -1 1 
0 0 0 -1 0 1 0 0 0 0 1 0 -1 0 0 1 1 0 1 1 -1 -1 0 1 0 0 -1 0 0 0 0 1 0 0 1 1 -1 -1 1 0 0 1 -1 0 1 -1 1 -1 0 0 1 0 0 0 1 0 1 0 0 1 0 0 1 1 0 0 0 -1 0 0 -1 1 1 0 1 0 0 0 1 1 0 -1 0 0 0 -1 0 -1 1 1 0 0 1 1 0 0 0 0 0 0 1 0 1 0 0 0 -1 0 0 0 -1 1 -1 0 1 -1 0 0 -1 0 1 1 0 -1 -1 0 0 1 0 -1 0 1 0 1 -1 0 -1 0 0 1 1 1 0 0 0 0 0 1 1 0 -1 0 1 0 -1 -1 0 0 1 -1 1 1 0 1 0 0 0 1 0 1 -1 -1 0 1 -1 -1 1 0 1 0 1 -1 1 0 0 1 0 1 0 0 0 1 0 0 1 0 0 1 0 -1 
-1 1 -1 0 1 0 0 0 -1 0 0 -1 1 1 0 0 1 1 -1 -1 -1 0 0 -1 -1 0 0 1 0 -1 0 1 0 1 -1 0 1 0 0 0 0 -1 1 1 0 0 0 0 1 -1 0 1 0 0 0 -1 0 0 -1 -1 -1 0 1 -1 1 -1 0 0 1 -1 0 0 -1 0 0 1 1 0 0 -1 0 -1 1 0 0 0 -1 0 -1 1 1 0 -1 0 -1 0 1 0 0 1 0 1 -1 -1 0 0 0 0 0 1 0 1 -1 -1 -1 -1 1 0 -1 0 0 0 1 1 1 1 0 0 1 0 1 1 -1 -1 0 0 0 0 0 -1 0 0 -1 0 -1 1 0 -1 1 -1 0 -1 1 1 1 0 1 0 0 0 1 1 1 0 -1 -1 -1 -1 -1 1 1 0 1 0 0 0 1 -1 0 0 -1 0 0 -1 0 1 1 0 1 0 -1 1 -1 0 0 0 0 0 0 0 

7 9 1 7 5 5 1 10 3 4 4 1 1 10 6 10 10 9 2 2 3 2 10 8 4 4 9 3 6 5 6 2 3 3 5 8 4 6 4 4 9 7 2 10 8 6 2 9 5 9 3 4 6 4 5 9 7 9 9 4 1 10 8 2 1 8 4 7 3 8 2 2 10 5 1 2 3 6 5 3 9 10 7 9 9 8 10 4 6 1 6 5 4 5 2 1 10 2 1 7 