20 40
-1 1 0 -1 1 1 0 -1 -1 1 0 1 1 0 -1 1 0 -1 -1 1 0 0 -1 -1 1 1 0 0 1 0 0 0 -1 0 0 -1 1 1 -1 0 
-1 0 1 0 -1 1 -1 0 1 0 -1 0 0 -1 -1 1 1 0 -1 0 1 -1 1 0 1 0 0 0 0 -1 -1 -1 0 0 -1 -1 -1 -1 0 0 
-1 0 0 0 0 1 0 1 -1 0 1 -1 0 0 0 -1 0 0 1 1 0 -1 0 -1 0 1 -1 -1 1 1 1 -1 0 1 1 1 0 0 0 1 
1 -1 -1 0 0 1 0 0 0 1 1 0 -1 1 1 -1 -1 -1 -1 0 0 1 -1 0 0 1 0 0 1 -1 1 0 0 0 0 0 -1 0 -1 0 
0 0 -1 1 -1 -1 1 -1 -1 -1 -1 -1 1 0 1 0 0 1 -1 -1 1 -1 -1 1 0 0 0 1 1 0 1 1 1 0 0 -1 -1 -1 1 1 
0 -1 -1 1 -1 1 0 0 0 0 1 -1 1 0 0 0 0 1 0 0 0 -1 -1 1 1 1 0 0 0 -1 -1 -1 -1 0 -1 -1 0 1 -1 1 
0 0 1 1 0 1 0 -1 0 -1 0 1 0 0 1 0 0 1 -1 1 1 1 1 0 0 0 0 0 1 -1 -1 -1 0 0 -1 1 0 1 0 1 
0 1 1 1 0 0 0 -1 0 0 0 0 0 1 1 0 0 1 0 1 0 0 0 0 1 1 1 0 -1 0 1 -1 0 -1 0 0 0 0 0 0 
0 0 0 1 0 1 1 -1 0 0 1 -1 0 -1 -1 1 0 0 -1 0 0 -1 0 -1 0 0 -1 0 1 -1 -1 0 1 -1 0 1 0 0 -1 1 
1 -1 0 1 1 1 1 -1 1 -1 0 1 0 -1 1 -1 0 -1 0 0 -1 -1 -1 1 -1 0 0 1 0 -1 1 0 -1 0 1 0 0 -1 0 1 
-1 -1 0 1 -1 0 0 0 1 1 1 1 0 1 0 1 0 1 1 1 1 0 0 1 1 1 0 1 0 0 1 1 0 -1 0 0 -1 0 0 -1 
-1 0 1 0 0 -1 0 0 1 0 1 0 1 -1 0 1 0 0 0 -1 1 -1 0 0 0 -1 0 1 1 1 0 1 0 0 0 1 0 1 1 0 
-1 1 -1 -1 -1 0 0 -1 0 0 0 0 -1 0 1 -1 0 -1 0 -1 1 0 0 0 1 0 0 0 1 0 0 1 0 0 1 0 -1 0 1 0 
-1 -1 1 1 0 -1 -1 0 0 0 1 1 -1 0 1 0 -1 1 0 1 0 0 -1 -1 0 1 -1 1 0 -1 0 -1 0 0 0 -1 -1 0 1 -1 
1 1 0 0 0 1 1 1 0 -1 0 1 0 0 1 -1 0 0 -1 0 1 0 0 1 -1 -1 -1 1 0 0 1 0 0 -1 0 0 0 -1 0 1 
0 0 1 1 0 -1 0 0 1 1 0 -1 0 0 1 1 0 -1 0 0 -1 1 0 0 -1 1 0 0 0 0 -1 0 1 -1 -1 0 0 1 0 0 
1 0 0 0 0 0 1 0 -1 -1 -1 1 0 1 0 1 1 0 0 1 1 -1 0 0 -1 0 1 1 1 0 -1 -1 1 0 0 -1 0 0 -1 0 
0 -1 0 -1 0 0 0 0 0 0 -1 0 0 1 0 0 1 0 0 -1 0 0 1 0 1 -1 1 0 -1 -1 0 -1 1 0 0 1 0 0 -1 0 
1 1 0 0 -1 -1 1 0 -1 0 0 1 -1 0 1 0 1 0 -1 -1 0 1 -1 -1 0 -1 -1 1 0 -1 0 -1 1 -1 -1 -1 -1 -1 1 -1 
1 1 0 1 -1 -1 1 -1 0 1 -1 -1 0 1 0 0 0 0 1 0 0 -1 0 0 1 0 0 0 -1 -1 -1 0 -1 -1 1 0 0 -1 0 1 

10 10 6 9 3 10 3 3 4 10 7 4 7 4 6 9 3 7 4 3 