50 100
0 0 1 -1 0 1 -1 0 0 0 0 0 1 -1 -1 0 1 1 1 0 1 -1 -1 0 0 0 0 0 1 -1 0 -1 -1 0 -1 -1 0 0 0 -1 1 -1 0 -1 1 0 1 1 0 0 -1 0 1 1 -1 0 0 0 -1 0 0 0 0 0 -1 0 0 0 0 0 0 0 1 0 -1 1 1 1 1 0 1 1 0 0 1 1 -1 0 0 1 1 -1 0 -1 -1 1 0 0 -1 -1 
-1 1 0 -1 -1 1 0 0 1 1 -1 0 0 -1 0 0 0 1 -1 0 1 0 -1 0 -1 0 -1 -1 1 0 0 0 0 0 0 0 0 0 0 -1 -1 0 -1 0 0 0 0 0 -1 0 0 1 0 1 1 0 -1 -1 -1 1 1 1 0 0 1 1 0 -1 0 0 0 0 0 0 0 0 0 1 0 0 0 1 0 1 -1 -1 0 -1 0 0 0 -1 1 0 0 0 1 -1 0 1 
0 -1 -1 0 0 0 0 1 -1 0 1 0 -1 0 0 0 0 -1 -1 0 0 -1 0 1 0 0 -1 1 1 0 0 1 0 0 0 1 -1 0 0 1 1 0 0 -1 0 -1 1 -1 -1 1 0 -1 -1 1 1 -1 -1 -1 -1 -1 0 -1 0 0 -1 0 1 -1 0 1 0 0 1 0 -1 0 -1 -1 0 0 0 -1 0 0 -1 -1 1 1 0 -1 0 0 0 -1 1 0 0 -1 0 1 
0 0 1 -1 1 0 0 1 0 0 0 0 0 -1 0 1 -1 0 1 1 0 -1 1 1 0 -1 -1 0 1 0 0 1 0 -1 0 1 0 1 0 0 1 0 0 0 0 1 1 0 0 1 -1 1 0 0 -1 -1 1 0 1 0 1 0 1 1 1 0 0 0 0 0 0 -1 0 -1 1 0 -1 1 -1 0 1 1 1 0 -1 0 0 0 -1 0 0 0 1 0 -1 0 -1 -1 0 -1 
0 1 1 0 -1 0 -1 0 0 0 1 -1 0 1 -1 0 0 1 1 1 0 -1 1 0 0 0 0 0 -1 0 -1 0 0 1 0 1 -1 -1 0 -1 0 1 0 1 -1 1 1 1 -1 0 0 -1 1 0 0 1 0 1 1 0 0 0 1 1 0 1 0 0 0 -1 -1 0 -1 0 0 1 0 -1 0 1 1 1 0 -1 0 -1 0 -1 0 0 1 -1 0 1 -1 0 -1 0 -1 0 
-1 -1 0 1 1 1 -1 0 1 0 -1 0 0 0 0 0 -1 1 0 0 0 -1 1 1 1 1 1 1 0 -1 -1 1 -1 1 -1 0 1 1 -1 -1 1 -1 0 0 -1 -1 -1 1 0 -1 1 -1 0 1 0 -1 1 0 -1 0 0 1 -1 0 1 -1 -1 1 0 1 0 -1 1 1 0 1 -1 -1 1 1 0 1 -1 1 -1 -1 1 0 -1 -1 1 -1 1 1 0 0 1 1 1 1 
0 0 1 0 0 0 -1 1 -1 0 0 0 0 0 1 1 1 0 1 -1 1 0 1 -1 1 0 1 1 0 -1 0 0 -1 0 0 1 0 -1 0 -1 1 1 0 0 0 0 0 0 0 0 0 0 1 0 1 0 -1 0 0 1 0 1 0 -1 0 0 1 0 0 0 -1 0 1 1 1 0 0 0 1 0 -1 0 0 0 -1 1 0 0 -1 -1 0 0 1 0 -1 0 0 0 0 1 
0 -1 -1 0 -1 1 0 -1 0 0 1 1 1 0 0 0 1 1 0 0 0 -1 0 1 -1 1 1 -1 -1 1 0 0 1 0 0 0 1 0 0 0 -1 1 0 0 0 -1 1 0 0 0 -1 0 1 0 -1 0 0 0 0 0 0 -1 -1 1 0 0 1 -1 1 1 0 1 0 0 0 0 0 0 0 -1 -1 0 -1 0 0 -1 1 0 1 0 -1 0 -1 1 -1 -1 0 0 -1 0 
0 1 0 0 0 1 1 0 -1 -1 -1 0 0 0 0 0 -1 -1 0 0 0 0 1 1 0 0 1 0 0 1 0 1 0 1 0 -1 1 0 0 1 1 0 0 -1 0 1 0 1 1 0 -1 0 0 -1 0 -1 -1 -1 1 -1 1 1 1 -1 0 -1 1 -1 -1 0 -1 0 1 1 0 0 1 0 0 1 0 -1 0 -1 -1 -1 0 0 0 1 -1 0 -1 0 0 0 0 -1 0 1 
0 -1 1 0 0 0 -1 0 -1 -1 0 0 0 0 0 1 -1 1 0 1 1 0 0 -1 1 0 0 0 -1 0 0 1 0 0 0 0 0 0 0 1 -1 1 1 0 0 -1 0 -1 1 0 0 0 0 1 -1 1 -1 -1 0 0 0 1 -1 0 1 -1 1 0 0 -1 -1 0 0 0 0 0 1 0 -1 0 0 1 -1 -1 0 0 1 1 1 1 1 -1 0 -1 1 1 1 0 1 1 
0 0 0 0 0 0 0 0 1 -1 0 -1 -1 1 0 0 -1 0 1 1 0 0 1 -1 -1 -1 -1 1 1 -1 1 1 -1 -1 0 -1 0 -1 -1 0 1 -1 1 0 0 0 -1 0 0 -1 0 1 1 0 1 0 0 0 0 0 0 -1 1 0 -1 0 1 -1 0 -1 0 1 1 0 -1 1 0 -1 -1 -1 -1 -1 0 0 0 0 1 0 0 0 -1 1 1 -1 0 1 -1 0 0 -1 
0 0 0 1 -1 0 1 0 0 0 1 1 1 0 0 0 0 0 0 1 0 0 0 0 0 0 1 1 1 -1 0 0 0 0 1 0 1 0 1 -1 -1 -1 0 -1 0 -1 0 -1 -1 0 -1 0 1 -1 0 0 1 -1 1 -1 0 -1 1 -1 -1 1 -1 0 -1 0 -1 0 0 0 0 1 -1 1 -1 0 0 0 0 1 -1 0 0 1 0 1 0 1 0 0 -1 0 -1 0 0 -1 
0 1 -1 1 0 1 -1 -1 0 -1 0 0 0 -1 0 -1 1 -1 0 1 0 -1 1 1 1 0 0 0 0 0 0 1 0 0 0 -1 1 0 1 0 -1 0 -1 0 0 0 -1 0 -1 -1 -1 0 1 0 0 -1 -1 -1 1 0 1 1 0 0 0 0 1 0 1 1 0 0 0 0 -1 0 0 -1 1 1 1 0 -1 -1 1 0 0 -1 1 1 0 -1 0 1 -1 1 0 -1 1 0 
0 1 -1 0 -1 0 0 -1 1 0 1 -1 1 0 -1 0 -1 0 1 0 -1 -1 1 -1 0 0 -1 1 -1 0 1 1 0 0 -1 0 -1 -1 1 1 0 0 0 0 0 0 -1 1 1 1 -1 -1 0 0 1 -1 0 0 0 -1 0 0 -1 1 -1 0 0 0 0 0 -1 1 1 0 1 0 0 1 1 1 0 -1 1 -1 0 0 -1 0 0 1 1 1 1 -1 1 -1 -1 0 0 1 
0 0 1 0 0 1 1 -1 -1 0 0 1 -1 -1 0 0 0 1 0 -1 0 1 -1 0 0 1 0 0 0 0 0 -1 1 0 0 0 0 0 0 0 -1 0 0 0 -1 -1 1 -1 -1 -1 0 0 -1 0 0 1 1 0 1 -1 -1 1 0 0 0 0 1 1 0 -1 0 0 0 1 1 -1 0 1 1 1 0 -1 0 0 -1 0 0 1 -1 0 0 1 -1 1 1 -1 0 0 -1 0 
-1 -1 1 1 0 1 1 0 1 1 1 0 0 0 0 0 1 0 0 0 1 -1 0 -1 1 1 1 0 0 0 0 1 0 0 0 0 -1 0 1 1 0 0 0 1 0 0 1 0 1 1 -1 0 0 1 0 0 1 -1 0 1 -1 0 -1 0 0 -1 0 1 -1 1 0 0 0 -1 1 -1 0 -1 -1 -1 0 1 1 -1 1 -1 -1 0 0 0 0 1 1 -1 0 0 1 0 0 0 
0 0 -1 0 0 0 1 0 -1 0 1 0 0 0 -1 0 -1 1 0 0 -1 1 -1 0 -1 0 -1 -1 0 1 1 -1 0 0 0 0 0 0 0 0 0 1 -1 -1 0 1 -1 0 -1 1 1 0 0 0 -1 0 0 -1 0 0 0 0 -1 1 0 1 0 -1 0 -1 -1 1 -1 0 1 0 1 0 1 0 0 1 0 0 0 1 0 1 0 1 1 -1 1 0 0 0 -1 0 -1 0 
-1 -1 0 1 1 -1 1 0 -1 0 -1 0 0 0 1 -1 -1 1 0 0 0 0 0 0 0 0 0 -1 0 0 1 -1 0 0 -1 1 0 0 -1 0 0 0 0 0 1 0 1 0 1 0 1 0 -1 1 -1 1 -1 0 1 -1 -1 -1 1 -1 0 1 0 1 1 0 1 -1 0 0 0 -1 0 0 0 -1 -1 0 1 1 -1 -1 0 0 -1 0 -1 -1 0 -1 0 0 -1 0 -1 -1 
0 -1 1 -1 0 -1 1 -1 0 0 -1 -1 0 -1 0 -1 0 -1 -1 1 1 -1 -1 0 -1 -1 0 -1 -1 -1 0 -1 1 0 0 1 1 -1 0 1 0 0 0 -1 0 -1 0 0 -1 1 0 1 0 1 0 -1 1 0 0 0 -1 1 -1 0 0 1 0 -1 0 1 -1 -1 0 -1 0 0 0 1 0 0 0 0 -1 0 -1 -1 0 1 0 -1 0 1 -1 0 1 0 0 0 1 0 
0 -1 0 0 -1 0 0 1 1 -1 1 0 0 0 0 -1 -1 0 0 -1 1 1 0 1 1 -1 0 0 0 0 0 1 1 1 -1 1 0 -1 1 0 -1 1 1 1 -1 -1 -1 0 1 -1 1 -1 1 -1 -1 0 0 1 1 1 1 0 1 1 0 0 0 -1 1 -1 0 1 -1 0 1 0 0 0 1 -1 -1 1 1 1 0 -1 1 1 0 0 -1 -1 1 0 0 1 1 1 0 1 
0 0 0 0 1 -1 1 0 -1 1 -1 -1 1 0 0 1 0 0 -1 0 0 0 0 0 -1 -1 -1 -1 0 1 0 0 0 0 0 0 1 1 0 -1 0 0 1 1 0 0 -1 -1 -1 0 0 0 -1 1 0 0 1 0 -1 0 0 0 0 1 1 1 -1 0 0 0 0 -1 0 1 0 -1 0 0 1 0 0 -1 0 -1 1 1 -1 -1 0 0 -1 1 0 -1 1 -1 1 1 0 0 
-1 0 0 0 0 1 0 0 1 1 0 0 0 0 -1 0 0 1 0 0 1 -1 0 0 0 0 0 1 -1 0 0 0 -1 1 0 0 1 0 1 0 1 -1 0 -1 1 0 0 1 1 -1 0 -1 0 0 0 0 0 1 -1 0 0 -1 0 0 1 0 -1 0 1 0 0 -1 1 -1 1 -1 1 1 -1 1 -1 1 0 -1 -1 1 0 0 -1 -1 -1 0 0 0 0 0 -1 -1 0 1 
0 0 0 1 1 0 -1 0 1 -1 1 1 -1 -1 -1 0 0 0 -1 1 -1 -1 0 1 -1 0 1 1 -1 -1 0 -1 -1 1 1 1 0 0 0 1 1 -1 1 1 1 0 0 -1 0 1 0 0 0 1 -1 -1 0 0 1 0 0 1 0 0 -1 1 0 -1 0 0 -1 1 1 -1 -1 0 0 0 -1 -1 0 0 1 0 0 0 1 1 0 -1 1 1 0 -1 -1 0 1 0 0 -1 
1 0 0 -1 -1 0 0 0 1 -1 -1 0 -1 0 1 0 0 0 0 -1 -1 0 0 0 0 -1 -1 0 -1 0 0 0 0 -1 0 -1 -1 1 0 0 0 1 -1 0 1 0 -1 0 0 0 -1 1 1 -1 0 0 -1 -1 0 0 0 0 1 -1 1 0 0 0 1 1 -1 0 1 0 0 -1 -1 0 -1 1 0 1 1 0 -1 1 0 0 -1 0 0 1 0 0 -1 1 0 1 0 -1 
0 1 0 1 -1 0 0 0 -1 0 -1 0 0 -1 1 1 -1 0 1 -1 0 0 0 -1 0 0 -1 0 -1 0 1 1 0 -1 1 -1 0 -1 0 0 1 1 0 -1 0 -1 0 0 0 1 1 1 -1 1 0 1 -1 0 0 -1 0 -1 -1 0 -1 0 -1 0 0 -1 0 0 -1 0 0 -1 -1 1 0 0 -1 -1 1 -1 1 1 -1 1 0 -1 0 0 0 -1 0 1 1 0 0 1 
-1 0 1 0 1 -1 0 1 1 0 -1 1 1 1 0 1 0 0 -1 0 0 -1 0 -1 1 1 1 0 1 -1 -1 0 0 0 1 0 -1 0 0 1 0 0 0 0 -1 1 1 1 0 -1 0 -1 0 -1 0 0 -1 1 0 1 1 -1 0 1 1 0 0 -1 -1 0 -1 -1 -1 1 -1 -1 0 1 0 0 1 -1 0 0 0 0 0 1 0 1 0 -1 1 0 1 -1 1 0 1 1 
1 0 -1 1 0 0 1 0 0 1 -1 1 0 1 -1 -1 0 0 0 1 0 1 1 -1 0 0 1 -1 1 1 -1 -1 1 -1 0 0 1 0 -1 -1 0 1 0 -1 0 0 0 0 1 -1 1 0 -1 0 0 1 -1 1 -1 1 0 1 0 0 1 0 1 -1 0 0 0 0 0 -1 0 0 0 1 -1 -1 -1 0 0 -1 0 -1 1 -1 1 0 -1 1 1 -1 0 0 0 -1 0 -1 
0 -1 1 -1 0 0 0 0 0 -1 0 0 1 1 1 1 0 -1 0 1 0 -1 0 0 1 0 0 1 1 1 -1 -1 0 1 1 -1 -1 1 1 1 0 0 0 0 0 0 -1 1 1 0 -1 0 0 0 0 0 0 0 1 0 0 1 -1 0 1 0 0 0 1 0 0 0 0 1 0 1 0 -1 0 1 -1 -1 0 1 -1 1 1 1 0 1 -1 -1 1 -1 1 1 0 0 1 1 
0 0 0 0 1 -1 1 1 0 0 0 0 1 -1 0 0 0 0 -1 0 1 0 1 -1 0 1 0 -1 0 -1 1 0 1 0 -1 -1 1 -1 1 -1 1 -1 0 1 1 0 0 -1 0 -1 0 -1 1 1 1 1 0 0 1 1 0 0 0 1 1 -1 0 -1 0 1 0 0 1 -1 1 1 0 -1 0 1 -1 0 -1 1 0 0 1 -1 -1 0 0 0 0 0 0 1 0 -1 0 0 
0 0 -1 1 -1 0 0 0 0 1 0 -1 -1 -1 0 -1 0 0 -1 0 1 1 -1 0 0 -1 0 1 -1 -1 -1 0 0 0 1 0 1 1 1 1 0 0 -1 0 -1 -1 1 0 0 0 1 0 0 0 -1 0 0 1 -1 -1 0 0 0 0 -1 1 0 0 0 -1 0 0 1 1 -1 -1 1 -1 1 0 0 -1 -1 0 -1 0 1 -1 0 0 0 1 -1 -1 1 1 1 0 0 -1 
1 1 0 -1 1 1 0 0 0 1 1 0 0 1 0 1 0 -1 -1 -1 1 -1 1 -1 0 1 -1 1 0 0 -1 1 -1 1 0 0 1 0 0 0 0 0 1 0 0 1 0 1 0 1 0 1 0 1 1 1 1 -1 -1 0 0 -1 1 -1 0 -1 0 1 -1 1 1 0 -1 1 1 1 0 1 -1 -1 1 0 1 -1 1 1 1 0 -1 0 0 -1 -1 1 0 0 0 0 0 0 
0 0 1 0 1 1 0 -1 -1 1 0 0 -1 1 0 0 0 0 0 0 1 -1 1 -1 1 0 0 0 0 0 1 0 0 0 1 1 0 0 0 0 0 -1 0 -1 -1 -1 -1 1 0 -1 -1 0 0 0 1 -1 0 0 0 0 0 0 -1 0 0 -1 -1 0 1 -1 1 -1 0 -1 0 0 0 0 0 0 1 0 0 -1 1 0 0 1 1 0 0 0 0 -1 -1 0 0 1 0 0 
1 0 0 -1 1 -1 1 1 -1 -1 -1 -1 0 0 -1 0 0 0 0 1 0 0 0 1 0 0 -1 -1 1 0 0 1 0 0 1 0 1 -1 0 0 0 1 0 0 -1 1 0 0 0 0 -1 1 0 1 -1 0 -1 1 -1 -1 1 0 0 1 0 -1 -1 1 -1 -1 0 0 1 0 1 -1 -1 1 -1 0 1 0 0 0 0 0 0 0 1 -1 0 1 1 0 1 0 -1 0 0 1 
0 0 0 -1 -1 -1 0 1 -1 1 0 0 1 0 1 0 -1 -1 0 1 0 1 1 1 0 0 1 1 1 0 -1 1 0 0 1 1 1 0 1 -1 1 0 0 0 -1 0 0 1 0 0 1 0 1 0 0 1 0 1 -1 0 -1 0 1 0 -1 0 -1 -1 0 -1 0 0 0 0 0 0 1 0 0 1 -1 0 1 -1 0 1 0 1 -1 -1 1 1 0 -1 1 -1 1 1 1 0 
0 0 0 -1 0 -1 0 0 0 0 0 1 0 1 0 -1 0 0 -1 1 0 0 0 -1 1 1 0 1 0 0 0 1 -1 -1 1 0 0 -1 -1 1 1 0 0 1 0 0 0 0 0 0 0 0 -1 0 0 0 1 -1 0 0 0 1 -1 0 -1 1 1 0 0 0 -1 0 0 0 -1 0 1 0 -1 0 1 -1 1 1 -1 -1 1 1 0 0 0 0 1 -1 0 1 0 0 1 0 
1 1 1 0 0 0 0 0 0 0 -1 0 1 1 0 0 0 1 -1 0 0 0 1 1 0 -1 0 -1 -1 0 -1 -1 0 0 0 1 1 1 0 -1 0 1 0 0 1 0 1 0 -1 0 1 0 1 0 0 1 -1 0 0 -1 1 0 -1 -1 0 1 0 -1 1 1 0 0 -1 0 1 0 0 0 -1 0 0 0 -1 -1 1 0 -1 0 -1 -1 1 0 0 -1 -1 -1 0 1 1 0 
-1 0 -1 1 0 -1 1 0 0 0 -1 0 0 0 1 1 -1 0 -1 0 0 0 0 1 -1 -1 0 -1 0 0 0 1 0 0 1 0 0 0 0 0 -1 0 -1 0 -1 1 0 0 -1 -1 -1 0 -1 0 0 1 -1 0 -1 1 0 0 0 -1 0 0 0 1 -1 -1 0 0 -1 -1 -1 0 -1 -1 1 0 -1 1 -1 1 0 -1 1 0 1 -1 1 1 1 0 0 1 0 0 0 1 
0 0 1 1 0 0 0 0 0 0 0 0 1 -1 1 0 0 0 -1 0 0 -1 1 1 0 0 0 0 1 -1 0 0 1 0 1 1 1 0 -1 1 1 -1 0 0 1 0 0 -1 -1 1 0 1 1 0 0 0 0 0 1 -1 0 0 0 -1 -1 1 0 0 0 1 -1 0 0 0 1 0 0 -1 0 -1 0 1 -1 0 1 0 1 0 -1 0 1 1 -1 -1 1 1 0 0 0 -1 
1 -1 -1 0 0 0 -1 0 1 0 0 0 0 -1 1 -1 -1 -1 0 1 0 -1 1 -1 0 -1 0 -1 1 -1 -1 1 0 1 1 0 0 0 1 -1 0 0 -1 1 -1 -1 0 -1 1 1 1 0 0 0 0 1 0 0 0 0 0 1 1 0 0 -1 0 -1 0 0 1 1 1 1 0 0 -1 -1 0 -1 1 1 0 1 1 0 0 0 -1 0 1 0 1 0 1 0 -1 0 0 0 
0 0 -1 1 0 1 1 0 -1 -1 0 0 0 1 0 -1 -1 1 -1 1 0 0 0 0 -1 0 0 -1 0 1 0 -1 1 -1 1 1 0 0 1 1 1 -1 0 0 0 0 0 0 0 0 1 0 1 0 0 0 -1 -1 0 0 -1 1 -1 0 1 -1 0 -1 0 1 0 1 0 1 0 0 0 0 -1 0 1 0 -1 0 0 1 0 -1 1 0 -1 0 0 -1 1 1 -1 1 -1 0 
0 0 -1 0 0 -1 -1 -1 0 0 0 -1 0 -1 -1 0 0 1 0 0 0 -1 1 1 -1 0 0 1 0 1 0 -1 -1 1 1 1 0 1 1 0 0 0 -1 0 0 0 0 0 0 -1 -1 -1 0 0 -1 0 0 1 1 0 0 0 -1 1 0 0 -1 0 1 0 0 0 -1 0 -1 0 0 0 -1 1 1 0 -1 1 0 1 0 0 0 -1 0 -1 1 0 0 0 0 -1 1 0 
-1 0 0 -1 1 -1 1 0 0 0 0 1 -1 0 0 0 0 0 0 0 1 0 0 -1 0 0 0 0 -1 -1 -1 -1 0 1 -1 -1 0 -1 0 -1 1 0 1 0 -1 -1 0 0 -1 -1 0 1 0 0 -1 1 -1 1 0 0 0 -1 0 0 1 1 1 0 0 -1 0 -1 0 -1 0 1 0 1 0 1 1 -1 0 1 0 0 0 1 0 1 -1 -1 0 0 0 0 -1 0 1 -1 
0 -1 0 0 0 0 0 -1 0 0 -1 -1 -1 -1 0 0 -1 0 0 -1 0 -1 -1 -1 0 0 1 0 0 -1 1 -1 0 1 0 1 -1 0 1 0 0 0 0 1 1 0 -1 -1 0 1 -1 -1 1 0 -1 0 0 -1 -1 0 0 0 -1 1 1 0 0 0 0 1 -1 0 0 0 1 -1 1 -1 0 1 0 0 0 0 1 0 1 0 1 -1 -1 0 -1 0 0 0 0 0 1 1 
-1 -1 0 1 -1 0 0 0 1 -1 0 1 0 -1 1 0 0 -1 0 0 -1 0 1 1 0 1 1 1 1 -1 1 0 1 0 0 1 0 0 -1 0 0 -1 0 0 0 0 -1 -1 -1 1 0 -1 1 1 -1 0 1 0 0 -1 0 1 -1 0 1 0 0 -1 1 1 0 -1 -1 1 -1 0 0 0 -1 0 0 0 -1 1 0 1 -1 0 0 1 0 -1 0 -1 -1 -1 0 1 -1 0 
1 1 0 0 1 0 0 1 1 -1 0 0 -1 1 -1 0 0 0 1 0 0 -1 -1 1 1 0 0 0 1 0 0 0 1 1 -1 0 0 0 -1 0 -1 0 1 -1 -1 0 1 -1 0 -1 0 0 0 0 0 0 0 0 1 0 -1 0 0 -1 0 -1 1 0 0 0 1 0 0 -1 1 1 0 1 0 -1 -1 -1 1 0 0 0 -1 1 -1 0 0 1 0 0 -1 -1 0 0 1 0 
0 0 1 0 -1 0 0 1 -1 0 -1 0 -1 0 -1 0 1 0 0 1 0 0 0 -1 1 1 0 1 -1 0 -1 0 -1 0 0 0 0 1 0 0 0 0 0 -1 1 0 -1 -1 0 0 0 1 1 0 0 0 0 1 1 -1 1 -1 1 1 -1 1 -1 1 -1 0 0 -1 -1 0 -1 -1 1 0 -1 0 -1 -1 0 -1 0 0 0 -1 1 -1 1 0 0 0 0 0 0 0 1 -1 
0 1 1 0 0 -1 0 0 -1 1 1 0 0 1 1 -1 0 1 1 0 1 0 1 0 -1 0 1 0 1 0 0 -1 1 0 -1 0 1 -1 0 0 1 0 -1 0 0 1 -1 0 0 0 0 0 -1 0 0 1 0 1 0 -1 -1 -1 1 0 0 0 1 1 0 0 0 1 0 1 1 1 1 0 0 -1 -1 0 -1 1 -1 0 0 0 1 -1 1 0 0 0 0 0 0 0 0 0 
1 0 1 0 0 -1 -1 0 1 0 -1 0 -1 0 -1 1 -1 1 1 0 1 1 -1 1 -1 1 1 0 0 0 0 0 1 -1 0 -1 0 -1 -1 0 0 0 1 1 0 -1 1 0 0 0 0 0 -1 1 1 0 0 -1 0 -1 -1 -1 -1 0 -1 0 -1 0 0 0 0 0 0 1 0 1 -1 -1 0 1 -1 0 1 0 0 1 0 1 1 0 -1 0 -1 0 0 0 -1 0 1 0 
1 -1 0 0 -1 -1 0 -1 0 0 -1 0 -1 0 0 0 -1 0 0 0 0 0 0 1 -1 0 0 -1 -1 -1 -1 -1 1 0 1 1 1 0 0 1 -1 0 0 0 0 0 1 0 1 -1 1 1 0 1 -1 0 0 1 1 1 -1 0 0 0 0 -1 -1 0 0 1 1 0 1 1 0 0 -1 0 1 0 0 -1 0 0 0 -1 0 0 0 0 -1 0 -1 0 -1 1 0 0 0 1 
0 -1 0 1 -1 0 1 0 1 0 0 0 -1 -1 0 -1 -1 1 0 0 0 0 0 -1 -1 0 0 -1 0 1 0 0 0 0 1 -1 0 1 0 -1 1 0 0 1 0 -1 -1 0 1 0 0 1 1 1 1 1 1 0 -1 1 0 -1 0 1 0 -1 0 1 1 -1 0 1 1 0 0 1 1 0 0 1 0 1 -1 0 0 0 -1 -1 0 0 -1 1 0 -1 0 1 0 0 -1 1 

1 9 4 6 7 8 2 6 4 2 2 7 6 8 3 10 9 8 6 3 6 2 1 6 3 2 5 9 9 4 10 7 4 7 4 2 4 8 9 4 5 9 8 9 3 10 5 8 9 8 