20 40
-1 0 -1 -1 0 0 0 1 1 -1 -1 -1 1 1 -1 0 0 0 0 1 -1 -1 0 0 1 -1 -1 1 0 0 0 0 1 -1 0 0 -1 -1 0 0 
-1 0 0 -1 0 0 0 0 0 0 0 0 1 1 0 -1 0 -1 0 0 0 0 0 0 -1 1 -1 0 -1 0 -1 1 0 -1 1 1 0 1 1 -1 
0 1 0 -1 -1 1 -1 1 0 0 -1 -1 0 -1 -1 -1 0 0 0 1 0 -1 0 0 -1 1 0 -1 1 1 1 -1 -1 0 0 0 1 0 0 1 
0 1 1 -1 0 0 1 0 0 0 0 0 -1 1 1 1 -1 1 -1 1 0 0 1 -1 0 0 1 1 0 -1 -1 0 -1 1 0 0 -1 -1 -1 -1 
-1 1 1 1 0 0 1 0 -1 1 1 -1 0 -1 0 0 0 -1 1 1 0 -1 1 0 -1 0 0 0 0 0 1 0 1 -1 1 -1 0 1 1 -1 
-1 -1 0 0 1 0 1 0 0 0 1 -1 -1 -1 0 1 1 0 -1 0 0 -1 0 -1 0 0 0 -1 0 1 0 0 1 0 0 -1 1 0 0 0 
-1 0 0 -1 -1 0 0 1 0 0 1 1 0 1 1 1 -1 0 1 0 -1 0 1 0 0 1 0 0 -1 0 1 1 0 0 -1 0 1 -1 -1 1 
1 1 1 -1 -1 -1 -1 0 -1 -1 0 0 -1 0 0 -1 0 0 1 1 -1 0 0 1 -1 0 1 1 1 -1 -1 1 -1 1 1 0 0 0 -1 -1 
1 0 1 0 1 1 1 0 -1 -1 1 -1 0 -1 0 -1 1 1 -1 -1 1 0 1 0 1 -1 0 0 1 1 1 0 1 0 0 -1 -1 1 0 0 
0 0 1 0 1 1 0 0 0 1 1 1 0 -1 0 0 0 -1 1 0 0 0 1 1 1 0 0 1 1 0 -1 1 0 0 0 1 -1 1 0 1 
1 0 1 0 -1 1 0 0 0 -1 -1 1 1 1 -1 1 0 0 0 0 1 0 1 1 1 0 -1 0 1 0 1 0 0 -1 -1 -1 0 0 -1 1 
1 -1 -1 0 0 -1 0 -1 -1 -1 -1 -1 0 0 -1 -1 1 1 0 0 -1 0 0 0 -1 0 0 -1 -1 -1 -1 1 1 0 -1 -1 0 0 -1 0 
0 0 0 0 1 0 -1 0 1 -1 0 1 0 0 -1 -1 1 -1 -1 1 -1 -1 0 0 -1 0 0 -1 1 0 1 1 0 0 0 1 0 -1 0 0 
0 -1 0 -1 1 1 1 -1 0 -1 1 0 0 1 0 -1 0 1 0 -1 -1 -1 0 -1 0 0 1 0 -1 -1 -1 0 1 0 -1 1 0 -1 0 0 
0 1 -1 1 1 0 -1 -1 0 1 0 0 0 0 0 -1 0 0 1 -1 -1 -1 0 1 0 0 0 -1 1 1 0 -1 -1 0 0 0 0 0 0 -1 
0 0 1 -1 1 -1 1 0 1 -1 0 1 0 1 0 1 1 0 1 0 1 1 0 0 1 1 -1 0 -1 -1 1 -1 0 0 -1 0 1 -1 -1 1 
-1 0 0 0 1 1 -1 -1 1 -1 1 1 0 0 1 -1 -1 -1 0 -1 -1 1 -1 0 0 0 0 1 0 1 1 0 0 0 -1 1 -1 0 0 1 
0 1 0 1 0 -1 -1 0 0 1 1 -1 0 -1 -1 0 1 -1 1 1 0 -1 1 0 0 1 1 0 0 0 -1 -1 1 0 -1 0 1 -1 1 -1 
-1 -1 0 1 1 1 0 -1 1 0 1 -1 0 0 -1 -1 -1 0 0 0 -1 1 0 -1 -1 -1 -1 -1 0 0 0 -1 0 1 0 1 -1 1 0 0 
0 -1 1 -1 1 -1 -1 -1 0 0 0 -1 1 0 0 0 0 0 1 1 0 0 0 0 0 0 0 0 0 0 1 1 0 0 0 0 1 1 1 1 

2 2 9 1 3 10 3 6 8 1 9 5 1 5 8 3 9 4 9 7 