50 100
1 0 0 -1 -1 0 1 0 0 1 -1 0 0 -1 0 0 0 0 0 0 1 -1 0 0 1 1 1 1 0 0 1 0 -1 0 0 0 -1 -1 -1 0 1 0 1 -1 1 1 -1 1 0 0 1 1 -1 1 0 -1 0 -1 0 -1 -1 0 -1 -1 1 1 0 0 0 1 0 0 -1 0 0 0 0 0 1 0 0 1 -1 0 0 -1 -1 1 1 0 1 0 0 -1 0 1 0 1 1 -1 
-1 1 0 1 0 1 0 0 -1 1 1 -1 1 1 0 1 0 -1 1 -1 0 0 0 0 0 1 0 0 0 -1 0 1 1 -1 1 0 1 0 0 0 0 1 -1 -1 -1 0 0 0 0 0 1 1 0 -1 1 -1 1 0 0 -1 0 1 -1 0 1 1 0 0 -1 1 1 -1 -1 0 0 0 0 -1 0 0 0 1 0 1 0 1 0 0 1 0 1 0 0 -1 -1 1 0 0 1 0 
1 0 -1 -1 0 0 0 0 -1 0 0 0 1 -1 0 0 -1 1 1 0 1 1 0 0 1 -1 -1 1 0 1 -1 0 1 0 1 0 1 -1 0 1 -1 -1 0 1 0 0 1 -1 -1 0 0 0 0 -1 0 1 1 0 0 -1 -1 -1 -1 0 0 0 0 0 0 0 0 0 1 0 1 1 -1 0 1 0 0 1 0 0 -1 1 -1 1 0 0 0 -1 0 0 0 1 1 -1 -1 0 
-1 1 0 -1 0 -1 0 1 0 -1 0 1 1 0 -1 1 0 1 0 -1 0 0 1 0 1 0 0 -1 -1 0 1 -1 -1 0 1 1 0 -1 -1 0 -1 0 -1 0 -1 0 0 1 0 0 0 0 0 1 -1 0 0 1 0 0 0 1 1 0 0 0 0 0 1 -1 1 -1 -1 0 -1 1 0 -1 0 1 0 -1 1 0 0 0 0 0 1 0 0 -1 0 0 0 -1 -1 0 -1 -1 
1 1 -1 -1 1 0 -1 1 0 1 1 0 0 -1 0 0 0 0 1 -1 0 1 0 1 -1 1 1 -1 0 0 1 0 -1 0 0 0 1 -1 0 -1 1 -1 0 0 0 0 0 0 1 0 0 0 -1 0 0 0 0 1 0 0 -1 0 1 0 1 1 1 1 0 0 1 0 1 0 1 1 0 0 1 -1 -1 1 -1 0 0 0 0 0 0 1 0 0 -1 0 1 1 0 1 0 0 
1 1 -1 1 0 1 -1 0 -1 0 0 0 1 0 1 1 0 1 -1 0 0 -1 -1 0 1 1 0 0 1 1 -1 1 1 0 -1 -1 0 -1 0 0 0 0 0 0 -1 1 0 -1 -1 1 0 0 1 0 1 0 0 0 0 -1 1 -1 -1 0 0 0 0 -1 -1 1 0 1 1 -1 -1 -1 1 -1 0 0 0 -1 1 0 -1 0 1 -1 -1 -1 0 0 0 0 -1 0 -1 1 0 0 
-1 0 0 0 0 0 -1 -1 0 1 1 0 0 1 0 0 1 -1 0 1 0 -1 0 0 -1 0 0 0 1 0 0 0 1 0 0 0 -1 0 0 0 1 0 -1 -1 1 0 1 0 -1 0 1 -1 -1 0 0 0 -1 1 0 1 -1 0 0 0 1 1 1 -1 0 0 1 0 -1 -1 0 1 -1 0 1 0 1 0 1 0 1 0 -1 1 1 0 0 1 0 0 -1 0 -1 1 0 -1 
0 0 1 0 -1 0 1 0 -1 0 0 0 1 -1 0 -1 -1 1 0 -1 0 1 0 -1 1 1 -1 0 1 -1 0 0 0 1 0 -1 0 0 0 -1 -1 1 0 1 1 1 0 0 -1 0 1 -1 0 1 0 1 0 -1 1 -1 -1 0 0 0 -1 0 -1 1 1 1 1 1 -1 -1 0 0 -1 1 0 0 1 -1 -1 0 -1 0 0 0 -1 0 1 1 0 0 -1 0 0 0 1 0 
0 0 0 0 0 0 -1 0 0 0 0 1 0 1 1 -1 -1 0 0 1 0 1 0 1 0 1 0 0 -1 1 0 -1 0 0 0 -1 1 1 -1 -1 -1 1 -1 -1 -1 1 -1 0 -1 0 0 1 0 -1 0 1 0 0 0 0 1 0 0 -1 -1 1 1 0 0 1 1 -1 0 0 -1 -1 -1 0 0 0 -1 0 0 0 1 0 0 0 -1 1 0 0 0 1 0 -1 0 0 0 0 
-1 1 0 0 0 0 0 1 0 0 -1 1 -1 1 0 -1 0 0 1 -1 1 -1 1 0 0 0 1 -1 -1 0 0 0 0 -1 -1 0 1 0 1 1 0 0 1 0 -1 0 0 -1 1 0 1 0 1 -1 -1 -1 1 -1 1 0 1 0 0 1 0 -1 0 0 1 -1 -1 -1 0 -1 -1 0 0 0 1 0 1 0 -1 1 0 0 0 0 1 0 0 1 1 0 0 -1 -1 0 -1 0 
0 -1 0 1 0 0 1 1 1 0 -1 0 0 -1 0 -1 0 -1 1 0 1 -1 -1 0 -1 0 -1 1 0 0 -1 1 0 -1 0 0 0 0 -1 0 0 -1 -1 0 0 0 -1 1 0 0 0 1 0 0 0 1 0 1 -1 0 0 0 0 0 0 -1 0 1 -1 -1 -1 1 -1 1 0 -1 -1 0 0 0 0 1 -1 -1 -1 1 0 0 0 0 -1 -1 0 0 1 1 -1 -1 0 0 
-1 -1 -1 -1 0 1 1 1 -1 0 1 -1 0 0 1 -1 0 0 0 1 1 0 0 0 -1 -1 0 1 0 0 0 1 1 0 1 0 0 -1 0 -1 -1 -1 1 1 0 -1 0 0 0 1 1 0 1 0 -1 1 0 1 1 -1 0 0 0 0 0 -1 0 -1 -1 1 1 0 1 0 1 1 1 0 0 -1 0 1 1 0 0 -1 0 -1 -1 0 -1 0 0 0 0 0 0 0 -1 -1 
0 0 1 -1 0 0 0 -1 0 0 1 0 0 -1 -1 1 0 0 -1 1 0 0 0 0 1 0 0 1 0 0 -1 0 1 0 0 0 0 0 0 0 -1 0 0 0 1 1 0 1 0 1 -1 1 1 -1 0 0 0 -1 -1 0 1 0 0 0 1 0 0 -1 0 0 -1 0 -1 0 -1 0 0 1 0 1 0 -1 0 -1 -1 1 0 0 -1 -1 -1 1 0 0 0 0 1 -1 1 -1 
0 -1 1 0 0 0 0 -1 0 1 0 0 -1 1 1 0 1 0 0 1 1 1 0 0 0 0 1 -1 0 0 0 1 -1 1 0 -1 0 0 0 0 0 -1 1 0 0 1 0 0 0 -1 0 1 1 0 0 1 0 -1 -1 0 1 0 0 1 -1 1 0 0 0 0 1 0 -1 0 -1 -1 0 1 1 0 0 -1 0 0 0 0 0 1 0 1 -1 0 -1 1 -1 0 0 0 1 -1 
1 1 -1 0 0 0 0 1 0 -1 0 0 0 1 0 -1 1 0 -1 0 1 1 -1 0 0 1 0 -1 1 -1 1 0 0 0 -1 0 0 0 0 1 0 0 0 -1 0 0 1 0 0 0 -1 0 0 0 0 0 0 0 0 -1 -1 1 -1 1 -1 -1 1 0 1 1 1 0 1 0 -1 0 -1 0 0 -1 0 0 0 1 0 0 0 -1 -1 -1 1 0 0 -1 -1 0 -1 1 1 -1 
0 0 0 -1 0 1 1 -1 1 0 1 0 1 1 1 0 0 0 0 1 -1 1 0 0 1 1 -1 0 -1 1 -1 0 1 0 -1 -1 0 1 0 -1 0 1 1 -1 0 1 0 -1 -1 1 -1 0 1 1 0 0 0 -1 -1 1 0 -1 1 0 0 0 1 -1 1 1 -1 1 -1 1 0 0 -1 -1 -1 -1 0 -1 1 0 0 0 1 0 0 0 -1 0 -1 0 1 0 -1 0 -1 1 
-1 -1 0 1 1 -1 1 0 -1 -1 -1 0 0 0 1 -1 -1 0 0 -1 1 1 1 0 1 1 0 -1 0 1 0 0 0 1 1 -1 0 0 -1 1 0 0 -1 0 -1 1 1 -1 -1 0 1 0 0 -1 0 1 1 -1 0 0 1 1 0 0 0 1 1 0 -1 1 0 0 1 1 0 0 0 0 -1 0 1 1 0 0 0 0 0 -1 -1 -1 -1 0 0 1 0 -1 0 0 0 0 
0 0 0 0 1 1 1 1 1 0 -1 0 -1 -1 0 0 -1 1 1 -1 1 0 0 0 0 -1 -1 1 0 1 0 1 0 0 1 0 0 -1 0 -1 0 0 0 0 0 0 -1 0 0 1 -1 1 1 -1 0 0 1 0 -1 0 0 -1 1 0 0 0 -1 1 -1 1 0 0 0 1 0 -1 0 1 1 -1 -1 0 0 0 1 1 1 0 0 0 1 0 -1 1 -1 0 0 1 0 0 
1 1 0 0 0 1 -1 1 1 0 0 1 1 -1 -1 1 -1 1 0 0 -1 0 -1 1 1 1 -1 1 0 1 0 -1 1 0 0 -1 0 1 0 1 1 -1 1 0 1 0 0 1 0 0 0 -1 0 -1 -1 0 0 -1 0 0 1 0 1 0 0 0 -1 0 0 1 -1 -1 1 -1 0 0 0 -1 0 0 -1 0 0 -1 -1 0 1 0 0 0 0 0 -1 -1 0 0 -1 1 -1 0 
-1 0 0 -1 0 0 0 -1 0 1 0 0 0 0 0 0 0 -1 0 0 -1 1 1 0 1 1 1 -1 0 0 1 0 0 -1 0 0 1 0 -1 1 -1 0 1 -1 0 1 0 -1 0 0 0 -1 -1 1 -1 0 1 -1 0 0 0 0 1 0 1 -1 0 0 1 0 0 0 -1 -1 0 0 1 1 0 0 0 -1 0 0 0 0 0 1 0 -1 0 1 0 1 1 -1 0 0 -1 0 
1 0 0 0 -1 1 -1 -1 0 -1 0 0 0 0 0 0 0 1 1 0 1 -1 0 0 1 1 -1 0 -1 0 -1 0 0 1 0 -1 1 0 -1 -1 -1 1 0 1 0 0 1 0 1 0 0 1 -1 0 0 0 -1 0 -1 1 0 0 0 -1 0 1 0 1 -1 -1 0 1 1 0 0 1 0 0 1 1 0 0 -1 0 0 0 1 -1 0 -1 1 0 -1 0 -1 1 0 1 0 1 
0 -1 -1 -1 -1 -1 -1 0 -1 -1 0 0 -1 0 1 0 1 -1 0 0 -1 1 -1 1 0 0 0 0 1 -1 -1 0 1 0 -1 0 -1 0 -1 0 -1 1 0 0 0 -1 0 0 1 -1 -1 0 1 0 1 -1 0 1 0 0 0 0 1 0 0 0 0 0 1 1 1 0 1 0 1 1 -1 -1 0 0 -1 0 1 0 0 0 0 1 1 0 1 -1 0 1 0 0 0 -1 0 -1 
0 0 0 -1 0 0 -1 -1 0 -1 0 -1 1 -1 0 -1 -1 -1 -1 0 0 0 -1 1 1 0 0 0 0 -1 -1 0 -1 1 0 0 0 0 1 -1 0 0 0 0 0 0 0 0 0 -1 -1 -1 1 0 -1 1 0 0 1 0 0 -1 1 1 1 0 0 1 -1 -1 -1 0 0 0 0 1 1 -1 -1 0 1 -1 1 -1 -1 1 1 0 0 -1 -1 1 0 0 -1 -1 0 -1 1 0 
1 0 -1 0 0 0 1 -1 -1 0 0 0 1 -1 -1 1 0 -1 -1 1 0 1 0 0 0 0 1 0 1 -1 1 1 -1 1 0 0 0 0 -1 0 1 0 0 0 1 -1 -1 -1 -1 0 -1 -1 -1 1 0 0 1 1 0 1 0 0 -1 1 -1 1 0 1 1 1 1 0 -1 0 0 0 -1 1 1 0 1 0 0 -1 -1 1 0 0 1 0 1 1 -1 0 0 1 0 0 0 1 
-1 0 -1 1 1 0 1 0 0 1 1 -1 -1 -1 0 1 1 1 0 0 1 -1 -1 1 0 -1 0 0 1 -1 1 0 0 0 1 -1 0 0 1 1 0 0 0 0 0 0 0 0 0 -1 0 0 0 -1 1 1 1 0 -1 -1 0 0 0 1 -1 -1 -1 -1 -1 -1 0 0 -1 0 0 1 1 -1 -1 0 0 1 -1 1 0 -1 -1 0 0 -1 0 0 -1 0 -1 1 0 1 -1 0 
1 1 1 1 1 1 -1 0 0 0 0 -1 -1 0 0 1 0 1 1 -1 -1 0 0 0 0 0 0 0 1 0 0 1 1 1 0 0 0 1 0 -1 -1 -1 0 1 0 -1 0 0 1 1 1 0 0 0 0 1 -1 -1 0 1 0 1 -1 -1 -1 1 0 0 1 0 1 0 0 -1 -1 1 1 1 1 0 -1 0 1 -1 -1 0 -1 1 -1 0 1 0 0 1 -1 0 1 0 0 0 
-1 0 1 0 1 1 0 1 0 -1 1 -1 0 0 0 1 0 0 0 1 0 -1 0 -1 1 1 -1 0 -1 0 0 0 0 0 0 0 0 -1 -1 0 0 0 1 0 1 -1 0 1 0 1 -1 0 0 0 1 0 1 0 0 1 1 1 0 0 0 0 -1 -1 1 -1 0 -1 -1 0 0 -1 0 -1 0 0 0 -1 1 -1 -1 0 1 1 -1 0 1 -1 1 1 0 0 1 1 1 0 
1 0 1 0 -1 0 -1 1 0 -1 0 -1 -1 -1 0 1 0 0 0 0 -1 -1 0 -1 0 -1 -1 1 1 0 -1 -1 1 -1 0 1 1 -1 -1 -1 -1 1 1 1 1 0 0 -1 1 0 -1 1 0 0 0 0 1 -1 -1 0 1 0 0 0 1 0 0 0 0 0 1 -1 -1 0 0 0 1 1 -1 0 1 0 0 0 1 1 0 0 1 0 1 0 -1 0 -1 0 0 1 0 0 
-1 -1 0 -1 0 0 -1 -1 -1 0 -1 0 0 -1 0 0 0 0 0 0 -1 1 0 0 0 0 -1 0 0 1 0 1 -1 -1 1 -1 0 -1 -1 0 -1 1 0 0 0 1 1 1 0 1 1 0 0 1 -1 0 0 -1 -1 0 0 1 1 0 0 0 0 0 -1 0 -1 1 1 0 0 0 -1 0 -1 -1 0 0 -1 -1 0 0 -1 1 0 -1 -1 0 0 -1 0 1 1 0 0 0 
0 1 1 0 0 -1 0 0 0 0 -1 -1 0 1 -1 0 -1 0 0 1 -1 1 0 -1 0 0 1 1 0 1 1 1 0 1 0 1 0 0 -1 0 1 0 -1 0 -1 -1 0 1 -1 0 0 1 -1 -1 -1 1 0 0 0 1 1 0 0 1 1 0 1 0 1 1 0 0 0 1 0 -1 -1 0 0 1 0 1 0 0 0 0 1 -1 -1 1 0 0 0 -1 -1 1 -1 -1 -1 0 
1 -1 0 1 -1 -1 0 -1 1 -1 0 0 1 0 0 -1 0 1 0 1 1 1 1 1 1 -1 -1 0 1 0 0 0 -1 0 0 1 1 1 -1 1 1 0 0 0 1 0 1 1 1 0 1 -1 -1 -1 0 -1 0 0 1 -1 0 -1 0 1 0 -1 -1 0 0 0 -1 0 0 1 -1 1 -1 0 0 0 1 -1 1 0 0 -1 -1 0 0 0 0 -1 1 0 0 1 1 0 0 -1 
-1 1 -1 0 0 1 1 0 -1 0 1 0 1 0 1 1 1 1 0 -1 1 -1 1 1 -1 -1 1 0 1 0 -1 0 -1 0 1 0 0 0 1 0 -1 0 1 1 0 -1 1 0 0 -1 0 0 0 -1 1 0 1 0 0 -1 -1 -1 -1 0 -1 0 0 0 0 1 -1 -1 0 1 0 0 -1 0 1 -1 0 0 0 0 0 0 -1 -1 0 0 0 1 1 0 0 1 -1 0 -1 0 
-1 -1 0 0 1 -1 1 0 0 0 0 -1 1 -1 -1 0 0 0 -1 0 0 0 1 1 -1 0 0 0 0 -1 0 0 -1 1 1 0 -1 0 -1 -1 -1 -1 -1 0 -1 1 0 1 0 0 -1 0 1 -1 0 0 1 1 0 1 0 0 0 1 -1 0 0 -1 1 1 0 1 0 -1 0 -1 -1 1 -1 0 0 0 -1 1 1 -1 0 0 0 -1 -1 0 0 0 1 0 -1 0 -1 0 
0 1 1 0 0 0 0 1 0 -1 0 0 0 1 0 0 0 0 -1 0 0 0 1 0 0 -1 -1 1 -1 0 1 0 -1 1 0 -1 0 0 0 1 0 0 0 0 1 1 -1 1 1 -1 -1 1 -1 -1 -1 -1 1 0 1 1 -1 0 0 -1 0 0 1 -1 0 0 -1 -1 1 0 0 1 -1 -1 0 -1 -1 -1 -1 -1 1 -1 0 1 1 0 0 0 0 1 1 -1 -1 1 -1 0 
-1 0 0 -1 0 0 -1 -1 0 1 -1 -1 0 -1 1 0 0 -1 0 0 1 0 1 0 0 1 1 -1 -1 -1 1 0 -1 0 0 0 -1 0 1 0 0 1 1 1 -1 0 0 0 1 0 0 -1 0 0 1 1 0 -1 1 -1 1 0 -1 -1 1 0 0 -1 1 1 0 -1 1 0 1 0 1 0 0 0 0 0 -1 0 1 1 0 1 0 0 0 -1 0 1 -1 1 0 1 0 0 
0 -1 -1 -1 -1 1 1 0 1 0 -1 0 0 0 1 0 -1 -1 0 1 1 -1 0 0 0 0 1 0 1 -1 1 -1 1 1 0 -1 -1 0 1 0 0 -1 0 0 0 0 0 0 0 1 0 -1 0 0 -1 0 -1 -1 -1 0 0 0 0 0 0 0 1 1 0 -1 0 1 0 1 -1 -1 1 1 0 -1 1 0 0 0 1 1 0 0 0 0 1 0 0 1 0 1 0 0 -1 0 
0 0 1 1 0 0 0 1 1 0 -1 -1 0 0 1 0 -1 1 0 0 0 -1 -1 -1 1 0 0 0 1 0 0 -1 1 0 0 -1 1 0 -1 1 1 0 1 -1 1 0 0 0 0 1 0 -1 1 0 0 0 1 1 -1 1 0 0 1 0 0 1 0 1 1 -1 1 -1 -1 0 -1 0 0 0 1 -1 -1 1 -1 0 -1 0 1 0 -1 0 -1 0 -1 0 1 -1 -1 1 0 0 
1 -1 0 -1 1 -1 0 1 -1 0 1 0 0 1 1 0 -1 0 1 -1 0 0 0 0 1 0 1 0 -1 1 0 1 1 0 1 1 1 0 0 0 0 0 0 0 0 0 0 1 0 1 -1 0 1 1 -1 -1 0 0 0 -1 0 0 0 1 1 0 -1 0 -1 1 0 -1 -1 1 -1 1 0 -1 0 0 0 0 -1 0 0 0 0 -1 1 1 1 0 0 1 0 1 0 -1 0 -1 
1 0 -1 -1 0 -1 0 1 0 1 0 0 0 -1 -1 0 1 0 -1 -1 1 -1 0 0 0 0 0 -1 0 0 0 1 -1 0 0 1 0 0 -1 0 1 1 0 -1 1 0 1 -1 1 0 -1 -1 -1 0 1 0 -1 0 0 1 0 1 -1 0 0 -1 0 0 1 0 1 0 1 0 0 1 -1 1 1 0 -1 0 1 1 -1 1 1 0 1 0 0 1 0 -1 0 0 1 1 0 -1 
0 0 0 1 0 1 1 1 1 0 0 0 1 1 1 1 -1 0 -1 -1 0 -1 1 1 1 0 -1 0 -1 0 -1 0 0 1 0 1 1 -1 1 -1 0 1 0 -1 0 0 -1 -1 -1 1 1 -1 0 0 1 0 -1 -1 0 0 1 1 0 -1 -1 -1 0 1 -1 -1 1 0 1 -1 0 0 0 0 -1 0 1 0 1 0 1 -1 -1 1 0 1 0 0 1 -1 1 0 -1 -1 0 -1 
0 0 1 0 0 0 1 1 1 -1 0 0 -1 0 0 0 1 -1 1 -1 0 0 0 0 0 0 0 0 1 0 -1 -1 0 -1 1 0 0 -1 0 -1 0 0 0 0 0 -1 1 0 1 1 1 1 1 1 1 1 0 1 0 0 1 -1 0 -1 0 0 -1 1 0 1 0 0 0 1 0 1 0 0 0 0 0 0 -1 0 -1 0 0 1 -1 0 0 0 -1 1 -1 0 -1 -1 1 -1 
-1 0 -1 1 1 0 0 0 0 1 0 -1 0 -1 0 1 -1 1 1 1 -1 1 0 -1 1 -1 -1 0 1 0 0 0 1 0 1 0 1 0 -1 0 0 -1 0 0 0 0 0 1 -1 1 1 1 -1 0 0 0 1 1 1 -1 0 1 1 0 1 -1 -1 0 -1 1 -1 -1 -1 0 0 -1 1 -1 0 1 0 0 0 1 0 0 0 0 0 0 0 1 -1 -1 0 1 0 -1 0 1 
1 0 0 0 -1 1 -1 0 0 1 0 0 0 -1 0 1 -1 -1 0 -1 -1 1 0 1 0 -1 1 1 0 0 0 1 0 0 1 1 -1 0 1 1 0 0 -1 0 0 0 -1 0 0 0 0 1 0 0 1 0 0 0 0 -1 1 1 0 -1 0 0 0 -1 -1 0 1 0 -1 1 0 0 0 0 0 0 1 -1 1 -1 -1 1 0 0 0 0 1 -1 0 0 -1 1 -1 0 0 -1 
0 -1 -1 0 -1 1 1 0 1 0 -1 1 -1 0 0 -1 1 1 0 0 0 0 0 1 0 0 0 -1 0 0 0 -1 1 -1 -1 1 0 0 0 0 -1 1 1 1 0 0 1 -1 -1 1 0 0 1 0 0 -1 -1 -1 -1 0 -1 1 -1 1 -1 0 0 1 0 0 1 0 0 -1 0 -1 1 1 0 1 1 0 1 -1 -1 -1 0 0 1 -1 1 -1 -1 0 0 0 0 -1 -1 0 
0 0 1 -1 -1 0 0 0 -1 0 -1 1 1 0 -1 0 0 -1 -1 0 0 0 -1 1 0 0 0 -1 0 0 -1 0 0 0 0 -1 0 0 -1 0 -1 0 -1 0 -1 0 -1 -1 0 0 0 -1 0 1 0 0 1 1 -1 1 1 1 0 0 1 1 1 0 1 -1 -1 0 1 -1 0 -1 0 0 0 0 -1 -1 0 1 1 0 0 0 1 0 0 0 -1 -1 0 0 1 0 0 0 
1 -1 0 0 1 0 0 0 0 1 -1 1 0 0 0 1 -1 0 -1 -1 1 -1 0 0 -1 0 0 0 -1 -1 1 0 0 -1 -1 1 0 1 -1 0 0 0 0 0 -1 -1 -1 -1 0 -1 0 1 -1 0 0 -1 0 0 -1 -1 0 -1 -1 0 0 0 0 0 1 0 0 0 1 -1 0 1 1 0 0 1 0 0 -1 -1 0 0 1 1 0 0 -1 -1 -1 -1 1 -1 0 1 0 1 
1 0 0 0 0 1 1 -1 0 0 0 1 -1 0 0 0 0 0 -1 -1 0 0 -1 1 1 0 0 -1 -1 0 0 0 -1 1 -1 1 1 -1 0 -1 0 1 0 -1 0 0 1 0 0 1 0 0 0 1 0 1 -1 0 0 1 -1 0 0 1 -1 0 0 0 0 -1 1 0 0 0 1 -1 -1 -1 0 -1 0 0 0 -1 -1 1 -1 -1 -1 0 0 1 1 -1 -1 0 1 -1 0 0 
1 -1 1 0 0 0 0 0 1 -1 -1 0 0 -1 1 0 1 0 0 1 -1 1 0 1 -1 0 -1 1 0 0 1 0 1 -1 0 0 0 -1 0 0 0 0 -1 0 0 0 0 0 0 1 0 0 -1 0 0 0 0 1 0 -1 0 0 0 1 1 1 0 -1 -1 1 0 -1 0 -1 -1 0 0 -1 0 0 0 -1 1 0 -1 -1 -1 1 1 1 0 -1 0 1 0 -1 1 1 -1 -1 
0 0 0 1 0 0 0 -1 0 -1 0 0 -1 0 1 1 0 0 0 0 1 1 -1 -1 0 -1 0 -1 -1 0 0 0 1 0 1 0 -1 -1 0 1 -1 0 1 0 0 0 0 0 0 1 1 0 -1 1 0 0 0 -1 0 -1 1 0 -1 -1 0 1 1 0 0 0 -1 0 0 0 -1 0 0 0 0 -1 0 -1 0 1 0 1 1 0 -1 0 1 0 -1 0 0 0 0 0 1 -1 
1 0 1 0 0 1 1 0 1 1 0 0 1 1 0 -1 0 -1 0 0 1 -1 0 -1 0 0 1 0 -1 -1 0 0 -1 0 1 0 0 0 0 -1 0 0 1 -1 0 0 0 1 0 0 1 -1 0 0 -1 -1 0 0 0 0 1 -1 1 0 -1 0 0 0 1 1 -1 0 0 1 -1 0 0 0 -1 1 1 -1 0 1 0 0 -1 -1 0 0 -1 1 0 0 -1 0 0 0 0 -1 

1 9 3 6 3 5 7 9 8 6 8 3 10 5 7 7 7 5 7 6 6 3 6 10 5 8 6 5 8 1 10 9 5 3 8 4 1 8 6 3 3 7 1 10 10 8 5 4 10 7 