100 200
-1 0 0 0 0 0 1 0 -1 0 0 -1 0 0 1 -1 -1 0 1 0 -1 0 0 1 0 1 0 1 1 0 -1 0 1 0 0 0 1 1 0 -1 -1 -1 0 0 1 0 0 0 0 0 0 1 0 0 0 1 -1 -1 0 1 0 0 0 0 -1 1 0 0 0 1 1 0 -1 0 1 -1 0 0 1 1 -1 0 1 0 -1 -1 0 -1 -1 0 -1 1 0 0 1 1 -1 0 0 -1 1 -1 -1 -1 0 0 0 0 1 0 1 0 -1 0 1 1 -1 0 0 -1 0 0 0 0 -1 0 1 1 -1 0 0 1 0 0 0 -1 0 0 0 0 0 1 0 0 0 1 -1 1 1 0 0 0 1 1 1 -1 1 -1 1 0 -1 -1 0 1 0 0 0 0 0 -1 1 0 0 1 -1 0 1 -1 -1 -1 0 0 0 0 0 -1 1 0 0 -1 0 -1 0 -1 0 0 0 -1 -1 1 
-1 1 1 0 -1 0 -1 -1 0 0 0 0 0 -1 0 0 -1 0 -1 0 0 1 0 1 1 1 0 0 0 0 1 -1 0 1 -1 -1 -1 0 0 0 1 0 0 0 1 1 0 1 1 1 -1 0 1 1 0 0 0 1 0 1 0 0 0 0 0 -1 1 0 0 -1 1 -1 0 1 0 1 1 0 0 -1 0 1 0 0 1 0 -1 0 1 0 -1 1 1 1 1 0 1 0 0 1 -1 -1 0 0 0 1 0 1 0 1 0 1 0 0 -1 0 -1 -1 1 0 1 0 1 -1 -1 0 -1 0 -1 1 1 1 0 0 0 0 0 0 -1 0 0 1 0 -1 0 0 1 -1 0 0 0 1 0 -1 0 -1 0 0 0 0 -1 0 1 0 0 -1 1 0 0 1 0 1 -1 0 0 0 0 1 0 0 0 0 0 1 1 0 0 0 1 0 1 -1 0 0 -1 1 0 1 1 1 
1 0 0 0 0 -1 -1 0 0 1 0 0 0 -1 0 1 0 0 0 0 0 0 0 -1 0 0 0 1 1 0 0 0 0 0 1 1 -1 -1 0 -1 0 0 1 0 1 1 -1 1 -1 1 0 1 0 -1 0 1 1 0 1 0 0 -1 1 1 -1 0 0 0 1 0 0 0 1 0 0 1 1 0 1 0 1 0 0 0 -1 0 1 1 1 -1 -1 0 0 -1 0 0 1 0 1 0 0 0 0 0 0 1 0 1 0 0 0 1 1 1 0 -1 0 0 0 1 1 1 0 0 0 1 -1 0 0 -1 -1 -1 1 1 1 0 0 0 1 0 0 1 0 1 1 0 0 0 -1 -1 0 1 -1 1 0 1 0 -1 1 0 0 1 1 0 0 0 0 0 0 0 0 -1 0 0 1 -1 1 0 0 0 -1 -1 1 0 0 0 -1 1 0 1 -1 0 -1 -1 1 0 1 1 1 0 
0 0 -1 -1 0 1 0 -1 0 -1 -1 1 1 0 -1 0 0 0 -1 0 -1 1 1 0 1 -1 1 -1 0 -1 1 0 1 -1 0 0 1 -1 -1 1 1 0 1 0 -1 0 -1 -1 0 1 0 1 0 0 -1 -1 -1 0 -1 1 1 0 0 -1 1 1 0 0 1 1 -1 0 -1 0 1 0 -1 0 -1 0 0 -1 0 -1 0 0 0 0 1 -1 0 1 1 0 -1 1 0 1 0 0 0 0 0 1 -1 -1 0 -1 0 0 0 1 0 -1 -1 -1 -1 1 1 1 -1 0 -1 0 0 -1 1 0 1 1 -1 1 1 0 1 -1 -1 1 0 0 0 0 0 0 -1 -1 -1 1 0 1 0 0 1 0 -1 0 0 -1 0 0 0 0 -1 0 0 0 -1 -1 0 0 0 0 0 0 1 0 0 0 1 -1 0 0 -1 0 1 -1 -1 0 0 0 1 0 1 1 0 0 0 0 0 -1 
0 0 0 0 0 -1 1 0 0 1 0 1 0 0 1 1 -1 -1 1 0 0 0 1 0 -1 1 1 1 -1 -1 0 0 0 0 1 -1 0 0 0 0 0 0 0 0 0 -1 0 1 0 -1 1 1 0 0 0 0 -1 1 0 1 0 0 0 -1 0 -1 1 0 -1 0 0 1 0 0 -1 -1 0 0 1 -1 -1 -1 -1 1 -1 -1 -1 0 1 -1 0 0 0 0 0 -1 0 0 -1 0 1 0 1 0 -1 0 -1 0 0 1 -1 0 0 1 0 0 -1 -1 1 -1 0 0 -1 1 0 -1 -1 1 0 1 1 1 1 0 -1 -1 1 0 0 0 0 -1 -1 1 1 -1 0 0 1 -1 -1 -1 0 1 0 0 0 0 -1 0 0 -1 -1 -1 -1 -1 0 0 0 0 0 0 1 1 0 0 1 0 0 1 0 0 1 0 0 1 0 1 0 0 0 -1 -1 1 0 -1 0 0 -1 0 
-1 0 -1 1 0 0 0 0 0 -1 0 1 -1 1 -1 1 -1 1 0 0 -1 0 0 0 -1 -1 0 -1 -1 1 1 0 -1 1 -1 -1 -1 0 -1 -1 0 1 0 -1 0 -1 0 -1 1 1 0 0 -1 -1 -1 -1 1 1 0 1 0 1 -1 0 0 0 -1 0 -1 1 0 1 1 1 1 -1 0 0 0 0 -1 0 0 -1 0 0 0 0 0 0 0 0 0 1 1 0 0 -1 1 -1 0 0 -1 1 1 0 0 -1 1 1 0 1 -1 0 0 0 -1 1 0 0 0 1 0 -1 1 0 1 1 1 0 1 0 -1 -1 1 0 1 1 -1 0 -1 0 -1 1 0 0 -1 -1 0 0 1 0 0 1 0 0 1 0 1 0 1 0 0 -1 -1 0 1 0 -1 0 0 -1 1 -1 0 -1 0 0 -1 1 0 0 0 1 0 0 1 -1 -1 -1 1 -1 -1 0 1 0 -1 1 0 1 
0 -1 1 0 0 1 0 0 0 1 0 0 1 -1 -1 0 0 1 0 0 0 0 -1 0 -1 1 0 -1 0 -1 0 0 -1 0 0 -1 1 0 -1 1 1 0 0 0 -1 -1 -1 0 1 0 0 1 -1 0 -1 0 1 1 0 -1 -1 0 -1 0 0 1 1 0 1 0 0 1 -1 1 0 0 1 1 1 1 0 -1 1 -1 0 -1 0 0 -1 1 0 0 -1 0 1 1 -1 -1 0 -1 0 0 -1 1 0 -1 0 -1 0 -1 0 0 0 1 1 0 0 1 -1 -1 0 0 -1 0 -1 1 0 1 0 -1 0 1 1 0 0 1 1 0 0 -1 -1 0 -1 -1 -1 1 1 1 0 -1 0 0 1 1 0 -1 0 0 1 0 0 1 0 0 0 0 0 -1 -1 1 0 1 0 -1 0 -1 0 1 1 0 -1 -1 0 0 -1 0 1 -1 0 1 -1 0 -1 0 0 -1 0 1 1 1 
1 1 0 1 -1 -1 -1 1 0 -1 0 1 1 0 -1 0 -1 0 1 0 -1 1 0 -1 -1 0 1 -1 0 -1 0 -1 1 1 1 0 0 -1 1 0 0 1 -1 1 -1 -1 -1 -1 1 1 0 -1 0 0 0 0 0 0 -1 1 0 1 1 1 0 -1 0 0 0 1 -1 1 0 0 1 -1 -1 1 1 1 0 -1 1 1 -1 -1 0 0 0 0 -1 0 1 1 0 0 0 -1 0 0 1 -1 1 1 0 1 -1 0 -1 1 -1 0 1 1 0 1 0 1 1 0 0 1 0 -1 0 -1 -1 1 0 1 0 1 1 0 0 0 0 -1 1 -1 0 -1 -1 1 -1 0 0 0 0 0 -1 0 1 -1 -1 0 0 1 0 1 -1 0 0 -1 0 0 -1 0 0 -1 1 -1 0 0 -1 1 1 1 -1 -1 0 0 0 0 0 -1 -1 1 -1 0 0 -1 0 0 0 0 -1 -1 -1 0 
0 0 0 0 0 0 0 1 0 0 0 0 0 0 -1 1 0 0 1 0 0 0 1 -1 0 -1 -1 -1 0 -1 0 1 1 0 -1 1 0 0 0 0 0 0 1 0 0 -1 0 1 1 1 0 -1 0 0 0 -1 0 0 0 0 0 0 1 -1 1 0 0 0 -1 1 0 0 0 0 1 1 0 0 0 -1 0 0 0 -1 0 0 -1 0 0 0 -1 0 -1 -1 0 1 1 0 -1 0 -1 -1 -1 0 0 -1 0 -1 -1 -1 -1 0 1 0 0 0 0 0 0 1 0 -1 1 0 1 0 -1 -1 0 -1 -1 0 -1 -1 1 0 -1 0 0 1 0 -1 0 0 1 0 -1 0 1 0 1 -1 0 -1 -1 0 0 -1 1 -1 0 0 0 0 1 -1 1 0 1 1 1 1 -1 0 0 -1 -1 1 0 -1 1 1 0 0 0 0 0 0 -1 0 1 0 0 0 1 -1 0 -1 1 -1 
-1 0 -1 -1 -1 0 -1 -1 1 0 0 0 0 1 1 1 1 0 1 -1 1 1 -1 0 -1 0 -1 0 -1 1 1 -1 1 0 1 1 0 -1 -1 0 0 1 -1 1 1 0 0 -1 0 -1 0 1 0 -1 1 1 1 0 0 1 0 -1 0 0 -1 0 0 0 0 1 0 -1 0 0 0 0 0 1 1 -1 -1 1 1 0 1 -1 1 0 1 0 0 0 0 -1 1 -1 -1 1 0 0 0 1 1 -1 1 0 -1 -1 -1 1 0 0 1 1 1 0 -1 0 0 0 0 1 1 0 1 1 1 0 -1 0 0 0 -1 1 1 0 -1 0 1 0 -1 0 1 0 0 0 1 1 1 -1 0 -1 0 -1 1 0 1 -1 1 0 1 -1 1 0 0 0 -1 1 0 0 0 0 1 1 0 0 0 -1 -1 -1 0 0 0 -1 1 0 -1 -1 0 1 0 0 1 1 -1 1 1 0 -1 -1 
-1 0 0 1 0 1 1 0 0 1 1 0 0 0 1 1 0 1 1 0 0 0 1 1 -1 -1 1 0 0 0 0 1 -1 -1 1 -1 -1 0 1 -1 -1 0 0 0 -1 0 0 0 0 -1 -1 0 1 0 1 0 -1 1 -1 -1 0 0 0 -1 0 0 1 1 0 -1 0 -1 0 1 0 1 0 0 0 -1 0 -1 0 1 1 0 0 1 -1 -1 0 -1 0 0 0 1 0 0 0 -1 0 -1 1 0 0 1 0 0 -1 -1 0 1 1 1 -1 -1 0 0 0 -1 0 0 -1 1 0 1 0 0 0 1 1 1 1 1 -1 0 -1 0 0 0 1 0 0 0 0 -1 0 0 0 -1 0 0 1 -1 0 0 0 0 -1 -1 0 -1 -1 0 1 -1 0 -1 -1 0 0 0 -1 -1 0 1 0 0 -1 0 0 0 0 -1 -1 0 1 0 1 0 1 0 0 1 0 -1 0 1 0 0 
1 -1 0 0 1 -1 1 0 0 -1 1 -1 1 -1 0 0 1 0 -1 1 -1 0 1 -1 -1 0 0 -1 0 0 1 -1 -1 -1 1 1 1 -1 -1 0 1 0 0 1 0 0 1 0 1 0 1 0 1 0 1 0 0 -1 0 -1 0 0 0 -1 -1 0 -1 -1 1 1 -1 0 0 0 -1 0 1 0 0 0 -1 -1 1 0 1 1 0 -1 -1 1 0 1 0 0 1 0 0 0 0 -1 0 -1 0 -1 0 0 1 0 0 1 0 -1 -1 -1 -1 -1 0 0 0 1 0 -1 1 -1 0 0 0 -1 0 0 0 0 1 -1 0 0 1 -1 1 0 0 0 -1 0 1 -1 0 0 -1 -1 1 1 1 -1 0 -1 -1 -1 1 0 1 0 1 1 0 0 -1 -1 0 -1 1 0 -1 0 0 0 0 0 0 1 0 -1 -1 1 0 0 -1 0 0 0 0 0 0 0 1 0 -1 -1 -1 1 
-1 0 0 1 0 0 1 0 0 1 0 -1 0 0 0 -1 0 1 -1 0 0 0 1 -1 -1 0 -1 -1 1 -1 0 0 -1 0 -1 1 -1 0 0 1 0 0 1 1 1 1 0 0 1 1 0 -1 0 -1 0 1 0 -1 -1 0 0 0 1 1 -1 1 0 0 -1 -1 0 0 0 -1 1 0 -1 1 -1 0 1 0 0 0 0 -1 1 -1 1 0 0 0 0 0 -1 1 0 1 1 0 1 0 0 -1 -1 0 -1 -1 1 1 0 -1 1 0 1 -1 1 1 1 0 -1 1 1 0 -1 1 -1 -1 0 1 0 0 0 -1 1 1 -1 -1 0 0 1 0 0 1 1 1 -1 -1 0 0 0 -1 1 0 0 0 1 0 1 1 -1 0 0 0 1 0 0 0 0 -1 1 0 0 1 0 0 0 0 1 0 -1 -1 0 0 -1 0 -1 -1 0 -1 0 0 0 1 -1 -1 0 0 -1 0 
0 0 -1 0 1 1 0 0 0 -1 0 1 0 0 -1 0 0 1 -1 1 -1 1 1 0 0 -1 -1 0 0 1 0 -1 1 -1 1 0 0 0 0 0 1 0 0 1 0 0 0 0 -1 1 0 1 0 1 1 -1 1 0 1 0 0 1 -1 0 -1 0 -1 0 1 1 -1 0 0 0 1 1 -1 1 0 0 0 0 0 1 -1 -1 1 0 0 1 0 0 -1 0 0 1 -1 0 1 0 0 0 0 -1 1 -1 -1 -1 0 0 1 1 -1 0 0 -1 -1 -1 0 1 1 -1 1 1 -1 1 0 1 0 0 1 0 1 0 0 0 0 0 0 -1 1 0 0 0 1 1 1 -1 1 0 0 0 1 0 0 0 0 0 0 0 -1 0 -1 0 -1 -1 0 1 0 -1 1 -1 0 1 0 0 1 -1 1 0 0 0 1 1 0 0 0 1 -1 1 0 0 1 0 0 1 1 1 1 0 
1 1 0 1 1 1 1 1 -1 -1 1 -1 -1 -1 1 0 0 0 0 1 0 -1 1 1 1 0 0 1 -1 -1 1 0 1 -1 0 0 0 0 -1 0 1 -1 1 1 0 0 0 0 1 1 0 0 0 0 -1 -1 -1 0 1 0 0 0 1 1 0 0 -1 1 1 0 0 0 1 0 1 1 0 0 -1 -1 1 0 -1 0 0 0 1 0 0 1 -1 0 -1 0 -1 -1 -1 1 1 0 0 0 0 0 0 0 0 0 1 0 0 0 0 0 -1 1 0 0 1 0 -1 0 0 1 0 1 -1 0 0 0 1 1 -1 0 0 0 0 -1 0 1 0 1 0 1 1 0 -1 0 0 0 -1 0 0 0 0 0 0 -1 -1 0 0 0 1 1 1 0 0 0 0 0 0 0 -1 0 -1 0 0 -1 1 1 0 -1 0 -1 0 -1 1 0 0 -1 1 0 -1 -1 -1 -1 0 0 0 -1 
-1 0 0 -1 0 0 0 1 -1 0 1 -1 1 0 0 0 0 0 0 -1 1 1 1 1 -1 1 1 -1 0 1 0 0 -1 0 -1 0 0 1 0 1 0 -1 0 0 0 0 1 0 -1 -1 0 0 1 -1 0 1 -1 0 1 0 1 0 -1 0 0 -1 0 0 -1 0 0 1 0 0 1 1 -1 0 0 0 1 0 1 0 -1 -1 0 -1 0 0 -1 0 0 0 0 0 1 -1 1 -1 0 0 1 0 1 0 1 0 -1 -1 1 -1 -1 -1 1 1 1 0 0 1 1 0 -1 0 0 0 -1 0 0 -1 0 0 0 0 1 0 0 0 -1 0 0 0 1 1 1 0 0 1 1 0 0 0 0 0 0 0 -1 0 -1 0 -1 1 1 0 1 0 -1 1 1 -1 -1 1 1 -1 0 0 1 0 -1 1 0 0 -1 -1 0 -1 0 0 -1 0 0 0 0 0 0 1 -1 1 -1 0 
1 0 0 1 0 0 -1 -1 1 1 0 -1 0 1 -1 0 0 -1 0 -1 0 0 0 1 0 1 0 0 1 -1 0 0 -1 0 0 -1 0 0 -1 1 0 1 0 0 -1 0 1 0 1 -1 1 1 -1 -1 0 0 1 0 1 0 1 1 1 -1 0 -1 1 -1 -1 0 -1 -1 0 0 1 0 1 0 0 0 0 -1 -1 -1 1 -1 0 0 -1 0 0 0 1 1 -1 1 0 1 -1 1 1 -1 0 1 0 0 1 0 0 1 1 0 0 -1 1 0 0 0 0 1 -1 0 1 -1 -1 1 0 1 0 1 0 0 0 0 -1 -1 0 0 -1 -1 1 0 0 -1 1 0 1 -1 1 0 1 0 -1 0 0 -1 1 -1 0 -1 1 -1 1 0 -1 -1 1 1 -1 0 0 1 -1 0 1 0 1 -1 0 1 0 0 -1 1 1 -1 -1 0 1 -1 -1 0 1 0 -1 0 0 -1 -1 1 
0 0 0 0 0 1 0 1 0 0 0 0 0 1 1 1 -1 1 -1 0 0 0 -1 -1 1 1 0 -1 -1 -1 1 0 0 1 0 1 -1 1 1 -1 0 1 0 0 -1 1 0 0 -1 -1 0 -1 -1 0 0 1 1 0 0 0 0 0 -1 0 0 1 0 0 1 0 0 0 0 0 1 0 0 0 1 1 1 0 0 1 -1 0 1 0 1 0 1 -1 0 0 -1 0 0 0 0 1 0 0 -1 0 1 -1 0 1 0 -1 0 0 0 0 0 1 1 -1 0 0 0 1 -1 -1 0 0 0 0 -1 -1 0 -1 -1 0 0 0 -1 0 -1 0 -1 0 -1 0 0 1 1 0 1 1 1 1 0 0 0 -1 1 0 0 0 0 0 -1 1 0 0 0 0 -1 -1 -1 -1 0 -1 0 -1 -1 0 -1 -1 0 -1 0 0 -1 -1 -1 0 0 0 0 0 1 -1 0 -1 0 0 1 0 
0 1 -1 0 1 -1 1 1 0 1 0 0 0 -1 -1 0 0 1 0 -1 -1 1 -1 0 0 0 -1 0 0 0 -1 0 -1 0 1 -1 -1 0 0 0 0 1 -1 1 0 0 1 1 0 1 0 0 0 -1 0 -1 0 0 -1 -1 0 0 -1 -1 0 0 -1 0 0 0 0 1 0 -1 0 0 1 1 -1 -1 0 1 0 1 0 1 0 0 -1 1 1 1 1 0 0 0 -1 0 0 1 0 1 0 -1 -1 -1 0 1 -1 0 0 0 -1 1 -1 1 -1 -1 0 -1 -1 -1 0 1 0 0 -1 0 0 0 0 -1 0 0 -1 1 1 0 1 1 0 0 0 0 0 -1 1 -1 0 0 -1 -1 0 0 0 0 0 0 0 0 0 1 1 0 -1 0 1 -1 -1 -1 0 1 1 -1 0 1 1 0 1 -1 1 0 0 0 -1 0 1 1 0 0 0 0 -1 0 0 0 1 0 0 0 
0 0 0 0 0 0 0 -1 0 0 1 -1 0 0 1 -1 -1 -1 -1 -1 0 0 1 0 1 -1 0 -1 0 0 -1 0 0 1 -1 0 -1 0 0 1 -1 0 0 -1 1 0 1 -1 0 0 -1 1 1 0 0 -1 1 -1 0 0 -1 0 1 -1 0 0 0 0 0 1 0 0 1 0 0 1 0 1 1 0 0 1 0 0 -1 -1 0 -1 0 -1 0 1 1 1 0 1 1 0 0 0 0 0 -1 0 0 1 1 1 0 0 1 0 0 0 0 -1 0 0 0 0 1 -1 0 -1 1 1 -1 0 0 0 0 1 1 0 -1 1 0 -1 0 0 0 0 0 1 0 0 0 -1 0 0 0 -1 1 0 0 0 -1 1 0 0 1 0 1 -1 0 -1 0 -1 0 0 0 0 0 -1 0 0 1 0 0 0 0 -1 1 0 0 -1 -1 0 0 0 0 1 -1 -1 0 0 1 1 1 1 
-1 0 1 0 0 -1 1 0 0 1 1 1 0 0 0 0 0 -1 0 -1 -1 0 0 0 0 -1 0 -1 0 0 1 -1 0 0 0 0 0 1 0 1 0 -1 0 1 0 -1 0 0 0 -1 0 -1 -1 -1 1 0 0 0 1 1 0 0 0 0 1 1 0 -1 0 -1 0 0 0 1 0 -1 0 0 1 0 1 -1 0 -1 0 -1 -1 0 -1 0 1 0 1 0 0 0 0 -1 0 1 1 -1 0 0 -1 -1 0 0 0 -1 0 0 -1 0 -1 -1 0 0 0 0 0 -1 0 1 0 1 0 0 0 -1 0 0 -1 -1 1 1 0 0 -1 1 1 0 0 -1 -1 -1 0 -1 -1 1 1 0 1 0 -1 1 1 1 1 1 0 0 0 0 0 0 1 0 1 0 0 -1 0 -1 0 0 1 0 0 1 0 0 0 1 -1 0 -1 1 -1 1 0 0 1 -1 -1 0 -1 0 0 0 
-1 0 -1 -1 0 1 1 -1 -1 -1 1 -1 1 -1 0 0 0 -1 -1 -1 0 -1 1 0 1 0 1 0 0 1 1 -1 0 0 0 1 1 -1 0 -1 -1 -1 0 0 0 0 1 0 1 0 0 1 1 0 0 -1 0 1 0 -1 0 -1 0 -1 -1 0 1 -1 -1 0 1 1 0 -1 -1 0 -1 -1 1 1 0 -1 -1 0 0 -1 1 0 0 0 -1 -1 0 1 0 0 1 0 0 0 -1 0 1 0 0 0 -1 -1 0 1 -1 0 0 1 0 0 0 1 1 0 0 0 0 0 -1 0 0 0 1 0 0 -1 -1 0 0 0 1 -1 0 -1 1 0 -1 -1 0 1 0 0 0 1 0 0 -1 1 -1 -1 0 -1 -1 -1 1 0 0 -1 1 -1 0 0 1 0 0 -1 -1 -1 1 0 1 -1 0 -1 -1 1 0 0 0 1 1 0 -1 1 0 -1 -1 1 0 1 1 0 0 0 
-1 0 -1 -1 1 0 -1 1 0 1 -1 0 1 0 0 -1 0 1 1 0 -1 0 -1 1 0 -1 1 0 -1 0 -1 0 0 1 0 -1 1 0 0 0 0 0 -1 1 0 0 1 1 0 -1 0 0 -1 0 1 0 0 1 1 1 1 -1 -1 0 0 -1 -1 1 1 -1 0 -1 1 -1 1 -1 0 0 0 0 1 0 0 -1 1 -1 0 1 0 0 0 0 1 1 -1 1 0 1 0 0 -1 0 -1 1 0 1 0 0 0 1 0 1 0 0 1 1 0 -1 0 0 1 0 -1 0 1 0 0 -1 -1 -1 0 0 -1 -1 0 1 1 0 1 -1 0 1 -1 1 0 0 -1 0 1 -1 -1 -1 1 -1 0 0 0 0 0 -1 -1 -1 0 1 0 -1 0 0 1 0 0 0 0 1 -1 -1 0 1 -1 -1 1 1 -1 0 0 0 0 0 -1 -1 -1 1 1 1 0 0 0 1 0 0 
-1 -1 0 -1 0 -1 1 0 0 -1 -1 0 -1 1 1 -1 0 0 0 0 -1 1 1 0 -1 -1 1 -1 0 0 1 0 0 -1 -1 0 0 -1 0 0 1 1 1 1 0 -1 0 1 1 0 0 -1 0 0 0 -1 0 0 1 -1 1 0 1 0 0 0 0 1 1 0 0 0 1 -1 -1 1 1 -1 1 1 1 1 -1 1 0 0 1 0 0 -1 0 1 0 0 1 0 1 0 1 1 0 -1 1 -1 -1 1 0 0 1 -1 0 1 -1 0 1 0 0 1 1 1 0 1 0 -1 0 1 0 0 0 1 -1 0 1 0 0 0 0 -1 0 1 0 -1 0 0 -1 1 0 1 0 1 0 1 0 0 0 0 -1 -1 -1 0 0 0 -1 1 0 1 0 -1 0 1 0 -1 0 1 -1 1 0 -1 -1 0 0 1 0 0 0 1 1 0 1 0 0 -1 -1 0 1 0 0 0 1 0 
1 0 0 0 0 0 1 0 0 -1 0 -1 -1 0 -1 0 0 -1 1 -1 0 -1 0 0 0 1 0 0 0 0 1 0 1 0 1 -1 0 0 0 0 1 0 -1 -1 1 0 0 -1 0 -1 0 -1 1 1 1 1 1 1 0 1 0 1 0 0 0 1 0 0 -1 0 1 1 0 1 1 -1 1 1 0 -1 1 0 0 -1 1 0 1 0 1 0 0 0 -1 0 1 1 0 0 0 0 0 1 1 0 0 -1 0 0 0 1 0 -1 -1 -1 -1 -1 0 -1 0 -1 1 0 1 -1 0 1 0 1 0 0 0 1 -1 -1 -1 1 -1 0 -1 0 1 1 1 0 0 0 0 0 1 0 -1 0 -1 0 0 1 0 0 0 0 0 -1 -1 1 0 0 1 0 1 0 -1 1 -1 0 0 1 1 1 1 1 1 0 1 0 -1 0 0 1 0 -1 0 1 0 0 0 1 1 1 -1 -1 
0 -1 0 1 0 -1 0 0 -1 0 0 0 0 1 1 0 0 -1 -1 0 0 0 1 0 0 0 0 1 0 -1 0 0 1 0 1 -1 0 0 -1 1 -1 1 1 0 -1 0 0 -1 0 -1 -1 0 1 0 -1 -1 -1 -1 -1 -1 0 -1 1 -1 -1 -1 1 1 0 1 -1 0 0 -1 1 -1 -1 1 -1 -1 1 1 -1 1 0 -1 1 -1 1 -1 0 1 1 1 0 0 1 1 0 1 0 0 1 -1 0 0 0 1 0 0 -1 1 0 0 1 -1 -1 -1 0 1 1 0 1 0 0 0 -1 0 0 0 1 0 0 0 0 0 0 1 -1 0 -1 0 0 0 -1 1 -1 0 1 0 1 -1 0 0 0 -1 0 0 -1 -1 -1 0 1 0 -1 -1 0 1 0 -1 1 -1 -1 1 -1 -1 0 0 -1 0 0 0 -1 0 0 1 -1 -1 1 1 1 -1 0 0 -1 1 1 0 1 1 
0 0 1 0 1 1 -1 1 -1 1 0 0 0 0 0 0 0 1 1 0 1 1 -1 -1 0 -1 -1 0 -1 1 -1 0 -1 -1 1 0 -1 0 -1 -1 0 -1 1 0 0 0 0 0 -1 0 1 0 0 -1 0 -1 0 -1 -1 1 0 -1 1 -1 0 0 0 0 1 1 1 -1 0 1 1 -1 -1 1 1 0 -1 1 0 0 -1 0 0 1 -1 -1 1 0 0 0 -1 0 0 0 -1 0 1 0 1 0 -1 0 -1 -1 1 0 -1 0 0 1 0 0 0 0 1 -1 -1 -1 1 -1 1 -1 0 1 0 0 0 0 1 0 -1 -1 1 -1 1 1 -1 1 0 1 -1 1 -1 0 1 -1 1 0 0 1 0 0 0 0 1 0 1 -1 1 -1 -1 0 0 0 -1 0 0 0 -1 0 1 1 1 1 1 0 0 1 0 -1 -1 -1 0 0 1 0 1 0 0 0 1 -1 -1 1 1 -1 
-1 -1 -1 0 0 0 1 1 -1 -1 1 0 1 0 1 1 0 0 0 0 0 1 0 -1 0 1 0 0 -1 0 1 -1 -1 -1 -1 1 -1 1 -1 1 1 1 0 1 1 -1 0 0 1 0 -1 0 1 0 1 1 1 1 -1 -1 -1 0 0 0 1 -1 0 0 0 0 0 0 0 -1 -1 0 0 0 1 -1 1 0 1 1 1 -1 0 0 1 1 0 -1 1 0 -1 0 0 0 0 1 -1 0 -1 -1 1 1 -1 1 -1 0 -1 0 0 0 1 1 -1 1 0 0 0 1 0 1 -1 1 0 0 0 0 0 0 0 1 0 0 0 0 0 1 1 1 1 0 -1 -1 1 0 0 0 1 1 -1 0 1 1 0 -1 0 1 1 0 0 0 -1 0 -1 0 0 0 1 -1 0 0 0 0 -1 1 0 0 1 0 0 1 -1 -1 1 1 0 -1 -1 0 1 -1 0 0 1 0 0 1 
1 0 -1 -1 0 0 1 1 0 0 0 0 0 1 0 0 0 0 -1 0 1 0 0 1 -1 1 -1 -1 0 0 0 0 1 1 0 1 0 0 0 0 -1 0 0 -1 0 1 0 0 0 0 0 1 -1 -1 1 1 -1 0 1 1 0 0 0 1 0 0 0 0 -1 0 -1 0 0 0 -1 0 0 0 1 -1 0 0 0 0 -1 1 0 0 0 -1 1 1 0 1 -1 0 -1 1 0 0 0 0 1 0 0 1 1 1 0 0 0 0 0 0 1 0 0 0 -1 0 0 1 1 1 0 0 0 0 0 1 1 -1 1 0 0 -1 1 0 0 0 0 0 0 1 -1 0 1 0 1 0 0 -1 -1 1 0 -1 1 0 1 -1 -1 -1 0 1 0 0 0 -1 0 0 -1 1 0 0 0 0 -1 1 0 1 1 0 1 0 -1 1 0 1 1 0 1 -1 0 1 0 1 1 1 -1 1 
0 -1 -1 0 -1 1 1 0 -1 1 1 1 -1 1 0 -1 0 1 0 -1 1 -1 0 -1 0 0 0 -1 0 -1 0 1 -1 -1 0 -1 0 1 1 -1 1 0 0 1 0 1 -1 -1 1 0 -1 -1 0 -1 1 0 -1 0 0 0 -1 0 1 0 0 0 0 1 0 1 -1 -1 0 0 0 0 -1 1 1 1 1 0 0 1 1 0 1 0 0 -1 1 1 0 0 0 0 0 -1 0 0 -1 -1 1 -1 -1 1 1 -1 0 1 0 1 1 0 0 0 0 0 0 1 1 0 1 1 0 -1 1 0 0 0 0 -1 1 0 0 1 1 -1 -1 -1 0 0 0 0 -1 0 0 0 1 1 0 0 0 -1 0 1 -1 1 0 1 0 0 -1 0 1 0 0 0 1 0 -1 0 1 -1 -1 1 0 0 0 0 -1 0 -1 1 0 1 0 0 -1 0 0 0 0 1 0 -1 0 1 0 0 
0 0 1 0 0 1 0 0 0 1 0 -1 0 -1 0 0 0 0 0 0 1 0 0 -1 1 0 1 1 -1 1 1 -1 0 0 0 -1 1 0 1 1 1 0 1 -1 0 0 0 0 0 0 0 0 0 -1 1 -1 -1 1 0 -1 1 0 0 0 0 -1 1 0 1 0 0 -1 0 1 -1 -1 -1 0 1 -1 1 -1 0 -1 0 0 0 0 0 0 1 1 1 0 0 0 0 1 -1 0 1 1 -1 0 1 0 0 1 1 -1 1 0 1 1 1 0 -1 -1 -1 1 0 0 -1 0 -1 0 1 0 1 -1 0 0 1 0 1 0 -1 -1 1 0 0 -1 0 0 0 -1 0 1 1 -1 0 -1 1 -1 -1 0 1 0 0 -1 1 0 1 0 0 1 -1 -1 0 1 0 1 0 0 1 0 -1 1 1 0 0 1 0 0 -1 0 0 0 0 1 1 0 0 1 0 0 1 -1 1 0 
0 0 -1 -1 1 1 -1 0 0 -1 1 -1 0 -1 -1 -1 0 1 1 0 1 0 1 1 0 0 -1 0 0 0 0 0 0 0 0 1 0 1 1 0 1 -1 0 0 -1 0 0 0 -1 1 0 1 -1 1 -1 0 0 0 0 0 -1 0 1 -1 0 0 1 -1 0 0 -1 0 1 0 0 0 0 1 -1 0 0 -1 1 1 0 -1 -1 1 -1 -1 1 0 0 1 -1 0 -1 0 0 0 0 1 0 0 1 0 0 0 1 1 -1 0 0 0 0 1 0 0 0 -1 -1 0 1 1 -1 1 1 0 1 0 0 0 -1 0 -1 1 0 0 -1 1 1 0 -1 1 1 0 0 0 0 0 0 -1 1 0 0 0 0 -1 0 0 1 0 1 1 0 0 0 0 0 -1 -1 0 -1 0 1 1 1 0 -1 1 0 1 1 0 1 0 -1 0 0 0 1 0 0 0 0 0 1 -1 0 1 
0 -1 1 0 0 -1 0 1 1 0 1 1 0 -1 0 -1 0 1 0 1 -1 -1 0 0 0 0 0 0 1 0 1 0 -1 -1 -1 0 1 1 0 -1 -1 0 1 0 -1 0 0 0 0 -1 0 0 0 0 0 0 0 -1 1 -1 0 0 -1 1 -1 -1 0 1 -1 0 0 1 0 -1 0 0 0 0 0 0 1 0 0 0 0 0 0 0 0 -1 0 1 -1 -1 0 0 -1 1 0 -1 0 1 1 1 -1 0 0 0 -1 0 0 0 0 0 0 0 1 1 0 0 0 0 0 0 -1 0 -1 0 1 0 0 1 0 0 0 0 0 0 1 0 -1 0 -1 0 -1 0 0 0 -1 0 -1 0 0 1 -1 0 1 1 -1 -1 0 0 1 -1 0 1 0 1 -1 -1 -1 -1 -1 0 1 -1 1 0 1 1 0 -1 1 1 0 -1 1 0 1 1 1 0 1 0 0 -1 0 1 0 0 
0 0 0 0 1 1 -1 1 -1 1 1 1 1 0 0 1 1 0 0 -1 -1 -1 -1 -1 0 0 -1 -1 0 0 -1 0 1 0 0 1 1 -1 1 -1 -1 0 0 0 1 -1 0 0 1 0 0 -1 0 1 -1 0 1 0 -1 0 0 0 0 0 0 -1 1 1 1 0 0 1 -1 0 0 0 -1 0 -1 -1 1 0 0 1 0 -1 -1 0 0 0 0 0 0 1 -1 1 0 -1 -1 0 0 0 0 -1 1 0 0 1 -1 -1 0 1 0 -1 0 0 1 0 0 0 0 0 -1 0 1 0 1 0 0 -1 -1 1 1 0 -1 1 1 0 0 0 -1 -1 0 1 0 1 0 -1 0 -1 1 -1 0 -1 0 -1 1 0 -1 1 -1 0 0 0 0 1 0 0 1 -1 1 -1 -1 -1 1 0 0 0 1 1 0 0 0 0 0 0 1 0 0 1 0 -1 1 1 0 -1 0 1 0 0 
1 0 1 0 0 1 -1 1 1 0 0 0 -1 1 -1 1 0 1 0 0 1 -1 -1 -1 -1 -1 0 0 1 1 0 0 0 0 -1 0 0 1 -1 -1 0 -1 0 0 0 -1 1 -1 -1 -1 0 0 1 0 1 0 1 1 0 0 0 1 -1 0 0 0 0 -1 0 1 0 0 1 0 0 -1 1 -1 0 1 0 -1 -1 -1 -1 -1 0 1 -1 0 -1 0 0 1 0 -1 0 0 0 0 0 1 0 0 1 0 1 1 0 0 0 0 0 -1 0 0 1 1 0 -1 0 1 0 0 0 1 0 -1 -1 0 0 0 -1 0 1 1 1 0 0 0 1 1 0 -1 0 -1 -1 0 0 0 1 0 1 0 -1 0 -1 1 0 0 1 0 0 1 0 -1 -1 0 0 -1 -1 1 1 1 -1 0 1 0 1 0 0 -1 0 0 0 -1 0 0 0 0 -1 1 -1 -1 0 0 0 0 0 1 
0 0 0 1 0 0 -1 0 1 0 -1 0 1 0 -1 -1 0 1 -1 1 0 -1 1 -1 -1 -1 -1 1 -1 1 0 0 0 -1 -1 0 0 0 -1 1 1 -1 0 -1 0 -1 1 1 0 0 0 0 0 0 0 0 0 -1 0 1 0 1 0 0 0 0 0 0 -1 -1 0 1 0 -1 1 -1 0 0 1 -1 1 1 0 0 -1 0 1 1 0 0 0 0 -1 0 1 0 0 -1 0 -1 0 1 -1 1 0 0 -1 0 0 0 -1 0 1 1 1 1 0 0 -1 0 -1 1 0 0 1 -1 -1 0 0 0 0 0 0 0 1 0 -1 1 0 -1 0 0 -1 0 -1 -1 -1 0 1 1 0 -1 0 0 0 -1 0 0 0 0 0 1 1 0 -1 -1 0 0 0 1 0 1 0 0 0 -1 -1 -1 -1 1 -1 0 1 0 0 0 -1 0 0 -1 1 0 1 0 0 1 0 1 0 0 
-1 1 1 0 1 0 0 0 1 1 1 1 1 0 0 0 0 1 -1 0 0 0 0 0 0 0 0 0 0 0 -1 0 -1 1 0 -1 1 0 0 0 1 0 -1 0 0 -1 1 0 0 0 0 0 0 0 -1 0 0 -1 -1 -1 0 0 0 0 0 1 1 1 -1 1 0 -1 1 0 0 -1 1 0 0 0 0 -1 0 1 0 -1 -1 0 -1 1 0 0 0 1 0 0 1 -1 0 -1 -1 -1 -1 1 1 -1 1 0 -1 -1 0 0 -1 0 0 0 0 -1 0 0 0 1 0 0 0 1 1 0 -1 0 0 0 1 1 0 -1 0 0 0 1 0 1 0 0 -1 1 0 1 -1 -1 -1 0 0 0 -1 0 0 0 1 0 1 1 1 -1 -1 1 0 1 -1 0 0 1 1 -1 1 -1 1 0 1 -1 1 0 0 1 1 1 0 -1 0 -1 -1 0 0 0 -1 0 1 -1 0 0 
1 -1 0 0 0 0 1 0 0 0 1 -1 0 0 1 1 1 1 0 -1 0 1 0 0 1 -1 -1 0 0 1 0 -1 1 0 -1 0 -1 0 0 0 1 0 0 -1 0 0 1 1 0 1 0 0 -1 0 0 1 1 1 0 0 -1 0 1 1 0 -1 0 1 -1 0 0 0 0 1 -1 0 0 -1 1 1 1 0 0 0 -1 1 -1 1 -1 -1 1 -1 1 -1 0 0 -1 0 1 -1 -1 0 0 0 -1 0 0 0 -1 -1 1 0 1 0 -1 0 0 1 0 0 -1 1 1 -1 -1 0 -1 1 0 1 1 -1 1 -1 0 0 0 1 1 0 -1 0 0 1 0 -1 0 0 0 0 1 -1 -1 0 -1 -1 0 0 -1 -1 0 1 0 0 0 1 0 1 -1 1 -1 0 -1 -1 0 0 1 0 -1 1 -1 0 0 0 0 0 -1 1 1 -1 1 0 0 -1 0 1 -1 1 -1 1 
0 1 0 0 0 0 1 0 1 1 1 0 1 -1 0 0 0 1 0 1 -1 0 0 0 -1 1 1 -1 1 0 -1 1 0 1 0 0 0 -1 1 -1 1 1 1 -1 -1 0 1 -1 0 1 0 -1 -1 0 1 0 0 -1 0 1 1 0 0 0 0 0 -1 -1 -1 -1 -1 -1 1 -1 -1 1 1 0 0 -1 1 0 0 0 0 0 0 1 1 -1 -1 -1 0 1 0 1 0 1 0 -1 1 -1 0 0 -1 0 1 0 1 1 -1 0 0 0 1 0 1 0 1 0 -1 1 0 -1 -1 0 1 0 0 0 -1 -1 -1 1 0 0 -1 0 -1 0 -1 0 -1 0 -1 1 0 1 -1 0 -1 -1 -1 0 0 0 1 0 0 -1 0 0 0 0 0 0 -1 0 0 -1 0 -1 0 0 0 0 0 0 0 -1 -1 0 0 -1 -1 0 -1 0 -1 0 1 0 1 1 1 1 -1 0 0 -1 
1 0 -1 0 0 0 0 0 0 0 0 0 1 1 0 0 0 0 1 0 0 0 0 0 0 0 -1 0 -1 1 1 0 0 0 1 -1 -1 0 1 -1 0 0 1 0 0 0 0 1 0 1 0 1 -1 1 0 -1 1 -1 0 0 1 0 0 1 -1 1 0 -1 0 0 0 0 0 1 0 -1 1 0 1 -1 0 -1 1 0 0 1 -1 -1 1 1 -1 -1 -1 -1 1 0 1 0 0 0 -1 1 0 0 0 0 -1 1 -1 1 0 1 -1 -1 0 -1 0 0 -1 0 0 0 -1 0 0 -1 1 0 -1 1 1 -1 -1 0 0 -1 0 -1 0 -1 0 -1 0 -1 1 1 0 1 0 0 1 0 0 -1 1 0 0 1 0 0 0 1 1 1 -1 0 -1 0 -1 0 0 0 0 0 0 0 0 -1 0 0 -1 0 0 1 0 1 0 0 0 -1 0 0 1 0 -1 0 1 0 -1 0 
0 -1 0 -1 1 0 -1 0 0 -1 0 0 -1 1 0 0 1 0 0 -1 -1 -1 0 1 0 0 0 0 -1 1 0 1 1 -1 0 -1 -1 1 1 -1 0 1 0 0 0 0 0 -1 0 1 1 0 0 1 -1 0 0 0 0 0 1 0 0 -1 1 -1 1 1 -1 0 0 -1 0 0 0 -1 0 0 -1 0 0 0 -1 -1 1 -1 -1 0 1 0 0 1 0 1 0 0 1 0 0 1 0 0 0 0 1 0 1 1 -1 -1 0 0 1 1 1 1 0 -1 0 -1 1 1 1 1 -1 -1 0 -1 0 0 -1 1 0 1 1 0 0 1 0 0 1 0 0 -1 0 1 0 0 1 -1 1 0 0 -1 1 0 1 1 -1 0 -1 0 0 0 0 0 0 0 -1 0 0 0 0 1 -1 -1 0 0 -1 1 0 0 -1 -1 0 0 -1 -1 0 1 -1 0 1 1 -1 0 0 -1 0 1 
0 1 0 0 0 -1 1 1 -1 0 0 0 0 1 -1 1 0 0 0 0 -1 1 1 0 0 1 -1 1 0 0 -1 1 -1 0 -1 1 0 0 0 -1 0 0 0 1 0 0 0 -1 0 -1 1 -1 0 0 0 -1 0 0 0 0 0 1 1 0 0 0 0 -1 1 1 0 0 0 0 -1 -1 0 1 1 1 1 0 0 0 1 1 0 -1 0 1 0 0 0 0 0 0 -1 0 0 1 0 0 0 0 0 -1 1 -1 1 -1 0 0 0 0 -1 0 1 0 0 1 0 1 0 -1 1 0 1 0 -1 0 -1 -1 1 -1 1 0 1 0 1 -1 -1 0 1 0 -1 0 1 0 0 0 0 0 0 -1 -1 -1 0 1 0 -1 1 0 0 0 0 1 0 -1 0 -1 0 -1 -1 0 1 1 -1 0 0 0 1 -1 -1 0 1 -1 0 0 0 0 1 -1 0 0 0 1 0 1 1 -1 
0 0 0 0 1 -1 1 1 1 0 0 0 -1 0 0 -1 0 0 -1 0 1 0 1 0 0 0 0 0 -1 0 1 1 0 0 0 1 -1 0 -1 1 0 0 -1 1 1 1 -1 0 1 -1 -1 1 0 0 0 0 -1 0 0 0 0 1 0 0 1 0 0 1 0 -1 0 -1 0 1 1 1 0 0 -1 -1 0 0 0 1 0 1 0 0 -1 -1 1 0 0 1 0 1 0 -1 0 1 0 0 -1 -1 0 0 -1 -1 -1 0 -1 0 -1 -1 0 0 1 1 0 -1 -1 0 0 0 0 -1 0 1 0 0 1 -1 1 0 0 0 -1 0 -1 0 -1 1 0 -1 -1 0 0 0 1 0 0 0 1 0 -1 1 0 -1 0 0 1 1 0 0 1 1 1 0 -1 -1 0 1 0 -1 1 0 0 -1 0 -1 -1 0 1 1 0 -1 0 0 0 0 0 1 0 1 0 1 0 1 0 0 
-1 0 -1 -1 -1 -1 -1 0 -1 1 0 0 1 -1 0 0 0 0 1 1 0 -1 0 0 0 0 0 0 0 0 0 1 0 1 -1 0 0 0 -1 1 0 -1 0 0 1 0 0 1 1 0 0 1 1 -1 0 0 0 1 0 0 -1 1 0 -1 0 1 -1 -1 -1 0 1 0 1 1 0 -1 1 0 0 1 0 -1 -1 0 0 1 0 1 0 0 0 1 -1 0 -1 0 1 1 1 1 0 1 1 0 1 -1 -1 0 -1 1 0 0 0 1 0 1 0 0 0 1 1 0 0 1 1 1 0 0 -1 0 0 0 0 1 0 -1 0 0 1 -1 0 0 0 1 0 0 1 0 -1 -1 1 0 1 0 0 -1 -1 0 0 0 0 1 -1 0 -1 1 0 0 1 0 0 1 -1 0 0 -1 1 0 0 0 1 1 0 1 -1 0 0 -1 0 0 0 0 1 -1 0 -1 1 0 0 0 
0 0 1 1 0 -1 0 0 1 0 0 1 0 0 1 0 -1 0 0 1 0 0 1 0 0 1 1 0 1 0 0 1 0 1 -1 1 -1 0 -1 1 0 1 0 0 0 0 0 1 0 0 -1 0 -1 0 1 1 0 0 0 0 1 1 0 0 1 0 0 0 0 0 1 1 -1 1 0 -1 -1 1 -1 0 0 0 1 -1 0 0 0 -1 0 0 1 -1 -1 0 0 0 0 0 0 0 0 0 0 0 1 0 1 0 0 -1 1 0 1 -1 0 -1 0 0 0 0 1 -1 0 -1 0 1 -1 0 0 1 1 0 0 0 0 0 -1 0 0 0 -1 0 -1 -1 -1 1 -1 0 -1 0 0 0 0 -1 0 0 0 1 -1 1 1 1 1 0 0 1 -1 0 0 1 1 0 0 0 0 1 0 1 0 -1 0 0 0 -1 0 -1 0 1 0 -1 -1 0 1 1 0 0 0 1 0 1 
0 0 1 -1 0 1 1 0 1 0 -1 1 -1 1 0 -1 0 0 0 1 0 0 0 -1 0 0 1 0 -1 1 0 0 1 1 0 0 1 1 -1 0 0 1 -1 1 1 0 0 0 -1 0 1 0 1 0 0 0 0 0 0 -1 0 1 0 -1 1 1 0 0 0 0 0 0 0 -1 -1 -1 -1 1 1 1 1 -1 0 -1 0 -1 -1 -1 0 0 -1 -1 0 0 0 0 0 0 0 -1 -1 1 0 0 0 0 -1 -1 0 0 0 -1 0 0 0 0 1 0 0 0 0 1 -1 0 -1 0 1 0 0 0 -1 0 1 0 0 0 0 0 1 1 -1 0 -1 0 0 0 0 0 0 -1 0 0 -1 0 1 -1 0 1 1 0 -1 1 1 1 1 -1 -1 0 1 0 1 -1 1 0 0 -1 1 0 -1 0 -1 1 0 0 -1 1 0 0 0 0 0 1 0 0 1 1 1 -1 0 1 
-1 0 0 1 0 0 0 0 -1 0 0 -1 0 -1 0 0 0 -1 1 0 0 0 -1 0 -1 0 0 1 -1 1 0 -1 1 0 1 0 0 0 -1 1 0 0 1 0 1 0 0 1 1 -1 1 0 1 0 1 0 0 -1 -1 0 0 1 -1 1 1 -1 1 0 1 -1 -1 0 -1 0 1 -1 0 1 0 -1 1 -1 0 1 -1 -1 0 1 0 1 -1 1 0 0 1 -1 1 0 0 0 0 -1 0 0 0 -1 -1 0 0 -1 0 0 -1 1 1 1 1 0 0 1 1 1 0 0 1 0 0 1 0 0 -1 0 -1 0 0 0 0 0 0 -1 0 1 0 -1 -1 -1 0 0 1 0 1 -1 0 -1 -1 0 1 0 0 0 1 0 1 0 0 0 0 0 -1 1 0 0 -1 0 0 0 -1 -1 -1 0 0 -1 0 0 1 -1 0 1 0 -1 -1 -1 0 1 0 -1 1 -1 -1 0 
0 1 0 0 -1 0 0 -1 0 0 0 1 0 -1 0 0 1 0 0 0 0 0 1 -1 1 -1 0 1 0 -1 0 0 1 1 0 -1 -1 -1 1 0 -1 1 0 0 0 1 1 0 0 1 -1 0 1 0 1 -1 1 0 1 1 0 0 -1 0 0 0 -1 0 0 -1 0 1 0 1 1 1 0 -1 0 0 1 0 -1 1 1 0 0 1 0 1 0 -1 0 1 0 1 -1 1 1 -1 0 0 -1 -1 -1 -1 -1 1 1 1 1 0 1 1 0 -1 -1 0 0 1 0 1 1 0 -1 -1 0 1 1 1 -1 1 0 0 0 0 -1 -1 0 -1 0 0 0 0 0 0 -1 0 0 0 0 -1 0 0 0 1 0 0 0 1 -1 0 -1 1 0 -1 0 0 0 1 0 0 0 -1 -1 1 0 1 1 -1 0 0 1 -1 1 0 1 -1 0 -1 0 0 0 0 1 0 0 0 1 0 
1 1 0 -1 -1 1 0 -1 0 1 -1 0 -1 -1 0 0 0 0 0 1 0 -1 0 1 -1 0 0 -1 1 0 1 0 -1 0 0 0 -1 1 -1 1 0 -1 0 1 0 0 0 0 1 0 0 0 -1 0 1 -1 -1 0 1 1 1 0 -1 0 0 0 0 0 -1 0 0 -1 0 1 0 -1 0 1 -1 -1 -1 0 1 0 -1 0 0 1 0 1 -1 1 0 -1 0 -1 -1 -1 1 -1 0 0 0 0 -1 -1 0 0 -1 -1 -1 -1 1 1 0 1 1 -1 0 -1 1 1 1 0 0 1 1 1 -1 1 0 0 -1 -1 -1 1 -1 1 -1 1 0 0 1 0 0 0 0 0 -1 0 -1 -1 0 0 0 -1 -1 -1 0 -1 0 0 1 1 -1 0 0 0 0 -1 0 0 0 -1 0 0 0 -1 -1 0 0 -1 1 0 -1 0 0 1 -1 0 1 -1 1 1 0 0 1 1 -1 -1 
0 -1 0 0 0 -1 0 -1 0 -1 -1 1 1 0 1 1 0 -1 -1 1 1 0 -1 0 1 0 1 0 0 0 0 -1 -1 1 0 0 0 0 -1 0 1 0 -1 0 0 0 0 1 1 -1 0 0 1 0 0 1 0 -1 0 0 1 1 1 1 0 -1 -1 1 0 0 0 0 0 0 -1 1 1 -1 0 0 0 0 1 0 0 1 -1 0 0 1 0 0 1 0 1 1 1 1 1 0 0 0 0 -1 -1 0 1 1 1 0 0 -1 -1 0 0 0 0 -1 -1 0 1 0 0 0 -1 -1 0 0 0 0 -1 0 1 -1 -1 1 0 1 1 1 0 0 -1 -1 0 0 -1 0 0 -1 0 1 0 -1 -1 1 1 0 1 -1 1 0 -1 -1 -1 0 -1 1 0 1 0 1 0 0 0 1 0 0 0 0 1 0 -1 -1 -1 0 -1 -1 -1 -1 0 1 1 -1 0 0 0 1 1 -1 
-1 -1 0 1 1 -1 0 0 0 1 -1 -1 0 1 -1 1 0 1 0 0 0 0 0 0 1 -1 1 0 -1 1 1 -1 0 0 0 0 -1 -1 0 1 0 0 -1 1 -1 0 -1 1 -1 0 0 1 -1 0 0 1 0 0 1 0 0 -1 0 -1 0 1 0 -1 1 -1 1 0 0 0 -1 1 0 1 0 0 1 0 -1 1 0 -1 0 -1 0 0 0 1 -1 -1 -1 1 -1 -1 0 0 0 0 0 1 -1 -1 0 0 1 0 0 -1 0 0 0 0 1 -1 0 0 0 0 0 -1 1 0 0 0 1 0 0 1 1 -1 1 1 0 1 0 0 0 -1 0 1 0 1 -1 0 0 -1 0 1 0 0 0 1 1 0 0 0 0 1 -1 0 0 1 1 0 1 0 0 -1 0 0 -1 -1 0 -1 1 0 -1 0 1 1 -1 0 1 -1 -1 0 0 0 -1 -1 0 0 0 0 -1 -1 
-1 1 0 -1 0 -1 0 1 -1 0 -1 0 0 1 1 -1 -1 0 1 0 1 0 0 -1 0 -1 0 1 0 1 0 0 0 -1 1 1 -1 -1 1 0 1 1 0 0 0 0 0 1 -1 0 0 0 -1 0 0 0 1 1 -1 0 0 0 0 0 0 0 1 -1 -1 1 0 1 0 -1 0 -1 -1 0 -1 0 0 -1 -1 0 0 0 0 1 0 0 1 1 -1 -1 0 0 0 0 0 1 1 -1 1 1 0 -1 0 0 -1 1 -1 -1 -1 0 0 1 0 0 0 0 0 0 -1 1 0 1 0 0 0 1 1 0 1 -1 0 1 0 0 1 -1 0 0 -1 1 0 -1 1 -1 0 -1 -1 -1 0 0 0 -1 1 0 0 0 0 0 0 1 0 -1 0 0 0 1 1 -1 0 0 -1 0 1 0 0 0 -1 0 1 -1 0 -1 -1 0 0 0 -1 1 -1 0 -1 1 1 1 0 0 
0 0 0 0 -1 0 1 0 0 1 0 -1 0 0 0 0 0 1 1 0 -1 0 1 0 -1 1 -1 1 1 1 1 1 1 1 -1 0 1 -1 0 -1 0 0 -1 0 1 -1 0 0 0 -1 0 0 -1 0 0 -1 1 1 0 0 1 0 1 0 1 1 0 0 0 -1 1 1 1 1 0 1 0 1 0 1 -1 1 0 1 0 0 0 0 0 0 0 1 1 -1 -1 1 -1 -1 1 0 0 1 0 0 1 -1 1 1 -1 -1 0 -1 0 1 1 -1 1 0 -1 1 0 0 0 -1 1 -1 0 1 1 1 -1 0 0 0 1 1 0 0 0 1 0 0 0 1 0 -1 -1 0 -1 -1 1 0 -1 -1 -1 -1 -1 -1 -1 -1 1 0 1 1 -1 0 1 1 -1 -1 -1 1 0 1 0 1 -1 0 -1 0 0 1 1 0 0 -1 0 0 -1 -1 1 -1 0 0 0 1 1 0 1 1 
0 1 0 -1 0 0 0 -1 -1 -1 0 -1 0 0 -1 1 1 0 0 0 -1 0 0 0 0 0 -1 -1 0 1 1 0 0 -1 0 1 0 1 0 1 -1 0 0 0 0 0 -1 0 1 -1 0 1 -1 0 0 0 -1 -1 0 0 0 1 0 -1 0 0 0 -1 0 0 -1 0 1 0 -1 -1 0 0 0 1 0 1 1 1 0 0 0 0 1 1 1 0 0 -1 1 0 1 1 1 -1 0 0 0 0 -1 1 0 0 0 0 1 0 1 0 0 1 0 1 -1 1 1 1 -1 -1 0 0 -1 0 -1 0 0 1 -1 -1 -1 0 0 1 -1 0 0 0 1 0 -1 0 1 0 0 1 0 -1 -1 1 0 0 0 -1 -1 1 -1 1 1 1 0 1 1 1 -1 -1 1 1 1 -1 0 1 -1 0 0 -1 -1 -1 -1 0 -1 1 0 -1 1 -1 0 1 0 -1 0 1 0 0 0 0 
1 0 1 1 -1 -1 0 -1 0 -1 1 0 0 0 0 0 0 0 0 1 1 -1 -1 0 0 -1 -1 -1 -1 -1 -1 0 0 1 0 0 -1 -1 1 0 1 -1 -1 0 0 1 1 -1 1 0 0 -1 1 0 -1 0 -1 0 0 -1 -1 1 -1 0 -1 1 -1 -1 1 0 0 1 0 -1 0 -1 0 1 1 -1 1 -1 0 0 0 0 0 0 0 -1 -1 1 1 0 1 0 1 0 1 -1 -1 -1 1 0 0 0 1 0 0 1 -1 0 0 0 1 0 0 1 0 -1 1 0 0 0 1 0 0 -1 0 -1 -1 0 1 -1 1 -1 0 0 0 1 0 0 -1 1 1 1 1 -1 1 0 0 0 1 0 0 1 1 1 0 0 -1 -1 -1 0 0 -1 -1 -1 -1 -1 1 -1 -1 1 1 -1 0 0 0 -1 0 -1 -1 0 1 0 -1 0 0 0 -1 0 1 -1 0 -1 1 0 1 1 
0 1 0 -1 1 -1 0 1 -1 0 1 1 0 0 0 0 -1 -1 0 1 -1 1 1 -1 1 1 0 0 -1 0 0 1 0 0 1 1 -1 -1 0 0 0 -1 1 1 -1 1 1 0 0 0 1 0 -1 -1 0 0 0 1 0 1 0 0 -1 0 -1 0 0 -1 -1 0 0 -1 0 0 -1 -1 -1 1 0 1 1 0 -1 0 -1 1 1 -1 0 -1 1 -1 0 0 -1 0 1 1 1 0 -1 0 1 0 -1 1 -1 1 0 0 0 0 1 0 0 -1 1 0 0 0 -1 1 1 -1 0 0 1 0 1 0 1 -1 0 0 -1 0 1 -1 0 0 0 0 0 1 -1 -1 -1 -1 1 0 -1 1 1 0 -1 0 1 0 -1 -1 -1 0 0 1 -1 0 1 1 0 1 -1 -1 0 -1 -1 -1 0 0 0 0 1 1 -1 -1 0 0 1 0 0 1 -1 0 1 0 0 0 0 0 1 0 
-1 0 -1 -1 1 1 -1 0 0 -1 0 1 0 0 -1 -1 0 1 0 -1 -1 1 1 0 -1 0 1 1 0 0 1 0 1 1 -1 0 -1 1 -1 0 0 0 0 0 1 1 0 1 1 0 -1 0 1 0 1 1 0 1 0 1 0 1 -1 0 0 1 0 -1 -1 -1 0 -1 0 0 1 -1 -1 1 0 0 0 1 0 0 0 0 1 0 0 0 1 1 0 -1 0 0 0 0 0 0 -1 1 0 0 0 0 -1 0 -1 0 0 0 -1 -1 0 -1 -1 0 0 0 0 -1 -1 0 1 0 -1 0 0 1 -1 1 -1 1 -1 0 -1 1 0 -1 0 0 0 1 1 1 0 1 -1 1 0 0 0 1 0 0 0 0 -1 1 -1 -1 0 1 1 1 0 0 0 -1 0 -1 1 1 0 0 -1 0 1 -1 -1 1 0 1 0 0 1 0 -1 0 0 0 0 0 -1 0 0 0 1 1 
0 0 0 0 0 0 0 0 0 0 -1 1 -1 0 1 1 -1 -1 1 0 1 -1 -1 -1 1 -1 0 -1 -1 -1 0 1 0 1 -1 0 0 0 0 -1 -1 -1 0 1 0 -1 0 0 0 1 0 -1 0 0 0 -1 0 1 1 0 0 -1 -1 -1 0 1 0 0 1 0 -1 -1 -1 0 1 -1 -1 0 -1 0 0 0 0 1 1 0 0 0 1 0 0 -1 -1 0 -1 -1 1 1 0 0 1 0 -1 0 -1 -1 0 1 -1 0 1 0 0 -1 -1 -1 1 0 0 0 1 0 1 0 0 0 -1 1 -1 1 1 -1 0 0 -1 0 0 -1 1 0 -1 0 -1 1 0 0 0 1 0 1 -1 -1 0 0 0 -1 1 -1 1 -1 -1 0 1 0 0 -1 0 1 -1 0 0 -1 -1 0 -1 1 0 -1 0 -1 0 0 0 0 1 0 -1 0 0 0 0 0 -1 1 -1 -1 1 0 0 1 
-1 1 0 1 0 0 -1 1 0 -1 0 0 0 1 1 0 1 -1 0 1 0 0 0 -1 0 0 0 1 1 -1 0 -1 0 0 0 -1 -1 1 -1 0 0 0 1 0 0 0 0 0 0 1 0 1 0 -1 0 1 1 1 0 -1 -1 1 0 0 -1 -1 1 0 -1 0 1 0 0 0 0 0 -1 1 0 1 0 -1 0 0 0 0 0 0 0 -1 0 0 1 1 1 -1 0 1 0 -1 0 0 0 0 0 1 0 0 -1 1 -1 0 0 0 0 1 -1 -1 0 1 0 -1 0 -1 0 0 0 0 0 -1 -1 0 1 0 1 1 0 -1 0 0 0 1 0 1 -1 0 0 0 -1 0 0 -1 0 1 0 0 1 1 0 0 -1 1 1 0 -1 0 0 -1 1 0 -1 1 0 -1 -1 0 0 0 0 1 1 -1 0 1 0 -1 -1 0 -1 1 0 0 -1 1 0 0 0 1 0 0 
0 1 0 -1 -1 0 -1 -1 1 -1 1 0 0 -1 1 -1 0 -1 0 0 0 1 -1 -1 1 1 1 -1 0 -1 -1 1 0 1 0 0 1 1 -1 0 -1 0 -1 1 0 1 0 1 1 -1 1 1 1 0 0 1 1 0 -1 0 0 0 0 0 -1 -1 0 -1 -1 1 0 0 0 0 0 0 1 -1 -1 -1 1 0 0 0 1 0 0 0 1 -1 1 0 0 -1 1 0 0 0 1 0 0 -1 0 0 -1 -1 1 0 0 -1 1 1 1 1 1 1 1 1 0 -1 0 -1 0 1 0 -1 0 0 -1 0 -1 0 -1 -1 -1 0 1 1 -1 1 0 -1 1 1 -1 0 0 0 0 -1 0 0 0 0 0 0 -1 1 -1 -1 0 1 1 -1 0 0 0 1 -1 0 -1 -1 1 0 -1 0 -1 0 1 0 -1 1 1 1 1 -1 0 -1 -1 1 0 1 0 0 -1 0 0 1 0 0 
0 -1 0 -1 -1 0 1 0 0 -1 0 -1 0 0 -1 -1 1 0 0 0 1 1 0 0 -1 0 -1 0 0 -1 0 0 0 -1 0 0 0 -1 1 0 0 0 -1 1 0 -1 0 -1 0 0 0 1 -1 -1 1 1 0 -1 -1 0 1 -1 0 1 0 0 -1 0 1 0 1 0 0 0 0 0 1 0 1 1 -1 1 0 0 0 0 1 0 1 0 -1 0 -1 1 1 0 -1 0 -1 0 0 1 -1 0 0 1 -1 -1 0 -1 1 0 0 -1 0 1 1 1 0 0 0 -1 1 -1 1 1 0 -1 0 -1 0 0 -1 0 0 0 -1 -1 0 1 0 -1 1 0 -1 0 0 0 0 0 1 0 0 0 1 -1 -1 0 1 -1 0 -1 1 -1 0 0 0 -1 -1 1 0 -1 0 -1 0 1 0 -1 1 -1 1 -1 1 1 0 -1 -1 1 -1 0 0 1 0 0 -1 -1 -1 0 1 0 
1 -1 0 -1 0 -1 0 1 0 0 0 0 0 0 1 0 -1 1 0 -1 0 0 -1 1 0 0 0 0 -1 -1 -1 -1 0 1 1 0 0 0 0 1 1 -1 1 -1 0 1 1 0 1 0 0 0 0 1 0 -1 0 -1 0 -1 1 0 1 0 0 1 -1 -1 0 -1 0 0 0 -1 1 0 -1 0 0 0 0 0 0 0 0 -1 -1 -1 0 0 1 1 1 0 1 0 -1 0 0 1 1 -1 -1 -1 0 0 1 1 0 0 0 0 -1 0 -1 -1 0 0 0 0 0 0 -1 0 1 1 0 1 0 0 0 0 1 1 0 -1 0 1 0 1 0 -1 0 -1 0 0 1 1 0 -1 0 -1 1 0 0 -1 -1 0 -1 1 1 -1 -1 0 1 1 0 -1 0 0 1 -1 0 0 -1 1 -1 0 0 0 1 -1 1 0 -1 0 0 -1 0 1 0 1 -1 -1 0 1 1 1 0 -1 
0 -1 0 1 -1 0 0 0 0 -1 1 -1 -1 1 -1 -1 -1 0 0 -1 1 0 -1 0 1 0 0 1 0 1 0 -1 0 -1 0 1 -1 0 1 0 1 0 0 0 -1 1 0 1 1 1 1 0 -1 0 -1 -1 -1 1 0 0 -1 1 0 0 1 0 0 0 0 -1 1 -1 0 1 0 -1 -1 -1 0 1 1 -1 -1 1 0 0 0 0 -1 0 1 0 0 1 0 1 -1 -1 0 0 0 -1 -1 0 -1 0 0 1 -1 0 -1 0 0 0 0 0 0 1 1 0 1 -1 0 0 1 1 0 0 -1 -1 1 1 0 -1 0 1 1 -1 1 0 0 -1 1 0 1 0 0 0 0 -1 1 1 0 0 1 0 0 0 0 1 1 -1 -1 1 -1 0 1 0 0 0 -1 -1 1 0 0 -1 -1 0 -1 0 -1 -1 -1 1 0 1 -1 1 -1 1 0 1 -1 0 0 -1 -1 1 1 -1 
0 0 0 0 1 1 1 -1 0 0 0 0 0 1 0 -1 -1 0 1 0 0 -1 0 -1 -1 1 -1 0 1 0 0 0 0 1 0 0 0 -1 0 0 1 0 0 0 -1 -1 0 -1 1 0 0 0 -1 -1 1 0 1 0 1 -1 0 -1 1 -1 0 0 1 0 -1 0 1 -1 0 -1 1 -1 0 -1 0 -1 0 1 -1 -1 1 0 -1 0 -1 -1 0 0 -1 0 1 0 1 -1 0 0 1 -1 -1 0 -1 1 -1 -1 0 1 1 -1 1 1 1 0 0 0 -1 0 0 -1 -1 0 1 -1 0 0 -1 -1 -1 1 0 1 0 0 0 -1 0 1 1 -1 0 -1 0 0 0 0 1 1 1 -1 1 -1 -1 0 -1 0 1 0 1 0 0 -1 0 0 0 1 1 1 0 0 1 0 1 0 1 1 -1 1 -1 -1 1 -1 1 -1 0 0 -1 0 0 1 0 1 -1 0 0 -1 -1 1 
-1 -1 0 1 0 0 -1 -1 1 -1 0 -1 0 0 0 -1 -1 1 -1 -1 1 -1 0 1 0 0 0 0 0 0 0 -1 -1 1 1 -1 -1 1 0 0 1 0 0 1 -1 0 0 0 0 -1 0 0 1 0 -1 0 0 0 1 0 -1 0 -1 1 -1 0 1 1 -1 -1 -1 -1 -1 0 0 -1 -1 1 0 0 -1 0 0 0 0 0 0 0 -1 0 0 1 0 0 0 0 -1 0 0 0 -1 -1 -1 0 0 -1 0 -1 0 0 0 0 0 0 1 -1 0 1 -1 1 0 0 0 0 0 0 1 0 -1 0 0 1 -1 -1 -1 1 1 0 0 -1 0 0 0 1 0 0 0 1 -1 0 0 -1 -1 1 1 0 -1 0 0 1 -1 0 0 -1 -1 -1 0 0 0 1 -1 -1 0 0 0 0 0 0 0 -1 1 0 1 0 0 -1 0 0 0 0 0 0 0 1 0 1 -1 1 -1 0 
1 0 -1 0 -1 -1 0 1 -1 0 -1 0 1 0 -1 0 0 -1 1 0 0 0 -1 1 -1 -1 0 1 1 1 0 -1 0 1 0 0 0 0 -1 0 -1 -1 1 0 0 -1 1 1 -1 0 0 0 0 1 1 0 0 1 0 0 1 1 1 0 -1 0 0 0 -1 0 0 -1 -1 -1 0 0 0 -1 0 1 0 -1 1 0 0 -1 0 0 1 1 1 -1 0 -1 1 0 0 0 0 -1 0 0 0 0 0 0 -1 1 1 0 -1 0 1 0 -1 -1 0 1 -1 1 0 0 0 0 0 0 -1 -1 0 0 0 0 -1 0 0 0 -1 1 0 1 0 0 0 1 -1 0 1 0 -1 0 1 -1 -1 0 0 0 0 0 0 0 0 -1 -1 1 1 0 -1 -1 0 1 0 -1 0 0 0 1 -1 0 0 0 -1 0 0 -1 0 0 0 1 0 -1 1 1 0 1 0 0 -1 1 1 0 
0 -1 0 -1 -1 0 1 1 0 -1 0 0 1 1 0 1 -1 -1 0 -1 0 -1 0 0 -1 1 -1 1 0 -1 1 1 0 -1 0 1 0 1 -1 0 0 1 0 0 0 1 -1 0 0 1 0 -1 0 -1 1 0 1 0 0 0 0 0 0 0 0 -1 0 0 0 0 0 0 -1 0 1 -1 0 0 0 -1 0 -1 0 0 1 0 0 -1 0 0 0 1 0 0 0 0 0 -1 0 0 0 0 0 1 0 -1 1 0 0 0 0 0 0 -1 -1 0 1 0 1 1 -1 1 0 1 -1 1 0 0 0 1 -1 0 0 -1 0 1 1 0 0 -1 0 0 0 -1 0 0 0 1 -1 -1 0 -1 -1 0 0 0 0 -1 1 0 -1 0 -1 1 1 1 0 1 0 1 1 0 -1 0 0 -1 0 0 0 1 0 1 1 -1 1 0 0 -1 -1 1 1 0 -1 1 0 0 0 1 0 0 
1 -1 -1 0 0 1 0 0 0 0 -1 1 0 0 1 -1 0 -1 0 0 0 1 0 0 1 1 0 1 0 1 1 1 0 0 -1 -1 -1 0 -1 0 -1 -1 1 0 1 -1 0 0 0 0 0 1 -1 0 0 0 -1 0 0 1 0 0 0 -1 1 0 0 0 0 1 1 1 1 1 -1 0 0 1 -1 -1 1 1 -1 0 1 -1 1 0 0 -1 -1 1 0 1 0 0 0 0 1 0 1 0 0 -1 0 0 0 -1 0 -1 0 1 1 0 0 0 0 -1 1 0 0 0 0 0 0 0 0 0 0 1 -1 1 0 0 1 0 -1 1 0 1 1 1 -1 -1 0 0 1 0 -1 0 0 0 -1 0 1 1 0 0 0 -1 1 -1 1 -1 -1 -1 0 0 1 -1 1 0 0 0 0 0 0 0 1 1 1 0 -1 1 -1 -1 0 0 0 0 1 0 -1 0 1 0 0 0 0 0 
1 1 1 1 1 1 0 0 -1 0 0 -1 1 0 0 -1 0 0 0 0 0 0 0 0 -1 -1 0 -1 -1 -1 1 0 0 0 -1 1 -1 -1 -1 0 0 0 1 -1 0 0 0 1 1 0 0 1 0 0 -1 1 1 0 -1 0 1 -1 0 -1 0 1 0 -1 0 -1 0 -1 1 1 -1 0 0 -1 1 1 -1 0 -1 -1 -1 1 1 -1 0 -1 -1 0 1 0 0 0 0 1 1 0 1 -1 1 -1 1 0 0 0 1 0 0 0 0 -1 1 0 -1 0 0 0 0 -1 0 0 0 1 0 1 -1 0 0 0 0 0 -1 0 -1 -1 0 0 0 0 1 0 1 1 1 0 0 -1 1 -1 0 0 -1 -1 0 -1 0 0 0 0 0 0 -1 -1 -1 1 0 0 0 -1 1 1 0 0 1 1 -1 0 -1 0 0 -1 -1 0 -1 0 -1 -1 0 1 1 -1 0 1 0 0 0 -1 
-1 0 -1 0 0 0 0 0 -1 1 1 0 1 1 0 0 0 1 0 -1 -1 1 -1 0 1 -1 1 0 -1 1 0 1 0 -1 0 0 0 0 0 0 -1 1 0 -1 0 0 1 0 0 -1 0 1 0 0 1 -1 0 0 -1 0 1 -1 0 0 0 0 1 0 0 -1 0 1 -1 0 0 -1 0 0 0 1 0 0 1 -1 0 1 -1 0 1 -1 1 0 1 -1 0 0 -1 0 -1 0 -1 -1 0 1 0 1 -1 0 1 0 0 0 0 0 1 0 0 -1 -1 -1 -1 -1 1 0 0 1 0 0 -1 1 0 0 0 -1 0 -1 -1 0 0 0 1 0 -1 0 -1 0 -1 0 0 1 0 -1 0 0 1 0 1 -1 0 -1 -1 0 -1 0 0 0 0 -1 0 0 1 0 0 0 0 1 1 1 0 0 -1 1 -1 0 1 0 0 0 -1 0 0 0 -1 0 0 1 0 0 0 0 
0 0 -1 -1 1 -1 0 0 1 1 0 1 -1 1 1 -1 0 0 0 0 0 -1 -1 0 -1 -1 0 -1 0 -1 0 -1 1 0 1 0 1 -1 1 0 0 1 -1 -1 0 0 1 0 0 -1 0 1 1 0 -1 0 1 1 1 1 0 0 1 0 0 0 1 -1 -1 0 0 0 0 0 0 0 0 -1 1 0 0 0 0 -1 0 0 0 0 0 -1 0 0 -1 0 0 1 0 0 -1 1 0 1 -1 0 0 1 1 0 0 0 -1 -1 -1 0 0 -1 1 0 0 0 -1 -1 0 -1 -1 -1 0 1 -1 -1 0 1 -1 -1 0 1 1 1 -1 0 -1 -1 0 0 1 0 -1 -1 1 -1 0 0 -1 0 0 -1 0 0 -1 1 -1 -1 1 0 1 0 0 0 -1 0 0 0 -1 -1 0 0 0 1 1 -1 -1 1 0 0 1 0 1 0 -1 0 1 1 -1 1 1 0 0 -1 0 1 
1 0 0 1 1 1 0 0 0 1 1 1 0 -1 -1 1 -1 0 -1 -1 -1 -1 0 0 0 -1 0 0 1 0 0 0 0 0 0 -1 0 0 0 0 0 1 -1 -1 0 1 0 0 -1 0 0 0 1 0 0 0 1 1 1 1 0 0 -1 1 0 1 1 -1 0 -1 -1 0 1 -1 0 -1 -1 0 0 1 -1 0 0 0 0 0 0 0 0 0 0 -1 0 0 0 0 1 -1 -1 0 0 -1 1 0 -1 0 -1 1 0 -1 -1 1 0 0 0 0 -1 0 0 -1 0 -1 1 1 0 -1 0 0 1 0 1 -1 1 0 -1 1 -1 0 1 0 0 0 -1 -1 1 1 -1 0 0 1 0 0 -1 0 0 0 1 -1 0 0 0 0 -1 0 0 0 1 0 -1 1 -1 0 0 1 1 0 1 0 0 1 0 1 1 0 0 0 1 1 1 -1 -1 -1 0 0 0 1 0 1 -1 -1 
-1 -1 0 0 -1 0 1 0 0 0 0 -1 0 0 0 1 0 1 0 -1 0 -1 -1 1 0 1 -1 0 -1 1 0 0 1 1 0 0 0 1 -1 1 -1 1 0 1 1 1 1 0 -1 0 0 1 0 -1 1 0 0 0 -1 1 1 0 0 0 1 1 1 0 0 0 0 0 1 0 0 1 0 -1 0 0 0 0 1 0 0 1 -1 -1 1 1 1 0 0 0 -1 0 0 -1 0 0 1 -1 -1 -1 0 -1 0 0 0 -1 -1 0 1 1 1 0 -1 1 0 -1 -1 0 0 1 1 -1 0 -1 0 1 0 -1 1 -1 -1 -1 -1 0 -1 0 -1 1 0 0 1 1 -1 -1 -1 0 1 -1 1 0 -1 1 0 -1 0 0 0 0 -1 -1 0 0 -1 1 0 1 0 0 0 -1 0 0 0 1 -1 1 1 -1 0 0 -1 0 0 0 0 0 -1 0 0 -1 -1 -1 1 0 1 1 
0 1 -1 -1 1 0 0 0 1 1 -1 1 -1 0 1 0 1 0 0 1 0 1 -1 1 0 0 1 1 1 0 1 0 0 0 0 -1 0 -1 -1 -1 1 -1 1 -1 -1 0 0 0 0 0 1 -1 1 1 1 1 -1 0 0 -1 -1 -1 0 0 0 -1 -1 0 0 1 0 0 0 0 1 0 0 0 -1 0 0 0 0 0 1 -1 0 0 0 -1 -1 1 1 0 0 -1 1 -1 0 0 1 -1 1 -1 0 0 0 -1 0 1 -1 1 0 -1 0 1 -1 0 -1 0 0 1 -1 0 1 -1 0 -1 0 1 -1 0 1 0 0 1 0 0 0 1 -1 0 0 0 1 0 0 0 -1 0 0 -1 0 0 0 0 0 0 0 -1 -1 0 -1 -1 -1 0 0 1 1 0 1 0 0 0 -1 -1 -1 -1 -1 0 -1 1 -1 -1 0 0 0 0 0 0 1 1 0 0 -1 0 -1 0 0 -1 
-1 0 -1 1 0 -1 -1 0 0 0 -1 1 -1 0 0 0 0 0 0 0 0 1 0 1 1 1 1 0 0 0 1 1 0 -1 0 -1 0 0 0 0 0 -1 0 0 1 1 -1 0 0 1 1 0 -1 -1 1 0 1 0 1 -1 -1 0 -1 0 0 0 0 1 -1 0 -1 0 -1 0 1 1 -1 0 1 0 1 0 0 1 1 0 1 -1 1 0 -1 1 0 -1 -1 1 -1 0 0 -1 0 0 0 0 0 0 1 1 0 -1 1 -1 -1 1 1 0 -1 0 0 1 0 -1 0 0 -1 1 0 0 -1 0 0 0 0 0 1 1 0 0 1 1 -1 1 -1 1 1 -1 -1 0 1 1 -1 1 0 1 -1 0 -1 0 0 -1 0 1 1 0 0 0 0 -1 0 0 0 0 0 -1 0 0 0 0 1 0 0 1 0 -1 1 -1 0 0 0 0 0 0 0 1 0 0 0 0 -1 -1 
-1 1 -1 0 -1 -1 -1 0 1 -1 1 0 -1 1 -1 1 0 1 0 0 0 0 1 -1 -1 0 0 1 0 1 1 1 -1 1 0 -1 1 1 0 -1 0 0 -1 -1 -1 0 1 0 0 -1 -1 -1 -1 0 0 0 0 0 -1 0 1 -1 1 1 0 1 1 -1 -1 1 1 0 0 -1 -1 0 -1 -1 1 0 -1 1 0 -1 0 0 -1 0 0 0 0 1 0 0 0 -1 0 0 1 -1 0 -1 0 0 0 0 1 1 -1 0 0 -1 0 1 0 0 -1 -1 -1 0 0 0 1 1 0 1 0 0 0 1 0 0 0 1 1 0 0 0 1 0 0 0 -1 -1 1 -1 1 0 -1 0 0 1 0 1 0 0 1 -1 0 0 -1 0 0 1 0 0 -1 0 -1 1 -1 0 0 1 0 1 0 0 0 0 0 0 0 0 0 0 1 -1 1 -1 -1 0 1 1 -1 -1 0 -1 -1 1 
0 0 -1 0 -1 1 1 1 1 -1 -1 -1 -1 0 -1 0 1 -1 -1 0 -1 0 0 0 1 1 0 1 -1 -1 0 0 0 -1 1 0 0 0 0 1 -1 0 -1 -1 -1 0 1 0 0 0 -1 0 1 0 0 0 -1 0 0 0 0 0 0 -1 1 -1 -1 -1 -1 1 0 1 1 0 0 0 0 1 -1 -1 0 1 0 1 0 1 -1 0 -1 0 0 0 0 0 1 -1 0 -1 0 -1 0 0 0 1 1 0 0 1 0 0 -1 -1 0 -1 1 0 -1 0 -1 -1 0 0 1 1 0 -1 0 0 0 1 1 -1 -1 1 0 1 0 0 0 1 -1 0 0 0 -1 0 -1 0 1 -1 0 0 -1 1 -1 0 0 1 0 -1 0 -1 0 0 1 0 1 0 0 0 0 1 0 0 0 0 0 0 0 0 0 0 0 -1 1 1 0 0 1 -1 0 0 -1 0 -1 0 0 0 0 0 
1 -1 0 0 1 1 0 0 1 0 -1 -1 0 -1 -1 0 0 0 0 0 1 -1 0 1 1 0 1 1 1 0 1 0 -1 -1 -1 0 -1 0 1 0 1 0 0 0 -1 0 0 0 -1 -1 0 -1 0 1 1 0 -1 -1 -1 0 -1 -1 0 -1 0 0 1 0 -1 -1 -1 0 1 -1 0 0 -1 0 0 1 0 0 1 1 0 0 0 0 1 -1 0 1 1 0 -1 -1 0 0 0 1 0 0 -1 0 1 0 0 1 1 1 -1 1 0 0 0 0 1 0 -1 -1 -1 1 -1 0 0 0 0 1 0 -1 -1 0 0 -1 -1 0 0 -1 0 0 0 0 0 0 1 0 0 1 1 -1 0 1 0 0 1 -1 1 0 -1 -1 0 0 0 0 0 -1 0 1 1 -1 -1 0 0 -1 0 -1 -1 1 -1 0 -1 0 -1 0 -1 0 -1 0 0 0 -1 -1 0 0 0 0 0 0 0 -1 
-1 0 1 0 0 -1 -1 1 -1 1 0 0 -1 0 0 -1 -1 1 -1 0 0 0 0 1 -1 0 1 0 -1 1 -1 0 1 0 1 0 -1 0 0 0 1 0 0 -1 0 1 1 0 -1 0 -1 0 -1 -1 -1 0 0 0 1 0 0 1 0 0 0 -1 1 0 0 0 -1 0 1 0 0 0 1 0 -1 1 1 0 1 1 0 -1 -1 -1 0 -1 -1 0 0 0 1 0 1 0 0 -1 -1 -1 1 0 1 0 -1 1 -1 -1 0 0 0 0 0 0 -1 -1 0 -1 0 -1 0 0 1 0 0 0 0 0 0 0 0 -1 1 0 1 1 -1 -1 -1 0 0 0 1 0 0 0 0 0 0 -1 1 -1 1 0 -1 1 -1 1 -1 1 1 1 -1 0 1 -1 1 0 0 0 0 0 1 0 0 -1 -1 -1 0 -1 0 1 1 -1 0 0 -1 0 -1 0 0 -1 -1 1 0 -1 0 0 
0 0 0 -1 0 -1 0 1 -1 0 0 0 1 1 0 1 1 0 0 1 1 -1 -1 0 0 0 0 1 0 1 1 -1 0 0 0 1 0 1 0 0 0 0 0 1 -1 -1 0 1 1 0 1 1 0 1 -1 0 0 -1 -1 0 1 0 0 1 -1 1 -1 0 0 1 0 0 -1 -1 -1 1 -1 0 1 0 0 -1 -1 0 -1 0 1 -1 1 1 -1 0 -1 0 0 -1 1 1 -1 1 -1 1 1 -1 -1 -1 1 -1 0 1 0 0 0 -1 0 1 0 1 0 0 0 0 0 0 0 0 0 0 1 1 0 0 1 -1 0 0 0 1 0 -1 1 0 -1 1 1 0 1 1 0 0 1 0 -1 0 0 -1 0 0 0 1 1 1 -1 1 0 0 0 -1 0 0 1 -1 0 1 1 0 -1 -1 0 -1 0 1 0 1 1 0 -1 0 0 0 1 -1 0 1 1 0 -1 1 1 1 
0 -1 1 0 0 -1 0 0 -1 0 1 1 1 0 0 0 0 0 0 1 0 0 0 1 0 1 -1 -1 1 0 0 -1 1 -1 0 0 0 0 0 0 -1 1 0 0 0 -1 0 1 0 0 -1 -1 -1 0 -1 0 0 0 1 -1 -1 -1 -1 0 1 0 0 -1 0 -1 0 1 0 0 -1 -1 -1 0 1 -1 0 0 0 -1 0 0 -1 0 0 0 0 1 0 1 0 0 0 0 1 1 0 1 1 1 0 0 -1 0 1 0 1 0 -1 0 0 -1 -1 -1 1 0 -1 0 0 -1 -1 1 -1 -1 -1 0 0 -1 1 0 0 -1 -1 0 0 0 -1 0 1 0 0 0 0 1 0 -1 1 0 -1 1 -1 0 0 -1 -1 0 0 0 0 -1 -1 0 0 -1 -1 0 0 0 0 -1 0 0 0 0 1 1 1 0 1 1 0 -1 1 1 1 0 0 1 0 0 0 -1 0 -1 1 1 
0 0 -1 0 1 -1 0 -1 0 0 0 1 -1 0 0 0 0 0 0 -1 1 -1 0 1 0 -1 0 0 -1 0 0 1 1 0 0 0 -1 0 0 0 -1 0 -1 0 0 0 -1 0 1 0 1 1 0 -1 -1 0 0 0 0 -1 1 1 -1 0 -1 0 -1 0 1 0 0 0 1 -1 -1 1 -1 0 0 1 -1 -1 0 0 0 0 1 0 -1 -1 1 0 -1 0 0 -1 0 -1 0 -1 0 -1 0 0 0 1 1 0 1 0 1 -1 -1 0 0 0 0 1 -1 1 1 1 1 0 -1 0 1 -1 -1 -1 -1 1 -1 1 0 1 1 1 0 1 0 0 0 0 0 0 1 1 -1 0 0 -1 0 0 1 1 1 -1 0 -1 -1 0 0 1 1 -1 0 0 -1 0 0 1 -1 0 1 -1 0 1 -1 1 1 1 0 0 -1 0 0 0 0 1 0 0 0 0 0 1 0 0 0 1 
0 0 1 1 1 1 0 0 0 0 -1 0 0 0 1 0 -1 0 1 0 0 0 -1 0 1 -1 0 1 0 0 -1 -1 0 0 0 -1 1 0 1 0 1 1 -1 0 0 0 0 -1 0 0 -1 1 0 0 0 1 1 0 0 -1 -1 -1 -1 0 0 1 0 0 0 -1 -1 -1 -1 0 0 0 0 0 0 -1 0 0 1 1 0 1 1 1 -1 -1 0 0 1 0 -1 0 -1 0 0 0 -1 0 0 0 0 0 0 1 0 1 0 0 -1 0 0 0 -1 1 1 0 1 0 1 0 0 1 0 1 0 0 1 -1 1 -1 0 0 0 1 1 1 0 -1 1 0 -1 -1 -1 0 0 0 1 0 -1 0 -1 -1 -1 1 -1 0 -1 -1 0 0 0 -1 -1 0 0 0 0 -1 1 0 1 -1 1 0 -1 1 1 -1 0 1 1 1 0 1 0 0 1 0 -1 -1 -1 0 1 -1 1 1 
1 1 0 -1 0 0 -1 0 -1 0 0 -1 -1 -1 0 0 1 0 0 1 0 0 -1 1 -1 0 -1 0 0 -1 -1 0 -1 0 1 -1 -1 -1 1 0 1 0 0 -1 1 -1 0 1 1 1 -1 0 1 -1 -1 1 1 -1 0 0 1 0 1 1 1 -1 0 -1 1 1 -1 -1 1 1 1 0 -1 1 -1 0 0 0 0 0 0 0 0 0 -1 1 1 1 0 1 1 -1 -1 1 0 1 -1 0 1 0 -1 0 0 1 -1 0 0 0 0 1 0 -1 1 0 -1 0 -1 0 0 -1 0 0 1 0 -1 0 0 0 -1 -1 1 0 1 1 1 0 0 0 -1 1 -1 1 -1 0 0 1 0 1 0 -1 1 0 0 0 0 0 0 1 -1 1 0 1 1 -1 0 -1 -1 0 1 0 -1 1 1 -1 1 0 1 -1 1 -1 0 0 0 0 -1 1 0 -1 1 0 0 0 0 1 1 0 
-1 0 -1 1 0 1 -1 -1 -1 1 -1 1 -1 1 -1 0 -1 -1 -1 0 1 0 1 0 -1 0 1 1 1 0 -1 0 -1 -1 1 0 0 0 -1 0 0 1 0 -1 0 -1 0 -1 0 0 -1 0 0 1 0 0 -1 0 0 -1 0 0 0 0 -1 -1 0 -1 1 -1 0 -1 1 0 0 0 0 -1 0 0 0 1 -1 1 0 0 1 -1 0 -1 0 0 1 0 0 0 1 0 1 0 0 0 0 1 1 -1 -1 1 0 0 1 1 0 0 0 1 -1 0 -1 0 -1 0 0 0 1 0 0 1 0 0 0 0 -1 -1 1 1 0 0 1 1 1 0 -1 0 -1 -1 0 0 0 0 -1 0 0 -1 -1 0 1 0 0 0 0 0 0 1 1 -1 0 0 -1 0 0 -1 0 0 -1 -1 -1 -1 0 -1 0 0 0 0 -1 -1 -1 -1 0 -1 0 -1 0 1 -1 -1 0 0 1 1 
1 -1 1 -1 0 0 1 0 1 0 1 0 -1 0 -1 1 -1 1 0 1 0 0 1 0 0 0 -1 0 1 1 -1 -1 0 0 1 0 -1 0 -1 0 1 0 0 0 0 0 0 -1 0 1 1 0 1 1 -1 1 0 -1 0 1 0 1 -1 0 -1 1 0 1 1 0 1 -1 -1 1 -1 1 0 0 -1 -1 1 0 1 0 0 -1 0 1 1 0 0 0 1 -1 0 0 0 1 0 1 0 1 0 0 0 1 0 0 -1 1 0 -1 -1 0 -1 0 0 -1 0 0 1 0 0 1 0 0 -1 0 -1 0 0 -1 0 0 0 0 1 0 1 0 0 -1 -1 -1 -1 0 0 0 0 -1 -1 0 1 0 1 -1 1 -1 0 1 -1 1 1 -1 -1 1 1 0 1 1 1 1 1 1 0 1 0 1 0 -1 0 1 0 0 -1 1 0 -1 0 0 0 0 0 0 1 0 0 -1 0 0 
0 0 0 0 -1 0 -1 0 0 1 0 -1 0 0 0 1 1 0 0 0 -1 0 0 0 0 0 0 0 1 1 1 0 0 -1 0 1 0 -1 0 1 0 1 -1 -1 1 0 1 1 -1 1 -1 0 0 0 1 1 0 0 0 0 -1 0 -1 0 0 1 0 0 0 0 0 0 0 -1 -1 -1 0 -1 -1 0 -1 1 0 0 0 0 0 0 1 1 1 0 0 -1 0 1 0 0 0 1 0 1 1 1 1 -1 0 -1 0 0 -1 -1 1 0 1 0 -1 -1 1 0 1 0 -1 0 0 0 -1 0 1 1 0 0 0 1 1 1 1 1 -1 1 0 0 0 -1 1 0 1 0 0 0 0 0 -1 1 0 -1 1 1 -1 0 1 0 0 0 -1 0 1 0 0 1 0 -1 -1 0 0 0 -1 -1 -1 1 -1 0 -1 0 0 0 0 1 1 0 1 1 -1 0 0 1 0 0 1 1 
0 -1 0 0 -1 -1 0 1 0 0 1 0 0 0 -1 0 0 0 0 1 -1 0 -1 -1 0 0 0 0 0 0 1 0 0 0 0 0 1 -1 1 1 0 -1 0 1 0 -1 0 0 0 0 0 0 0 0 1 0 0 0 0 0 1 0 1 0 0 0 0 0 -1 1 -1 1 0 0 1 -1 0 0 -1 -1 0 0 1 1 0 1 0 1 1 -1 0 0 0 1 0 1 1 -1 0 0 -1 0 0 1 0 0 0 0 0 0 -1 0 0 -1 0 1 -1 1 1 1 1 1 -1 0 0 0 0 0 0 0 1 1 -1 -1 0 1 1 0 -1 0 -1 1 0 0 1 1 0 -1 0 0 0 0 0 0 -1 0 -1 1 -1 0 1 0 -1 -1 0 0 1 0 1 -1 0 -1 -1 -1 0 1 0 0 0 -1 -1 0 1 0 0 1 0 1 0 1 0 0 0 1 -1 1 0 -1 0 -1 
0 1 1 0 -1 1 -1 0 1 0 0 0 0 0 -1 0 0 0 1 1 0 0 -1 0 1 0 1 1 0 -1 -1 0 0 0 0 0 0 0 0 -1 0 0 1 -1 0 0 0 0 -1 0 1 1 0 0 0 0 0 0 0 0 0 -1 0 0 0 0 0 0 0 1 0 -1 0 -1 1 -1 0 0 1 1 0 0 1 0 0 -1 0 1 0 0 0 0 -1 0 -1 1 -1 -1 -1 -1 0 0 0 0 0 1 -1 -1 -1 -1 0 1 1 0 0 0 0 0 0 0 1 0 0 0 -1 0 -1 0 0 1 0 0 1 1 -1 1 0 1 0 0 0 0 -1 0 0 -1 0 0 0 0 1 1 0 1 0 -1 -1 1 0 0 0 -1 1 -1 1 -1 0 0 0 0 0 0 0 1 0 1 0 -1 -1 0 -1 0 -1 0 -1 -1 -1 0 0 0 1 0 -1 0 -1 -1 -1 0 1 -1 
-1 -1 1 0 1 1 0 -1 0 -1 1 0 -1 -1 0 0 1 0 0 0 -1 0 1 1 -1 -1 1 0 0 0 0 0 0 -1 0 0 1 0 0 -1 -1 0 -1 0 1 -1 0 0 -1 0 -1 -1 1 -1 -1 1 1 0 0 1 0 0 0 1 1 1 1 0 0 -1 1 1 -1 0 0 1 -1 1 0 0 1 0 -1 -1 -1 0 0 0 1 0 1 1 1 0 1 1 1 0 0 -1 -1 0 0 -1 0 -1 0 -1 0 -1 1 -1 -1 0 0 0 0 1 1 1 1 0 0 1 1 1 0 0 0 0 -1 1 -1 0 0 0 0 0 0 1 -1 1 1 1 0 0 0 -1 0 0 0 -1 0 -1 -1 0 -1 1 -1 0 0 1 0 -1 1 1 0 0 -1 0 0 0 1 0 -1 1 0 0 0 0 1 -1 0 1 0 0 1 0 0 0 1 0 0 0 -1 1 1 -1 -1 1 
-1 1 -1 1 1 0 0 -1 0 0 -1 0 0 -1 -1 1 -1 1 0 0 1 0 -1 -1 1 0 1 1 -1 0 0 -1 1 0 -1 0 0 -1 1 0 1 -1 -1 0 -1 -1 0 0 0 0 1 0 1 0 0 0 0 -1 0 -1 1 -1 -1 1 0 -1 1 0 1 0 0 1 -1 -1 -1 0 -1 -1 1 0 0 0 0 -1 0 0 0 -1 0 0 0 1 -1 0 0 -1 0 -1 0 0 1 0 -1 -1 0 0 0 0 1 0 -1 1 1 -1 0 0 0 1 -1 0 0 0 -1 -1 -1 0 0 -1 1 0 0 1 0 0 0 1 1 0 0 0 -1 0 1 1 -1 0 -1 -1 0 -1 0 0 0 1 0 0 0 -1 1 -1 0 0 0 -1 0 -1 -1 -1 0 0 -1 -1 0 0 0 -1 -1 -1 -1 -1 0 1 0 0 -1 -1 -1 -1 0 0 -1 0 0 -1 0 0 -1 1 -1 0 
1 1 0 0 0 0 1 -1 0 -1 -1 1 0 0 -1 1 0 0 1 0 0 0 -1 0 1 0 0 -1 -1 0 1 1 0 -1 1 -1 0 0 0 0 -1 0 0 0 -1 0 1 0 0 -1 0 0 0 0 1 0 0 0 -1 -1 1 0 0 1 0 -1 0 -1 1 0 1 0 0 -1 1 1 1 -1 1 0 0 1 1 -1 -1 0 0 0 0 -1 1 0 0 -1 -1 1 1 0 -1 1 1 0 -1 0 0 -1 0 0 -1 -1 0 0 1 0 1 0 1 0 1 0 0 -1 1 0 0 0 0 -1 -1 -1 1 0 -1 1 0 0 1 0 0 0 0 0 -1 0 0 0 1 1 1 -1 0 -1 0 1 1 -1 0 0 -1 1 0 1 1 1 0 -1 0 0 0 0 0 0 1 0 -1 0 0 1 1 -1 -1 1 1 0 0 0 0 0 0 0 0 -1 0 -1 0 1 -1 0 -1 0 
0 0 1 -1 1 0 1 1 0 0 0 0 0 0 0 1 -1 1 -1 0 0 -1 0 1 0 0 0 1 0 0 1 -1 0 1 -1 1 -1 0 -1 -1 1 1 1 1 0 1 -1 1 0 -1 0 0 1 -1 -1 -1 0 0 0 0 -1 -1 0 -1 0 0 0 1 0 1 0 0 1 0 1 -1 1 0 0 1 1 1 0 0 -1 0 0 -1 0 0 1 0 1 0 0 1 1 0 0 0 -1 1 0 1 0 0 1 0 0 1 0 1 0 0 0 0 0 0 1 0 1 0 0 -1 -1 -1 1 1 0 0 0 0 0 0 0 0 0 0 -1 0 1 1 0 1 -1 1 0 -1 1 0 -1 0 1 0 -1 -1 -1 1 0 0 0 0 0 -1 1 -1 -1 0 1 0 0 0 0 1 1 0 0 0 -1 0 0 1 0 0 1 1 -1 -1 0 0 0 0 -1 1 1 0 0 0 0 1 
1 -1 -1 -1 0 1 1 1 0 -1 1 0 -1 1 0 0 0 0 -1 1 0 0 -1 0 0 0 1 0 0 -1 0 0 1 -1 0 1 0 0 1 1 0 -1 0 1 1 0 1 1 0 0 0 1 1 0 1 0 0 1 -1 0 1 1 0 1 0 -1 1 1 -1 -1 0 0 1 -1 0 -1 0 0 -1 0 -1 1 -1 1 0 1 0 -1 0 0 0 0 0 0 0 1 0 0 1 0 1 0 0 -1 0 0 0 0 0 1 0 1 1 1 -1 0 -1 0 1 0 0 0 0 0 0 1 -1 1 -1 0 0 0 0 1 -1 0 1 1 1 0 1 1 1 0 0 1 0 0 -1 0 0 0 0 -1 1 0 -1 1 1 0 0 0 0 0 1 1 -1 -1 1 1 0 0 0 0 0 1 0 0 0 -1 -1 -1 1 0 1 0 0 0 0 -1 1 1 0 0 0 1 0 0 1 0 
-1 -1 0 0 1 1 -1 0 0 1 -1 0 0 1 0 0 -1 0 0 0 1 -1 -1 1 -1 0 0 1 1 0 0 -1 0 -1 1 0 0 0 0 0 0 0 1 1 1 1 0 -1 0 -1 -1 1 0 1 1 0 -1 0 0 0 0 0 1 0 0 0 -1 1 0 0 1 1 -1 -1 0 0 0 1 1 -1 0 0 0 0 -1 0 1 -1 1 -1 1 1 1 0 0 0 0 1 0 0 0 -1 0 1 1 -1 1 0 0 0 -1 1 0 1 0 0 0 0 -1 0 1 1 -1 1 0 1 0 0 0 -1 1 0 1 1 0 1 -1 0 0 0 0 -1 0 0 0 0 0 1 0 1 -1 0 0 0 -1 0 0 1 1 0 1 -1 0 0 1 -1 -1 1 0 1 0 0 -1 1 -1 -1 1 -1 -1 0 0 1 0 0 -1 -1 0 0 0 0 0 1 -1 1 -1 -1 -1 0 0 -1 
1 0 1 0 1 0 1 -1 0 -1 -1 -1 0 -1 1 0 0 0 -1 1 0 1 -1 -1 0 0 1 0 -1 0 0 1 0 1 0 1 0 0 1 1 0 1 0 0 0 -1 1 -1 0 1 1 -1 0 0 0 1 0 0 0 0 -1 0 0 -1 0 0 -1 1 1 1 1 0 -1 0 1 -1 -1 1 -1 -1 0 0 0 0 1 0 0 0 1 1 0 1 0 0 1 0 -1 0 1 0 0 -1 0 0 0 0 1 1 1 1 -1 -1 -1 1 1 0 0 0 0 1 0 0 1 0 1 -1 -1 0 0 -1 0 0 1 -1 -1 0 0 -1 1 1 -1 0 0 0 1 0 -1 0 -1 1 0 -1 1 1 1 -1 1 0 0 0 0 -1 0 0 1 0 0 1 -1 1 0 1 -1 -1 0 -1 0 0 0 0 0 1 -1 0 -1 0 -1 0 -1 -1 1 0 -1 -1 0 1 -1 0 0 -1 
0 -1 0 0 0 0 0 0 0 1 0 -1 0 0 0 0 1 0 0 0 0 0 0 -1 0 1 -1 0 1 -1 0 0 1 1 1 0 -1 1 0 1 1 -1 0 1 0 1 0 0 0 1 -1 0 1 0 -1 0 0 -1 0 1 0 1 1 0 1 0 0 0 1 0 -1 1 0 0 0 0 0 1 -1 0 0 0 1 0 0 -1 0 1 1 1 1 0 0 1 1 1 1 -1 0 -1 0 0 0 0 0 1 1 1 1 0 1 -1 0 0 -1 0 0 0 -1 1 0 0 -1 1 0 0 0 0 0 0 -1 -1 0 0 0 -1 0 0 0 1 1 1 -1 0 1 0 0 -1 0 0 0 0 -1 -1 0 1 1 1 1 0 0 1 0 0 -1 0 0 0 0 0 0 0 -1 -1 1 -1 1 0 -1 0 1 1 0 1 0 1 -1 1 1 0 1 -1 1 1 0 -1 0 -1 1 0 
0 0 1 0 1 0 0 1 0 -1 0 0 0 0 0 -1 -1 1 0 -1 0 0 1 1 1 1 1 0 -1 0 -1 -1 0 -1 0 -1 0 0 -1 0 -1 0 0 0 0 -1 0 0 1 1 1 0 0 -1 -1 -1 1 -1 0 0 0 1 -1 0 0 1 -1 -1 1 1 0 0 1 1 0 -1 0 -1 1 -1 1 1 0 -1 1 -1 -1 1 -1 0 1 1 -1 0 -1 -1 1 0 0 0 -1 0 0 0 1 1 0 0 -1 1 0 0 -1 -1 0 0 -1 -1 0 -1 0 -1 1 -1 1 0 1 0 -1 1 0 0 0 0 -1 0 1 0 -1 0 1 1 0 0 1 1 -1 -1 1 0 1 0 -1 1 -1 -1 -1 -1 -1 0 1 0 -1 -1 1 1 -1 0 1 0 0 1 0 -1 0 0 0 0 0 0 0 1 0 1 -1 1 1 1 0 1 0 0 1 1 0 0 -1 0 1 0 
0 0 1 0 -1 0 1 0 1 -1 1 1 1 1 -1 1 0 0 0 0 0 0 1 -1 0 -1 0 0 1 1 0 1 0 0 -1 0 0 1 0 1 -1 1 0 0 -1 1 1 0 0 1 -1 -1 0 0 1 1 -1 0 0 0 0 1 1 1 0 0 0 0 1 0 -1 0 0 0 0 -1 1 1 -1 0 0 0 0 0 1 0 0 0 -1 -1 1 0 0 1 0 1 -1 -1 0 0 0 0 1 0 -1 -1 -1 0 1 0 -1 0 0 -1 0 -1 0 1 -1 0 1 0 -1 1 0 0 -1 1 -1 0 -1 0 0 0 1 -1 -1 0 -1 0 0 -1 0 0 1 1 0 -1 0 0 1 1 0 -1 0 0 -1 1 -1 1 -1 0 0 -1 0 0 0 0 -1 0 -1 1 0 0 0 0 0 -1 1 1 0 -1 1 1 0 0 0 -1 -1 0 0 0 1 1 0 -1 0 0 -1 0 
0 0 0 0 0 -1 -1 0 1 1 -1 0 0 0 -1 0 0 0 -1 0 0 0 -1 1 0 0 1 0 -1 1 -1 1 0 -1 0 -1 0 -1 1 0 -1 0 0 -1 0 1 -1 0 -1 -1 -1 -1 0 1 -1 1 1 1 0 0 0 0 0 -1 0 1 0 0 0 0 1 1 1 1 0 1 0 0 0 0 0 0 0 -1 -1 -1 0 1 0 -1 1 0 0 1 0 0 0 -1 0 0 0 0 1 0 -1 0 1 -1 -1 1 0 1 -1 0 0 0 0 0 0 1 1 1 -1 0 1 0 0 1 0 0 0 1 1 1 0 -1 1 -1 1 0 0 0 1 0 0 0 0 0 -1 1 0 0 -1 -1 1 -1 1 -1 1 0 0 0 0 1 0 0 1 0 -1 0 0 0 -1 -1 0 0 0 0 0 -1 1 -1 1 -1 0 -1 1 1 -1 1 -1 0 1 -1 0 1 0 0 1 1 

1 9 6 8 5 3 6 6 10 5 8 6 7 10 4 5 5 5 5 10 3 7 5 1 3 6 3 6 6 10 6 9 10 1 4 1 3 1 10 7 10 3 2 10 2 10 10 6 7 4 10 9 9 9 4 6 6 1 5 5 9 4 1 5 6 4 9 10 6 6 5 1 10 6 1 1 1 1 8 1 4 4 9 7 9 7 3 10 3 1 2 8 5 1 9 7 10 4 7 2 