100 200
-1 0 -1 -1 1 0 0 0 -1 0 -1 1 1 0 -1 1 0 -1 -1 0 0 0 -1 1 0 0 -1 -1 -1 1 0 0 0 1 0 -1 1 0 -1 -1 -1 -1 0 0 0 0 0 0 0 1 -1 0 1 0 1 0 -1 -1 1 0 0 -1 1 0 0 0 0 0 0 1 -1 0 0 -1 0 0 0 0 1 -1 1 1 1 0 -1 -1 0 0 0 0 -1 0 1 0 0 1 0 0 1 0 -1 0 0 -1 1 0 0 -1 -1 0 0 1 0 0 0 -1 0 1 1 0 0 0 -1 0 1 0 1 0 0 0 0 1 0 -1 -1 1 1 1 0 0 0 0 0 0 1 0 -1 0 -1 0 -1 0 -1 0 1 0 -1 0 1 1 -1 0 0 -1 1 0 0 1 0 0 1 1 0 0 -1 1 0 0 0 0 -1 0 0 0 0 0 0 0 0 0 0 -1 0 0 0 1 0 1 0 -1 
0 0 1 0 -1 0 -1 -1 0 1 0 0 0 -1 0 1 -1 1 0 -1 1 -1 0 1 -1 1 0 -1 0 -1 0 0 0 1 0 0 0 0 -1 0 -1 0 0 1 0 0 -1 1 0 0 -1 0 0 0 0 -1 -1 0 0 1 0 1 -1 0 0 0 0 1 0 0 0 0 -1 0 1 0 1 -1 0 -1 0 1 1 0 1 0 1 -1 1 1 0 0 0 -1 0 0 -1 -1 0 0 -1 -1 0 1 0 1 0 1 0 1 0 0 -1 1 0 -1 -1 -1 -1 1 0 1 0 -1 1 -1 1 0 1 1 0 0 0 0 0 1 -1 0 0 0 0 0 0 -1 0 -1 0 0 0 -1 1 0 -1 0 -1 -1 0 1 -1 -1 1 -1 1 0 1 0 -1 0 -1 0 0 0 1 0 1 0 -1 0 -1 -1 0 1 0 -1 0 0 -1 -1 0 0 1 1 0 0 0 0 -1 -1 1 1 
-1 0 1 0 -1 1 0 1 1 0 -1 0 1 0 1 0 0 -1 -1 1 1 1 0 0 0 0 1 0 0 -1 0 1 -1 -1 -1 0 1 1 0 -1 0 -1 0 1 0 -1 1 0 0 0 1 1 0 1 -1 1 0 1 1 -1 1 1 0 1 1 -1 0 0 1 0 0 -1 1 0 1 0 0 1 0 -1 1 1 0 -1 0 1 1 -1 0 1 0 0 0 0 1 -1 0 0 0 -1 1 0 0 -1 0 1 0 1 0 1 -1 -1 -1 0 0 0 1 1 0 -1 1 0 0 0 0 0 0 -1 -1 -1 1 1 0 1 0 0 1 0 -1 1 0 -1 0 0 0 -1 0 0 0 0 0 -1 0 0 1 -1 0 0 1 0 1 1 -1 1 0 0 0 0 -1 1 0 0 0 1 -1 1 -1 1 0 0 1 0 0 -1 0 1 1 0 0 0 -1 -1 -1 0 0 1 0 0 0 0 
1 -1 -1 1 0 1 0 0 -1 1 0 -1 -1 -1 0 0 1 -1 -1 1 1 -1 1 0 1 -1 0 0 0 0 1 -1 0 0 0 0 -1 0 -1 0 1 1 0 0 1 0 1 1 0 0 0 1 0 1 0 -1 1 0 0 0 -1 -1 -1 -1 0 0 0 0 1 -1 0 -1 0 -1 0 0 0 0 0 1 0 0 0 1 0 1 0 0 0 0 0 1 1 1 1 1 0 1 1 1 -1 -1 1 1 -1 -1 1 1 0 -1 1 0 0 1 1 0 0 0 -1 -1 1 0 -1 0 1 0 0 1 0 0 0 -1 0 1 1 -1 -1 1 1 1 1 0 0 -1 -1 0 0 0 1 0 0 1 1 0 0 0 -1 0 1 0 0 0 1 0 1 -1 0 0 0 -1 0 -1 1 0 0 0 -1 1 1 0 -1 -1 1 0 -1 0 0 -1 0 -1 1 -1 0 0 0 -1 0 -1 0 0 
0 -1 1 0 -1 0 1 0 0 0 -1 0 0 0 0 -1 0 1 0 0 -1 1 0 0 1 0 1 -1 0 -1 -1 -1 0 0 0 1 0 0 1 0 -1 1 1 0 1 -1 0 0 -1 -1 -1 1 0 0 -1 0 1 0 1 -1 0 -1 0 1 0 1 -1 1 0 1 0 1 0 1 0 -1 0 0 0 0 1 0 -1 0 1 0 -1 1 1 -1 0 0 0 1 -1 1 1 0 1 0 1 0 -1 1 0 -1 0 1 0 0 1 1 0 1 0 0 0 1 0 0 0 -1 0 0 1 1 0 1 0 1 0 0 1 -1 1 1 1 1 0 -1 0 -1 1 -1 -1 1 1 1 0 -1 -1 1 0 0 0 1 0 0 1 -1 1 -1 1 0 0 0 0 -1 0 -1 0 -1 1 0 0 0 1 0 0 -1 -1 0 1 0 0 0 0 1 -1 1 -1 0 0 1 -1 0 0 1 0 1 
-1 0 -1 -1 1 0 -1 0 1 1 -1 0 -1 0 0 0 0 1 1 0 0 -1 1 0 1 0 -1 -1 1 1 0 -1 1 0 -1 0 -1 1 0 0 -1 1 1 0 0 0 1 -1 0 0 -1 0 1 0 1 0 1 -1 0 -1 1 0 0 0 0 0 1 0 0 -1 0 0 1 -1 0 -1 0 0 -1 0 0 0 1 0 0 -1 -1 0 0 0 1 1 -1 -1 1 0 -1 0 -1 0 0 1 0 1 -1 0 1 0 1 -1 0 0 0 0 0 0 0 0 0 0 1 0 1 0 -1 -1 0 0 0 0 -1 1 1 1 0 1 0 -1 0 0 0 1 0 1 1 0 1 1 -1 -1 -1 -1 0 0 0 0 0 -1 -1 0 0 0 -1 0 0 -1 1 -1 -1 -1 -1 -1 0 0 -1 -1 -1 -1 0 0 -1 -1 0 1 0 1 1 1 1 1 0 1 0 1 0 0 0 0 1 1 
-1 0 1 1 -1 0 0 1 0 0 -1 0 -1 1 0 0 0 -1 -1 -1 0 1 0 0 0 0 0 -1 0 1 -1 1 1 -1 -1 0 0 1 0 -1 0 -1 1 1 0 0 1 0 0 -1 0 0 0 1 0 0 1 0 -1 0 -1 0 -1 0 0 0 0 0 0 1 -1 0 0 0 -1 0 -1 0 0 1 0 -1 -1 -1 0 -1 1 1 0 1 0 0 1 -1 0 0 0 -1 0 1 -1 1 1 1 0 1 0 0 0 0 0 0 -1 0 1 0 -1 1 1 -1 1 -1 0 -1 0 0 0 0 -1 -1 1 0 1 0 0 0 0 0 -1 -1 1 -1 0 -1 0 -1 0 1 0 -1 -1 -1 -1 0 0 1 0 1 1 1 0 0 1 0 0 -1 -1 -1 1 0 -1 1 0 -1 -1 0 0 0 0 0 -1 1 0 0 0 0 1 -1 -1 1 0 0 -1 0 0 -1 0 -1 0 0 
-1 0 -1 0 0 1 1 1 0 1 1 -1 -1 0 1 -1 0 1 1 -1 1 -1 0 -1 0 -1 0 0 -1 0 1 1 1 0 0 -1 0 1 0 0 0 0 0 -1 -1 0 0 0 0 1 1 0 -1 0 -1 0 0 0 -1 1 0 -1 -1 -1 0 0 0 0 0 0 1 0 1 0 0 -1 1 0 0 1 0 0 0 1 1 1 1 -1 -1 0 0 1 -1 0 -1 0 0 1 0 0 1 -1 1 0 0 1 -1 -1 1 0 0 1 0 -1 0 1 -1 0 0 0 0 0 -1 0 0 0 0 0 -1 0 0 0 0 -1 -1 0 0 -1 -1 0 0 0 -1 1 1 1 0 1 0 0 0 0 0 -1 -1 0 0 -1 0 0 -1 1 1 1 0 1 -1 0 -1 -1 1 0 1 0 -1 0 -1 -1 1 1 -1 0 0 1 0 0 1 0 0 0 1 1 -1 1 -1 1 0 -1 1 -1 
1 -1 1 0 0 -1 1 1 -1 -1 0 0 -1 -1 0 1 -1 0 0 1 0 0 0 0 -1 0 1 0 0 -1 -1 0 0 0 -1 0 0 0 1 1 -1 1 1 0 1 1 0 -1 0 0 -1 1 0 0 0 0 0 0 0 -1 0 -1 -1 0 1 -1 1 1 -1 0 -1 0 -1 1 1 0 1 0 -1 1 1 0 0 -1 1 -1 0 -1 0 0 -1 -1 0 1 1 0 0 -1 -1 0 0 1 1 0 0 0 0 0 0 0 0 0 0 0 0 0 0 1 0 0 -1 1 0 0 0 0 0 0 0 1 -1 0 0 0 -1 1 1 0 0 0 -1 -1 0 1 -1 -1 1 -1 0 -1 0 0 0 1 0 -1 0 -1 0 -1 -1 0 0 -1 0 1 1 1 1 0 -1 0 -1 1 0 1 0 -1 0 0 0 1 0 -1 1 0 1 0 0 0 1 0 1 -1 0 0 1 0 -1 0 
0 1 1 0 0 1 -1 -1 1 0 -1 0 -1 0 -1 1 0 1 -1 1 -1 0 -1 0 0 -1 0 0 1 0 -1 -1 1 0 1 1 -1 0 0 0 1 0 1 1 0 0 0 0 0 0 0 1 0 -1 0 0 0 0 0 0 0 -1 -1 0 0 -1 -1 1 0 1 -1 1 0 0 0 0 -1 0 0 1 -1 0 0 1 0 1 1 1 -1 0 -1 0 0 0 0 0 -1 -1 0 -1 1 0 0 1 -1 0 1 0 1 0 0 1 -1 -1 1 0 0 0 -1 0 0 0 1 1 0 -1 1 -1 1 0 0 1 -1 0 1 1 1 0 0 -1 1 -1 -1 1 1 -1 -1 0 0 1 1 0 1 0 0 -1 -1 1 0 0 0 0 0 1 0 -1 -1 -1 1 -1 1 0 0 0 0 -1 -1 0 -1 0 1 0 0 1 1 1 -1 -1 0 -1 -1 1 0 -1 -1 0 -1 0 1 0 
0 0 -1 -1 1 1 0 1 0 0 -1 1 0 0 0 0 1 0 -1 1 -1 1 -1 1 0 0 0 0 0 0 1 0 0 -1 0 0 0 0 1 1 0 -1 0 -1 0 -1 1 0 0 0 -1 0 0 1 0 0 -1 1 0 0 -1 0 0 0 0 -1 1 0 0 -1 0 0 0 0 0 1 0 1 0 -1 1 0 0 0 -1 -1 -1 0 -1 0 0 -1 0 0 0 0 -1 0 0 0 -1 1 -1 0 0 1 -1 1 0 0 0 0 1 0 0 1 0 -1 -1 0 1 0 0 1 1 -1 1 0 0 0 1 0 -1 0 0 0 1 -1 -1 0 -1 0 0 1 0 -1 1 0 0 0 -1 1 -1 0 0 0 0 -1 0 -1 0 0 1 1 1 0 1 1 1 1 0 1 0 0 0 1 1 1 1 0 0 0 -1 0 1 -1 1 0 0 -1 1 1 0 0 -1 1 -1 0 -1 -1 
0 0 -1 1 0 0 -1 -1 1 1 0 0 -1 -1 0 -1 1 0 -1 1 0 1 0 1 0 0 1 1 0 0 0 0 0 1 0 0 1 -1 0 0 0 -1 1 -1 1 0 0 -1 0 0 1 0 0 0 0 0 1 0 0 0 0 0 1 -1 0 0 -1 -1 0 0 1 0 -1 1 -1 -1 -1 1 -1 -1 1 0 0 0 -1 0 0 -1 1 1 0 1 1 1 0 0 0 0 -1 0 1 -1 0 -1 0 0 -1 -1 -1 0 0 0 0 -1 -1 0 -1 1 0 1 1 -1 0 0 1 1 1 0 0 -1 1 0 -1 0 0 1 0 0 -1 0 -1 0 -1 1 -1 -1 0 1 0 0 1 -1 -1 1 0 0 1 0 0 1 0 0 0 0 1 0 0 0 0 0 1 -1 1 0 0 -1 -1 0 1 0 0 1 0 0 -1 -1 0 -1 0 0 -1 0 0 0 1 0 1 -1 1 0 
1 -1 0 1 -1 0 0 -1 1 -1 0 1 0 -1 0 0 0 0 1 0 0 0 0 -1 1 0 1 1 -1 -1 1 1 -1 0 0 0 1 0 0 -1 -1 -1 0 0 0 0 1 0 -1 -1 1 0 0 0 -1 0 0 0 0 0 0 0 0 0 -1 0 0 0 -1 0 0 0 -1 0 -1 -1 0 0 1 0 0 0 0 1 -1 -1 0 1 0 -1 1 0 1 -1 -1 -1 0 0 0 1 0 -1 0 -1 1 1 0 0 0 0 1 0 0 0 -1 0 -1 1 0 0 1 0 0 -1 0 1 1 -1 0 -1 -1 0 0 0 -1 -1 0 1 -1 -1 0 1 -1 0 -1 -1 0 1 1 0 -1 0 1 0 1 -1 0 0 0 1 1 0 1 -1 0 0 -1 1 1 0 0 1 1 0 -1 -1 -1 0 1 0 1 0 1 -1 1 1 0 0 0 1 1 1 -1 0 0 0 1 1 0 -1 
-1 0 -1 1 0 0 1 0 0 0 0 0 0 0 0 0 0 1 0 0 1 -1 1 0 1 0 0 -1 0 0 -1 -1 0 -1 0 0 1 0 0 0 -1 1 1 -1 1 1 1 1 -1 -1 0 1 -1 -1 1 0 1 0 1 -1 0 0 -1 0 1 0 0 1 1 0 -1 0 -1 -1 -1 0 -1 0 1 0 0 0 0 -1 0 0 0 -1 -1 0 0 -1 0 -1 -1 1 -1 -1 0 0 1 -1 0 0 1 0 0 -1 0 0 -1 0 -1 -1 0 -1 0 1 0 -1 1 0 0 0 0 0 1 1 0 -1 0 -1 0 1 1 0 0 1 1 0 0 1 1 0 0 -1 0 1 -1 0 -1 -1 0 1 0 1 0 1 0 0 0 1 1 0 -1 0 0 0 0 1 0 1 1 0 -1 1 0 0 0 -1 -1 -1 0 -1 1 -1 1 0 -1 -1 0 1 0 1 1 -1 0 0 -1 0 
1 1 1 0 1 0 -1 1 0 1 0 0 -1 -1 1 0 1 -1 0 0 1 -1 0 0 0 -1 -1 0 -1 0 0 0 0 0 0 0 -1 1 -1 0 0 1 0 1 -1 1 -1 0 -1 0 0 0 0 -1 -1 1 1 0 -1 1 0 0 0 0 0 -1 -1 1 -1 0 -1 1 0 -1 0 0 0 1 0 -1 0 1 -1 0 0 1 1 0 0 1 0 -1 -1 -1 1 1 1 0 0 0 0 0 0 0 0 0 1 0 -1 0 -1 1 0 1 0 0 0 -1 -1 -1 0 1 -1 0 0 -1 0 -1 -1 0 -1 1 -1 1 0 -1 0 1 0 0 0 0 0 1 0 1 0 -1 0 1 1 1 0 0 -1 0 -1 1 0 0 0 -1 -1 0 1 0 0 -1 1 0 0 -1 -1 0 1 0 1 0 0 1 0 1 1 0 -1 -1 0 -1 0 0 -1 -1 -1 1 0 -1 -1 -1 0 0 
1 0 0 0 1 -1 0 0 1 0 0 0 0 -1 0 0 0 0 -1 1 1 1 0 0 1 -1 -1 0 0 -1 0 0 0 1 0 0 0 0 1 0 -1 -1 1 -1 0 -1 -1 0 -1 1 -1 0 0 1 -1 -1 -1 1 0 0 -1 0 0 0 -1 -1 1 -1 -1 0 0 0 0 0 0 0 0 0 0 0 0 0 1 1 1 1 0 -1 1 0 -1 0 1 0 1 1 0 0 1 1 1 0 0 0 0 -1 -1 0 0 0 -1 0 0 0 0 1 0 -1 -1 0 1 1 1 -1 1 -1 0 -1 0 0 0 0 1 1 0 1 -1 1 0 1 0 0 0 0 0 0 0 0 -1 0 0 0 -1 0 -1 1 0 -1 -1 -1 1 -1 -1 0 1 0 -1 0 1 1 1 -1 0 -1 0 1 0 0 1 0 0 -1 0 0 1 1 0 -1 0 0 -1 0 0 0 1 1 0 0 0 0 
-1 -1 1 -1 0 0 1 1 -1 0 0 1 -1 0 -1 0 -1 0 -1 1 0 1 0 -1 0 -1 0 -1 0 -1 -1 -1 1 1 -1 1 -1 -1 -1 -1 0 0 0 0 -1 1 -1 1 -1 1 0 0 1 -1 0 0 1 1 -1 0 -1 0 1 -1 0 -1 0 0 0 0 -1 0 0 0 -1 0 -1 1 -1 1 0 0 0 0 0 0 0 -1 0 0 0 0 0 -1 -1 1 1 1 0 -1 1 -1 0 0 -1 1 0 0 0 1 0 0 1 0 0 -1 0 0 -1 0 0 0 1 0 0 0 0 1 1 -1 1 1 0 -1 0 1 0 1 0 -1 1 1 0 1 1 -1 0 0 1 0 -1 1 0 1 1 1 -1 1 -1 0 -1 0 -1 0 1 1 0 0 0 0 0 1 0 1 0 -1 1 0 0 -1 1 0 0 0 1 0 0 0 0 1 1 0 0 0 -1 0 -1 1 1 -1 
0 -1 0 -1 1 1 0 -1 0 0 0 0 -1 0 0 -1 -1 -1 1 0 -1 0 1 1 1 0 1 0 0 1 0 -1 0 1 1 0 0 1 1 -1 1 1 0 0 1 0 0 1 0 0 0 0 -1 0 1 -1 0 0 0 -1 0 0 -1 0 0 -1 0 0 0 1 0 0 0 0 0 -1 0 0 0 0 -1 1 0 -1 1 1 1 0 0 -1 -1 0 0 -1 1 -1 -1 0 0 0 1 0 0 0 0 -1 0 -1 0 0 1 1 0 0 0 0 1 1 1 1 0 0 0 -1 0 -1 0 -1 -1 0 0 1 -1 0 1 0 1 -1 1 -1 1 0 0 -1 -1 1 -1 1 0 0 0 0 1 0 0 1 1 0 -1 0 1 -1 0 0 0 0 0 0 -1 -1 -1 -1 0 1 0 0 0 0 0 0 1 1 -1 0 1 0 1 -1 0 0 -1 0 1 0 1 0 -1 0 0 0 
0 -1 1 0 0 -1 -1 -1 -1 0 -1 0 0 0 0 0 -1 1 0 -1 0 1 1 0 0 -1 0 1 0 0 -1 -1 -1 -1 0 0 -1 0 1 -1 0 -1 -1 -1 -1 1 0 1 1 0 1 -1 0 -1 -1 1 0 1 1 1 0 0 0 1 -1 0 0 0 -1 0 1 -1 -1 0 0 -1 1 0 0 -1 0 0 1 0 1 1 -1 1 1 1 1 1 0 1 0 1 1 0 0 0 0 -1 0 -1 1 1 0 1 0 0 1 -1 -1 0 0 1 -1 -1 1 1 -1 -1 -1 0 0 0 0 0 1 1 1 -1 1 0 0 0 0 0 -1 -1 0 1 0 0 -1 1 1 0 0 -1 0 0 1 1 1 0 1 0 0 -1 -1 1 0 1 0 -1 -1 0 0 -1 0 1 1 0 -1 0 0 0 0 -1 0 1 0 0 1 0 -1 -1 1 -1 0 0 -1 0 -1 1 0 -1 -1 0 
1 0 0 1 -1 1 1 1 1 -1 -1 1 -1 0 0 -1 0 0 0 -1 -1 0 -1 -1 -1 0 1 0 -1 -1 0 0 0 -1 1 0 0 -1 0 0 1 0 0 0 1 -1 0 0 0 0 1 0 0 -1 0 0 0 1 0 0 -1 0 1 -1 -1 -1 -1 0 0 0 0 0 1 1 -1 1 0 0 -1 0 -1 0 1 0 0 0 1 1 -1 -1 0 -1 0 0 0 0 1 1 1 -1 0 0 -1 -1 1 0 0 -1 0 1 0 -1 -1 -1 0 -1 0 0 1 0 -1 1 -1 1 0 0 1 -1 -1 0 -1 1 -1 0 -1 1 1 -1 -1 -1 1 1 1 0 0 -1 0 -1 -1 1 0 -1 0 1 -1 0 -1 -1 -1 -1 0 -1 0 0 0 1 0 -1 0 0 0 0 -1 -1 0 0 0 0 1 0 0 1 1 1 0 0 -1 0 -1 0 1 0 0 -1 0 1 0 1 1 0 
0 1 -1 1 0 0 -1 1 -1 -1 -1 0 1 0 0 0 1 1 1 0 0 0 -1 0 0 0 1 -1 1 1 1 1 1 0 1 0 0 0 1 0 -1 -1 0 0 0 0 0 0 1 1 0 -1 1 0 0 0 0 0 1 0 0 0 0 0 0 0 0 -1 1 0 1 0 1 -1 0 1 -1 -1 0 0 0 1 1 1 0 1 0 0 0 0 0 1 -1 0 -1 1 1 -1 1 1 0 0 -1 -1 -1 0 -1 0 1 1 1 1 0 -1 0 0 0 0 1 -1 1 -1 0 1 1 -1 -1 0 0 0 0 1 0 0 1 0 1 0 -1 -1 -1 -1 0 0 1 0 1 0 0 0 -1 -1 0 0 0 1 -1 1 1 0 0 -1 0 1 -1 -1 0 -1 0 0 -1 0 0 -1 -1 -1 1 1 0 1 -1 1 0 1 1 -1 0 0 0 1 1 0 -1 -1 1 0 0 0 -1 0 
1 0 1 -1 0 1 -1 0 0 0 1 0 0 -1 1 1 0 0 1 1 1 0 0 -1 0 0 1 1 0 -1 1 0 -1 0 0 0 -1 1 -1 -1 -1 -1 1 -1 1 0 0 0 0 0 -1 1 0 0 -1 0 0 -1 0 1 0 -1 0 1 1 0 0 -1 0 -1 0 0 0 -1 1 0 1 0 -1 0 0 0 0 0 1 0 0 0 0 -1 1 0 -1 0 1 0 0 -1 0 1 -1 1 1 1 1 1 -1 0 1 -1 -1 0 0 -1 -1 1 -1 0 1 0 0 0 0 0 0 -1 0 0 1 1 -1 0 0 0 1 0 -1 0 0 -1 -1 -1 -1 -1 0 0 0 0 1 1 0 0 -1 0 1 -1 1 -1 0 1 -1 0 -1 0 1 0 0 0 0 -1 0 0 -1 -1 0 0 0 0 -1 0 -1 0 0 -1 0 -1 0 0 0 0 1 1 0 -1 0 0 0 0 1 1 
1 0 0 -1 0 -1 1 1 0 0 1 -1 0 1 -1 0 0 1 0 1 0 -1 0 -1 -1 1 0 -1 1 0 1 0 0 -1 -1 -1 0 0 -1 0 0 1 0 -1 -1 0 0 0 1 -1 0 1 0 0 0 1 -1 -1 1 1 0 -1 1 0 1 -1 -1 1 1 1 0 0 1 0 -1 0 0 1 1 0 -1 0 0 1 -1 -1 0 -1 0 0 0 -1 0 1 -1 0 1 1 0 0 -1 0 -1 0 -1 -1 0 0 -1 -1 1 0 -1 0 0 -1 0 -1 0 1 0 0 0 0 0 0 1 -1 0 -1 1 0 -1 1 0 0 -1 0 0 0 0 0 0 0 0 1 1 1 -1 0 0 -1 0 -1 0 1 0 0 1 0 0 0 0 0 -1 0 0 1 -1 0 1 0 0 -1 0 0 -1 0 1 1 -1 1 0 -1 -1 1 0 -1 0 0 0 1 0 0 0 -1 0 1 -1 0 
-1 0 0 0 -1 0 -1 1 1 -1 1 0 0 0 0 -1 0 -1 0 -1 0 1 -1 -1 0 0 -1 0 0 -1 0 1 0 0 1 0 0 0 1 0 -1 0 1 1 -1 0 -1 0 0 0 -1 1 0 -1 0 0 -1 -1 1 -1 1 -1 0 0 1 0 -1 1 -1 0 1 0 0 0 1 -1 0 0 0 0 0 -1 1 1 0 -1 -1 -1 1 0 0 0 1 0 -1 0 0 0 1 -1 1 0 0 1 -1 1 0 0 1 0 0 1 0 1 0 0 0 0 -1 0 -1 -1 0 -1 -1 0 0 -1 1 -1 0 0 1 1 0 1 -1 0 -1 0 1 0 0 -1 1 -1 0 1 0 0 0 0 1 0 0 0 0 0 -1 0 0 1 1 0 1 -1 0 1 1 -1 1 1 1 -1 -1 1 0 1 1 0 0 1 -1 0 1 0 0 0 0 1 -1 -1 -1 0 1 1 -1 1 1 1 
-1 -1 0 0 0 0 1 0 0 1 1 -1 0 0 0 -1 1 0 0 1 0 -1 -1 1 0 0 0 1 0 0 0 0 -1 0 0 1 1 -1 0 0 0 -1 0 1 0 -1 0 1 0 0 -1 0 -1 -1 -1 0 1 0 1 1 0 -1 -1 0 0 0 -1 0 0 0 -1 0 1 -1 -1 0 0 0 1 0 -1 0 1 0 -1 1 1 0 0 0 -1 1 -1 1 0 0 0 1 -1 -1 0 1 -1 -1 0 0 1 0 1 -1 -1 0 0 -1 0 -1 -1 -1 -1 1 1 1 1 0 -1 0 0 0 0 0 0 0 0 -1 -1 0 -1 1 0 0 0 0 1 -1 1 -1 -1 -1 -1 -1 -1 0 -1 1 -1 0 0 1 0 1 0 0 -1 0 -1 0 0 1 1 0 0 0 -1 -1 -1 1 1 -1 -1 -1 0 0 0 1 0 -1 1 1 0 1 1 0 1 -1 1 0 0 0 -1 0 
0 -1 0 -1 -1 -1 0 0 -1 0 0 -1 1 1 0 0 1 1 0 0 1 0 -1 0 -1 1 -1 -1 0 -1 1 0 1 1 -1 -1 0 0 0 -1 1 0 0 -1 0 0 0 -1 0 0 0 1 1 -1 0 0 1 1 0 0 1 -1 0 0 1 -1 1 0 0 0 0 0 1 0 -1 0 0 0 -1 0 0 1 0 1 0 1 0 0 1 1 0 -1 1 0 -1 0 0 0 1 1 0 -1 -1 0 0 0 -1 0 0 0 -1 -1 1 0 -1 1 0 1 1 0 0 1 0 1 -1 1 0 1 0 -1 -1 -1 1 0 -1 1 0 1 0 1 0 0 1 0 0 -1 0 1 0 -1 0 1 -1 -1 0 0 0 1 0 -1 1 0 1 0 -1 -1 -1 1 0 0 0 0 1 -1 0 -1 1 0 0 0 -1 -1 0 -1 -1 0 1 0 -1 0 0 1 -1 1 -1 -1 0 0 1 0 
1 1 -1 0 0 1 0 0 -1 0 1 0 0 -1 0 1 0 0 0 1 1 1 0 1 -1 0 -1 0 0 1 0 -1 -1 0 0 0 -1 0 0 0 -1 0 -1 -1 0 0 0 -1 0 0 -1 1 -1 0 -1 0 0 1 0 -1 0 0 1 -1 0 0 -1 0 0 -1 1 0 0 0 1 1 -1 1 0 0 -1 0 -1 1 0 0 1 1 0 0 -1 1 0 0 0 -1 1 0 0 0 1 -1 0 -1 1 1 0 1 1 1 0 -1 -1 0 0 0 1 0 0 0 1 1 -1 1 1 0 0 1 0 0 0 0 0 1 0 -1 0 0 1 0 0 -1 1 0 -1 0 0 0 0 0 0 0 1 1 0 -1 1 1 1 0 0 0 1 0 -1 0 1 -1 1 0 0 1 1 0 1 0 -1 0 0 0 0 0 0 -1 -1 1 1 0 1 0 0 0 0 -1 0 0 1 -1 0 0 
1 0 1 1 1 0 0 0 0 0 -1 -1 -1 1 0 -1 0 0 0 0 -1 0 1 -1 -1 1 1 -1 1 0 0 -1 1 0 -1 0 -1 0 0 0 -1 -1 0 0 0 -1 0 0 -1 0 -1 0 0 0 -1 0 1 -1 0 0 1 1 0 -1 0 1 1 0 0 0 0 0 1 -1 0 1 -1 -1 -1 -1 0 0 1 1 -1 -1 0 -1 -1 0 0 1 0 -1 -1 1 -1 1 -1 1 0 1 -1 0 0 0 0 -1 0 0 1 0 -1 0 0 -1 -1 1 1 -1 1 0 -1 0 1 0 0 -1 -1 1 0 0 0 0 0 0 0 -1 1 1 0 0 1 0 0 0 0 0 0 0 -1 1 0 0 1 0 0 0 1 0 -1 0 -1 -1 -1 1 0 0 0 -1 1 0 -1 -1 0 -1 0 -1 0 -1 0 0 1 -1 1 0 -1 0 0 0 0 -1 0 -1 1 0 0 -1 0 -1 
-1 1 0 0 0 0 0 -1 1 0 -1 0 0 0 1 0 0 1 0 -1 0 0 -1 1 0 0 0 0 0 0 -1 1 -1 1 0 -1 0 0 1 1 -1 0 0 1 0 0 0 1 0 0 1 0 0 1 0 1 0 -1 -1 -1 0 -1 -1 -1 1 -1 1 0 0 -1 1 -1 1 0 1 0 0 0 -1 0 0 1 1 1 0 0 -1 0 -1 0 1 0 1 -1 -1 0 1 0 0 -1 0 0 -1 0 -1 0 0 0 1 -1 -1 -1 0 -1 1 0 0 0 0 -1 0 0 0 -1 0 0 0 1 0 0 1 1 0 1 0 0 0 -1 -1 1 -1 0 0 -1 1 0 0 0 0 0 1 0 -1 1 0 1 0 0 1 0 0 1 -1 1 0 0 0 0 1 0 1 0 1 1 0 0 0 0 0 1 0 1 0 1 0 1 1 1 0 0 0 0 1 1 0 -1 -1 0 0 -1 
0 0 0 1 1 -1 1 1 1 1 0 -1 0 0 0 -1 1 0 1 0 1 -1 -1 -1 0 0 0 1 0 0 0 0 1 -1 0 0 -1 1 -1 0 -1 -1 1 1 1 1 -1 -1 0 0 -1 1 -1 0 0 -1 0 -1 1 0 0 1 0 -1 -1 -1 -1 0 1 -1 1 0 0 -1 1 0 -1 0 -1 1 -1 0 -1 -1 1 1 1 0 0 1 0 0 -1 0 1 0 0 0 0 0 0 0 0 1 1 -1 -1 0 -1 1 1 0 1 1 0 0 0 1 -1 0 0 1 0 0 1 -1 -1 0 0 0 1 1 1 0 1 -1 -1 -1 0 -1 1 1 0 -1 1 1 0 0 0 -1 0 0 0 1 0 1 -1 0 -1 0 -1 1 0 -1 1 1 0 -1 0 1 1 0 0 -1 0 0 1 1 0 -1 0 -1 1 -1 0 1 1 0 0 0 1 0 -1 0 0 1 1 0 -1 0 
0 0 0 1 1 1 1 -1 0 0 0 0 -1 0 1 0 1 0 0 0 1 1 1 1 1 0 -1 0 1 1 -1 -1 0 1 1 0 1 0 -1 0 0 0 -1 -1 1 0 -1 0 0 0 0 0 0 -1 -1 0 0 1 0 -1 0 -1 0 0 0 1 1 1 0 1 0 0 1 1 1 0 1 0 -1 0 -1 0 1 -1 -1 -1 0 1 0 0 0 0 0 0 1 -1 -1 -1 0 0 1 -1 -1 0 1 1 -1 0 0 0 1 -1 0 -1 1 0 -1 0 -1 -1 -1 0 -1 1 0 0 -1 0 -1 -1 0 -1 -1 0 0 0 0 0 0 0 -1 -1 0 -1 1 -1 0 0 1 1 0 -1 1 1 -1 0 -1 0 0 1 -1 0 1 1 1 1 1 1 -1 0 0 1 1 -1 -1 -1 1 0 0 0 1 -1 0 1 0 0 -1 -1 0 -1 0 1 -1 1 0 0 0 0 0 -1 
-1 -1 0 0 0 1 -1 0 1 -1 -1 1 0 -1 1 0 1 -1 0 1 -1 1 0 0 0 -1 0 -1 1 -1 1 0 -1 1 -1 0 0 0 0 1 0 0 1 -1 0 0 0 -1 1 -1 1 0 -1 0 -1 0 -1 -1 0 0 0 -1 -1 -1 -1 -1 0 0 -1 0 0 -1 0 0 -1 -1 0 0 0 0 0 0 0 1 0 -1 0 1 0 1 -1 -1 1 -1 0 1 1 0 1 -1 0 -1 0 0 -1 0 0 0 0 0 0 -1 1 0 1 0 0 -1 0 1 0 0 1 -1 0 0 0 -1 1 0 -1 1 0 1 0 1 0 1 1 0 0 0 -1 -1 1 0 -1 0 0 0 -1 0 0 1 1 1 0 0 0 0 1 0 0 -1 0 0 0 -1 0 1 1 0 0 -1 1 0 0 -1 0 0 0 -1 1 0 1 -1 -1 -1 -1 -1 0 0 0 -1 0 1 1 1 1 -1 
0 0 0 1 1 0 -1 0 0 0 -1 0 -1 0 -1 1 0 -1 0 0 0 1 -1 -1 0 0 0 0 1 0 0 0 0 0 -1 0 0 0 0 0 -1 0 0 0 -1 0 0 0 1 -1 1 0 0 -1 0 -1 0 0 1 1 0 -1 1 -1 0 -1 0 0 -1 0 0 0 -1 1 0 0 0 0 0 1 0 0 0 0 1 0 0 0 1 0 0 -1 0 -1 0 0 1 0 -1 0 0 0 0 0 -1 1 1 0 0 -1 1 0 -1 0 -1 0 0 -1 0 1 -1 0 0 -1 -1 0 0 0 0 0 0 -1 -1 1 0 0 1 0 0 1 -1 1 0 0 1 -1 0 1 0 -1 1 0 0 0 0 0 -1 1 0 1 -1 -1 0 1 -1 0 0 1 0 0 0 1 0 0 -1 0 0 -1 0 0 0 -1 0 1 1 0 1 0 0 1 0 0 1 0 0 0 0 1 1 -1 
0 0 0 1 1 0 1 0 0 0 -1 1 0 -1 1 0 -1 -1 -1 0 0 0 -1 1 -1 -1 0 1 1 1 0 1 1 0 1 -1 1 0 -1 0 0 1 1 0 0 0 -1 0 -1 0 1 1 0 1 0 0 0 -1 0 0 1 0 1 0 0 0 1 1 1 0 1 0 1 0 0 0 0 -1 1 1 0 1 0 1 0 1 -1 0 0 1 0 0 0 0 -1 0 0 -1 0 -1 0 -1 0 0 0 0 0 1 0 0 0 0 -1 0 0 0 -1 -1 0 0 0 -1 0 0 0 0 0 0 0 0 0 -1 0 0 0 -1 1 -1 0 0 0 0 0 0 -1 -1 0 1 0 -1 0 0 0 0 1 0 1 -1 1 0 0 0 0 -1 -1 1 -1 -1 0 0 -1 -1 0 0 -1 0 -1 0 0 0 1 -1 0 1 0 0 0 -1 -1 -1 0 0 0 0 1 1 1 -1 1 1 
-1 1 -1 0 0 -1 0 -1 0 0 0 -1 1 1 0 1 0 1 -1 -1 1 1 1 1 -1 0 1 -1 -1 -1 1 -1 -1 0 0 1 -1 0 0 1 1 0 0 1 0 -1 1 1 1 0 -1 1 1 0 0 -1 0 0 -1 0 0 1 -1 -1 1 0 0 0 0 1 1 1 0 1 -1 0 0 0 0 0 1 0 1 0 0 0 0 1 -1 0 -1 -1 -1 1 0 0 -1 0 1 0 1 0 0 0 0 0 1 1 -1 -1 0 1 1 0 0 0 0 0 -1 1 -1 0 0 -1 1 0 0 0 0 1 0 -1 0 0 0 0 0 -1 0 1 -1 0 0 1 0 1 1 0 1 0 0 1 0 -1 1 0 -1 -1 1 -1 0 1 -1 -1 0 1 0 0 -1 -1 0 1 0 1 -1 1 0 0 -1 0 1 -1 1 0 0 1 1 0 0 0 0 0 0 0 0 1 1 1 1 0 
1 1 -1 0 0 0 -1 -1 1 1 -1 0 1 1 0 -1 -1 1 1 0 0 0 1 -1 0 0 1 1 0 0 -1 0 0 0 0 0 0 0 0 1 0 1 -1 1 0 1 1 0 0 -1 0 -1 1 0 0 1 0 1 -1 1 1 1 0 0 0 -1 1 0 -1 1 0 0 0 0 0 -1 0 -1 0 -1 -1 1 0 1 0 1 0 1 0 1 -1 -1 0 1 1 -1 1 0 -1 -1 1 0 -1 -1 0 1 1 0 0 0 0 -1 1 1 1 -1 -1 0 0 0 -1 1 -1 0 1 0 0 1 0 -1 0 0 0 1 0 1 -1 0 0 0 0 0 -1 -1 1 -1 -1 -1 0 -1 -1 1 0 1 -1 1 0 0 -1 0 -1 -1 0 0 1 0 0 1 0 -1 -1 0 -1 -1 -1 0 0 1 -1 -1 -1 0 0 0 1 -1 0 1 1 1 1 0 0 -1 0 0 1 0 0 1 
-1 1 1 -1 -1 1 -1 0 -1 0 -1 1 0 0 0 0 1 0 -1 0 0 0 1 0 0 1 0 0 0 1 -1 0 1 -1 0 -1 0 -1 0 -1 -1 0 0 1 0 0 0 1 -1 0 -1 0 0 0 0 1 0 0 0 -1 0 1 1 0 1 0 -1 -1 -1 -1 -1 0 -1 0 0 1 0 -1 0 1 -1 0 -1 0 -1 1 1 0 -1 0 0 1 1 1 0 0 -1 -1 1 -1 1 -1 1 1 0 0 -1 0 -1 0 -1 0 -1 0 1 1 -1 -1 1 0 -1 0 0 0 0 0 0 0 0 -1 1 0 0 1 0 -1 1 -1 0 -1 -1 0 1 0 0 -1 0 0 0 0 0 0 0 1 0 0 0 0 0 1 -1 0 -1 0 -1 0 1 1 -1 0 0 -1 1 -1 1 1 1 -1 -1 0 -1 0 1 0 1 -1 0 1 -1 -1 1 0 0 -1 -1 1 0 1 1 0 
0 -1 -1 0 0 0 0 0 0 0 -1 1 0 1 0 0 0 1 1 -1 0 0 0 0 0 -1 0 -1 0 0 1 1 0 0 1 1 -1 0 0 1 0 0 0 1 -1 1 -1 1 -1 -1 -1 -1 -1 -1 -1 -1 -1 -1 0 1 1 0 1 0 -1 1 0 -1 1 0 0 0 0 -1 0 1 -1 -1 1 0 -1 -1 1 0 0 1 1 0 0 -1 0 0 1 0 0 0 0 -1 0 0 1 1 1 0 1 0 0 -1 0 0 0 0 -1 0 -1 0 -1 -1 0 -1 -1 -1 1 1 0 0 -1 1 0 1 -1 -1 0 0 1 0 0 -1 0 0 -1 0 0 -1 0 0 0 1 0 -1 -1 1 1 0 -1 -1 0 -1 -1 -1 0 0 0 1 -1 -1 -1 0 0 0 0 0 0 0 -1 -1 1 0 0 0 -1 1 0 1 0 0 0 -1 0 0 0 -1 0 -1 1 1 1 0 1 0 
0 0 0 1 0 0 -1 -1 -1 0 0 -1 0 1 0 0 0 -1 -1 1 1 1 0 -1 0 0 -1 0 0 1 -1 1 -1 1 0 0 0 0 1 0 1 -1 0 0 1 1 1 -1 0 0 0 1 1 0 1 0 1 1 -1 0 0 0 -1 -1 -1 0 1 0 0 -1 0 -1 0 0 -1 -1 0 0 -1 1 1 0 1 0 0 1 -1 0 0 1 0 0 0 0 -1 0 0 -1 0 0 1 -1 1 0 -1 0 0 0 0 1 0 0 1 1 0 -1 1 0 1 0 0 0 -1 1 0 -1 -1 -1 1 0 0 -1 -1 0 -1 0 0 0 0 0 0 0 -1 1 0 0 0 -1 1 0 0 0 1 -1 -1 -1 0 0 0 0 0 -1 0 0 0 0 0 0 0 -1 1 0 -1 1 0 0 0 1 1 0 0 1 -1 1 0 1 -1 1 0 0 1 0 0 0 0 -1 -1 0 0 0 
0 1 0 -1 0 0 0 0 0 0 0 -1 -1 0 1 0 1 -1 0 -1 0 0 1 0 0 1 0 1 0 1 1 0 0 1 0 -1 -1 1 0 1 1 1 -1 -1 0 1 1 -1 0 0 1 -1 -1 -1 0 0 0 0 0 0 1 1 1 1 1 1 0 0 -1 1 0 -1 0 1 -1 0 1 -1 -1 -1 0 0 0 0 0 0 -1 0 0 1 1 0 0 0 1 -1 1 1 -1 0 -1 1 0 1 -1 1 -1 0 0 -1 1 1 0 -1 -1 0 0 -1 1 0 0 1 -1 0 0 0 -1 1 0 0 0 -1 0 -1 1 0 0 1 -1 -1 0 -1 -1 1 0 0 1 -1 0 0 1 -1 0 1 -1 0 0 0 0 1 0 0 -1 0 1 -1 0 0 1 -1 0 -1 1 0 -1 0 1 0 0 0 0 0 1 1 0 -1 0 0 -1 -1 0 0 -1 -1 0 -1 1 -1 -1 1 
0 0 -1 0 0 -1 0 0 -1 -1 0 0 0 -1 1 -1 0 0 -1 1 0 -1 -1 0 0 0 0 0 1 1 -1 0 -1 1 -1 -1 0 -1 -1 0 0 1 0 0 0 1 0 0 0 1 0 1 0 0 -1 -1 0 0 0 0 0 1 0 1 -1 0 0 0 0 1 -1 -1 0 1 0 1 0 -1 1 1 0 0 -1 1 1 1 1 0 0 1 1 -1 1 0 0 -1 0 0 0 0 0 0 1 -1 0 -1 -1 -1 0 0 0 0 0 -1 1 -1 1 -1 1 -1 -1 0 -1 0 -1 0 0 1 0 -1 -1 0 0 0 -1 0 -1 -1 0 1 -1 0 -1 -1 0 1 0 1 -1 -1 -1 1 1 0 0 0 -1 0 -1 1 0 0 0 0 1 0 0 0 0 1 0 0 1 0 0 0 1 0 0 0 0 1 -1 -1 -1 0 1 -1 0 -1 0 1 -1 0 1 0 -1 -1 0 0 
1 -1 0 0 1 1 0 1 -1 1 1 0 -1 1 1 1 1 0 0 -1 0 0 0 0 1 -1 0 0 1 0 -1 1 -1 1 0 0 0 -1 1 -1 -1 -1 0 1 0 1 0 -1 -1 -1 1 1 1 -1 0 1 -1 0 1 -1 0 0 -1 0 0 0 0 0 0 -1 0 0 -1 1 -1 1 0 1 0 1 1 0 1 0 -1 -1 0 -1 1 1 -1 1 -1 0 0 -1 -1 -1 1 0 0 1 -1 1 1 0 1 1 1 0 0 0 0 0 -1 0 0 0 0 -1 0 0 0 1 1 0 1 0 0 -1 0 1 -1 0 0 0 -1 -1 -1 -1 0 1 0 1 1 -1 1 0 0 1 1 1 -1 0 0 1 0 0 -1 1 0 -1 1 0 0 0 1 0 0 1 -1 1 0 0 0 0 0 -1 0 -1 0 0 0 1 -1 -1 0 1 -1 0 0 0 1 -1 -1 0 -1 -1 0 0 
0 -1 0 0 0 1 0 0 1 0 0 1 1 0 1 1 -1 0 1 1 -1 -1 0 -1 0 1 0 1 0 -1 0 0 0 0 0 -1 0 0 1 0 0 -1 -1 -1 0 1 1 0 0 0 0 0 -1 1 0 0 -1 0 0 0 0 -1 1 0 1 1 1 -1 0 -1 -1 0 1 0 -1 1 1 0 0 1 0 0 1 1 1 1 0 -1 0 1 1 1 0 -1 0 0 0 1 0 1 0 -1 0 -1 0 0 -1 0 0 1 0 1 -1 0 1 0 -1 -1 1 1 1 1 1 1 0 1 1 1 -1 0 -1 1 1 -1 0 -1 1 0 0 0 1 0 0 1 0 0 1 0 -1 0 1 0 1 0 1 1 -1 0 0 -1 0 0 0 0 1 -1 0 0 1 1 1 1 0 0 1 0 0 0 0 0 0 0 0 -1 0 0 1 -1 -1 0 0 0 1 -1 -1 1 0 -1 0 -1 
1 0 -1 0 0 1 0 -1 1 -1 0 0 0 1 -1 0 0 1 0 1 0 0 0 0 0 -1 0 -1 0 0 0 0 0 -1 0 1 -1 0 1 1 -1 -1 0 0 0 0 0 0 1 0 0 0 0 0 1 0 -1 -1 0 -1 1 0 0 0 0 -1 1 -1 -1 0 0 0 1 1 0 0 1 0 1 0 -1 0 0 0 -1 -1 1 -1 -1 1 -1 1 0 0 -1 0 0 1 0 1 -1 -1 0 0 0 0 1 -1 0 0 1 0 0 1 0 0 -1 0 0 0 -1 0 1 0 0 -1 0 -1 0 1 -1 -1 0 -1 1 1 1 1 1 0 0 -1 -1 0 0 0 0 0 -1 0 -1 0 -1 1 1 -1 0 0 1 1 1 -1 1 0 0 0 0 -1 0 1 -1 -1 -1 -1 -1 1 -1 0 -1 1 0 -1 -1 1 0 0 -1 0 1 0 1 0 -1 -1 1 -1 -1 -1 0 1 
0 1 0 1 0 0 1 0 1 1 1 -1 -1 0 0 0 -1 -1 0 0 0 -1 0 0 0 0 0 1 0 0 0 0 0 -1 0 -1 1 -1 -1 0 0 0 0 0 -1 0 0 -1 0 0 0 -1 1 0 1 -1 -1 1 0 0 1 1 -1 -1 1 -1 0 0 1 0 0 1 0 0 -1 0 0 -1 0 1 0 0 -1 0 0 -1 0 0 1 0 1 -1 1 0 0 1 -1 0 0 1 1 0 0 -1 0 0 0 -1 0 0 1 0 -1 -1 0 0 1 0 0 -1 0 1 -1 1 1 0 0 1 -1 1 0 0 0 -1 -1 0 1 0 0 -1 -1 0 1 0 -1 0 -1 -1 -1 0 0 -1 1 0 0 0 0 0 1 0 -1 0 0 -1 1 -1 0 0 0 1 -1 1 0 -1 0 0 -1 1 0 0 -1 -1 0 1 0 1 0 1 1 -1 1 -1 0 -1 1 -1 -1 -1 -1 -1 
0 0 0 -1 -1 -1 0 0 0 0 -1 0 0 0 0 0 1 0 0 1 0 -1 -1 1 0 0 -1 0 0 -1 0 0 0 -1 0 1 1 1 1 1 -1 -1 0 0 0 0 -1 -1 1 -1 0 0 1 -1 0 1 0 0 -1 0 1 -1 0 -1 -1 0 0 0 -1 1 0 0 0 1 1 0 0 1 -1 1 0 -1 -1 0 -1 -1 1 1 1 -1 0 1 1 -1 1 0 0 0 0 1 0 1 0 1 0 0 0 0 0 0 0 -1 0 -1 0 0 1 0 -1 1 -1 1 1 -1 -1 1 0 0 -1 0 0 0 1 0 0 1 1 0 1 1 0 -1 -1 0 -1 0 -1 0 1 1 -1 0 1 -1 0 -1 -1 1 0 0 -1 1 0 1 1 0 0 0 1 0 0 1 1 -1 -1 1 0 0 0 0 1 -1 1 0 -1 0 1 0 1 0 1 1 1 1 1 0 0 -1 1 0 
0 0 -1 -1 0 -1 1 1 0 0 -1 -1 0 0 0 0 0 1 0 1 -1 0 0 -1 -1 0 -1 1 -1 1 0 -1 0 1 1 0 -1 0 -1 0 0 0 -1 -1 -1 1 -1 0 0 0 -1 1 1 0 0 0 0 0 0 1 -1 0 0 0 -1 -1 1 -1 0 0 0 0 -1 1 1 0 -1 0 1 1 -1 1 1 0 0 -1 -1 0 0 -1 1 -1 0 0 1 -1 -1 1 -1 0 -1 1 0 -1 0 -1 -1 0 0 0 1 0 1 0 1 -1 -1 -1 1 0 0 -1 0 -1 -1 0 1 1 0 1 -1 0 0 -1 -1 1 -1 0 0 0 -1 0 0 0 1 1 1 0 0 0 1 1 1 0 -1 -1 -1 -1 1 1 0 -1 0 1 0 1 0 1 0 0 0 -1 1 1 0 0 0 -1 1 -1 0 0 -1 0 -1 0 1 -1 0 1 0 0 0 0 0 1 -1 1 0 0 
-1 0 1 1 0 0 0 1 0 0 0 1 0 1 1 1 -1 -1 0 0 0 0 0 0 -1 0 1 0 -1 -1 1 0 0 0 0 0 0 -1 0 0 -1 0 0 0 0 -1 -1 1 1 1 -1 -1 1 0 1 -1 1 0 0 -1 0 0 0 0 0 1 0 -1 0 1 -1 1 -1 -1 0 0 0 0 0 1 1 0 0 0 0 0 1 0 0 0 0 1 0 -1 -1 0 0 1 0 0 -1 0 0 1 0 -1 0 0 1 0 0 0 -1 -1 -1 0 0 1 0 -1 0 1 -1 0 -1 -1 1 0 0 0 1 1 0 0 -1 -1 0 1 0 -1 0 1 -1 0 0 -1 0 0 0 -1 0 1 0 0 0 0 0 1 0 0 -1 0 0 1 0 -1 0 -1 1 -1 -1 0 0 -1 -1 -1 -1 0 1 1 0 0 0 -1 0 0 1 1 0 0 0 0 -1 0 0 0 -1 0 0 0 
0 1 1 0 0 0 1 0 0 -1 -1 0 0 0 0 0 -1 1 0 0 0 1 1 0 0 1 -1 -1 -1 1 0 0 0 0 0 -1 0 1 1 0 0 -1 1 0 0 -1 -1 1 -1 -1 1 -1 0 -1 0 -1 0 -1 1 1 0 0 1 -1 0 -1 0 -1 0 1 -1 0 0 0 0 0 0 0 0 1 0 -1 0 0 0 0 1 -1 0 0 0 -1 -1 0 0 -1 -1 1 1 1 0 0 -1 -1 0 0 1 1 -1 0 1 1 -1 -1 0 1 1 1 1 -1 0 0 0 0 0 0 0 1 -1 0 1 0 0 -1 1 -1 0 0 -1 0 1 0 0 0 0 1 0 0 0 -1 0 0 1 0 0 -1 0 -1 -1 -1 0 0 0 0 -1 0 1 0 0 0 1 0 0 1 -1 0 0 0 0 0 1 0 0 -1 1 0 1 -1 0 1 0 0 0 0 -1 -1 0 -1 -1 0 
0 -1 0 0 -1 1 -1 0 1 0 0 0 -1 0 1 -1 0 0 0 0 0 -1 1 1 0 -1 0 1 0 0 0 1 0 -1 1 0 -1 -1 0 1 0 -1 0 1 0 0 1 0 0 1 1 1 0 1 1 -1 -1 0 -1 0 -1 -1 1 0 0 1 1 1 1 1 -1 0 1 0 0 0 1 0 -1 -1 0 1 -1 0 0 0 0 1 1 1 -1 0 0 0 0 1 0 1 1 1 0 0 0 0 -1 0 -1 0 0 -1 0 1 1 -1 1 1 0 -1 1 1 0 -1 0 1 1 0 1 1 0 1 1 0 1 1 -1 1 0 0 0 0 0 0 0 -1 1 0 0 1 1 0 0 0 0 0 -1 1 -1 -1 0 -1 1 0 -1 1 1 0 1 0 -1 0 -1 0 1 1 1 1 0 -1 -1 1 0 1 0 1 -1 0 1 0 0 1 -1 -1 0 0 0 0 0 0 0 0 
0 1 1 0 -1 1 0 1 -1 0 1 1 0 1 0 0 0 0 1 -1 0 1 1 -1 0 -1 0 0 0 1 -1 -1 0 -1 0 0 -1 -1 -1 -1 1 0 0 -1 0 0 -1 -1 0 -1 0 0 0 0 -1 0 -1 0 1 -1 0 1 0 0 1 -1 0 0 0 -1 0 0 -1 1 0 0 0 1 -1 -1 0 1 -1 0 0 0 0 0 0 -1 1 0 -1 0 1 -1 0 0 -1 0 0 0 -1 0 0 1 -1 1 0 1 1 0 1 1 1 0 -1 0 0 0 0 1 -1 1 0 1 0 0 1 0 1 1 -1 -1 -1 1 0 0 -1 -1 1 0 0 0 1 -1 0 -1 1 -1 1 0 0 0 0 0 -1 -1 0 -1 1 1 -1 0 -1 0 1 -1 1 1 1 -1 1 -1 -1 0 0 -1 1 1 0 1 0 0 0 1 1 0 0 0 -1 0 -1 0 0 -1 0 0 1 -1 
1 0 -1 0 0 -1 -1 0 0 1 0 0 1 0 1 1 0 0 0 0 -1 0 -1 0 -1 0 1 -1 0 1 0 0 0 0 -1 1 0 0 0 0 1 0 -1 0 -1 -1 -1 0 -1 1 0 0 -1 0 0 1 0 0 0 1 0 0 0 0 -1 1 1 0 0 0 1 1 -1 1 -1 -1 1 -1 0 0 1 0 0 -1 1 1 0 1 -1 1 1 0 0 0 -1 0 -1 1 1 0 -1 1 -1 1 0 1 -1 0 1 1 0 1 0 -1 0 0 0 0 1 1 0 -1 -1 0 -1 0 -1 0 -1 1 0 1 1 -1 0 1 1 0 0 0 -1 0 1 0 1 1 0 0 1 -1 1 -1 0 0 0 -1 0 0 0 0 0 0 1 -1 0 -1 1 1 -1 0 0 1 0 1 0 0 0 0 0 -1 0 0 -1 0 -1 -1 -1 1 -1 0 0 0 -1 1 -1 -1 1 0 0 -1 
0 0 0 0 0 -1 0 0 0 1 0 0 -1 -1 0 0 1 -1 0 0 0 0 -1 -1 0 0 0 1 0 -1 1 1 -1 0 0 0 0 1 1 1 -1 0 1 0 0 -1 0 0 0 0 0 0 -1 0 0 1 1 0 0 -1 0 1 1 0 -1 0 -1 0 1 0 0 -1 1 -1 0 1 -1 1 0 0 1 1 0 0 1 1 0 0 1 -1 0 0 0 0 1 0 -1 0 0 1 0 1 -1 1 0 -1 -1 0 -1 -1 1 -1 0 0 1 1 -1 -1 0 0 0 -1 1 0 -1 0 -1 0 -1 0 -1 0 -1 1 -1 -1 0 0 -1 0 1 1 0 1 -1 0 0 -1 -1 -1 1 -1 1 0 1 1 -1 -1 -1 -1 0 0 1 1 0 0 -1 0 1 -1 0 0 0 0 1 1 1 1 0 0 -1 1 1 0 1 0 1 1 0 0 1 -1 1 -1 0 -1 1 -1 0 0 
1 -1 0 1 1 0 0 1 -1 0 0 1 0 0 0 -1 0 -1 1 1 -1 0 -1 0 0 -1 0 1 -1 1 -1 1 0 -1 0 0 0 0 1 1 0 0 -1 0 -1 0 -1 0 -1 0 -1 0 0 0 0 0 -1 0 0 1 1 -1 1 0 1 0 0 1 0 -1 1 0 0 -1 0 0 0 -1 0 0 0 1 0 0 1 0 0 0 0 -1 -1 -1 0 0 -1 0 1 -1 0 0 1 -1 0 1 1 -1 0 0 0 -1 0 0 0 1 0 0 0 0 0 -1 0 1 0 -1 0 -1 -1 -1 1 0 0 0 -1 0 0 -1 1 -1 1 0 -1 0 0 0 -1 -1 1 1 0 -1 -1 1 1 -1 -1 -1 0 -1 1 0 1 0 0 1 1 0 0 1 -1 1 0 -1 0 0 1 0 0 1 0 0 1 -1 0 1 0 0 1 1 0 -1 0 1 0 0 0 0 0 1 0 0 
1 0 0 1 1 -1 1 -1 -1 0 -1 -1 0 0 0 -1 0 0 0 0 0 1 1 0 0 0 0 0 -1 0 0 0 1 0 -1 0 0 1 -1 -1 0 0 -1 1 0 -1 -1 -1 -1 0 0 0 0 0 -1 1 0 0 -1 1 -1 1 0 0 0 0 -1 1 1 0 0 -1 1 -1 0 0 1 -1 1 -1 1 1 1 0 0 0 -1 0 1 1 0 1 0 0 1 0 -1 1 -1 0 0 0 -1 0 0 1 -1 0 0 0 1 0 0 0 -1 0 1 0 -1 1 -1 1 1 -1 1 1 0 0 -1 0 1 1 0 1 0 0 0 0 0 0 1 1 0 0 0 -1 0 0 0 0 0 -1 -1 0 1 0 1 -1 1 1 -1 0 0 1 0 1 1 1 -1 1 1 -1 0 0 0 -1 -1 1 0 -1 -1 -1 0 -1 0 0 -1 1 -1 0 0 1 1 -1 0 0 1 0 0 -1 
1 0 0 1 -1 0 1 -1 0 1 0 1 0 -1 0 0 1 -1 0 0 1 -1 1 0 0 -1 1 0 0 -1 1 0 1 0 -1 0 0 0 0 -1 0 0 -1 0 1 0 0 0 1 1 0 0 0 1 -1 0 0 0 0 0 0 -1 -1 1 1 0 -1 -1 -1 1 0 1 1 1 0 0 0 1 0 0 1 1 0 0 0 0 -1 1 0 1 -1 1 0 0 1 -1 0 0 0 -1 1 0 0 0 1 0 -1 0 -1 -1 0 0 0 0 0 -1 0 0 -1 1 0 1 -1 1 0 -1 0 1 0 0 -1 0 1 0 0 0 1 0 0 -1 0 0 -1 -1 -1 0 0 0 1 0 1 0 -1 -1 0 -1 0 0 -1 -1 1 0 1 -1 -1 -1 1 -1 0 0 0 0 0 1 1 0 0 0 0 0 0 -1 1 0 1 1 0 1 0 -1 0 0 -1 0 0 0 0 0 1 1 
0 0 0 0 -1 0 0 -1 0 -1 0 -1 1 1 -1 0 1 1 0 -1 1 1 0 -1 1 -1 0 0 0 -1 0 0 0 0 0 0 1 0 -1 0 0 1 -1 0 0 0 -1 1 -1 0 0 -1 1 -1 1 -1 0 0 0 0 0 -1 0 0 1 0 0 0 0 1 0 1 0 0 0 1 0 1 1 1 0 -1 1 -1 -1 1 0 0 0 1 1 -1 -1 0 1 1 1 0 0 1 0 -1 0 0 1 -1 0 0 -1 -1 -1 0 -1 0 1 0 0 -1 0 1 0 0 -1 0 0 -1 1 0 0 0 0 -1 0 -1 1 1 0 -1 1 0 0 -1 0 -1 -1 0 0 1 -1 1 1 0 1 0 0 -1 0 0 -1 0 0 -1 1 0 -1 0 1 -1 0 -1 1 0 0 1 0 0 0 1 0 0 -1 1 0 1 -1 0 1 -1 0 0 -1 -1 -1 1 1 -1 -1 -1 0 -1 
0 -1 -1 0 1 0 0 0 0 -1 1 0 0 0 1 1 1 0 0 0 1 1 -1 0 0 0 1 -1 0 0 1 -1 1 -1 1 1 -1 0 -1 -1 0 0 0 1 1 -1 1 0 0 0 0 -1 1 0 0 0 0 0 -1 0 1 0 0 1 0 0 1 -1 0 0 1 0 1 0 1 0 1 -1 0 -1 1 -1 0 1 -1 0 0 0 1 -1 0 0 0 -1 0 -1 -1 0 0 1 0 0 0 -1 0 1 0 -1 0 1 -1 0 -1 -1 0 1 0 0 0 1 0 -1 0 0 0 -1 0 0 -1 0 -1 -1 0 -1 -1 0 1 1 1 0 -1 1 1 0 0 1 1 -1 -1 0 0 0 0 0 0 1 0 1 0 0 0 -1 0 1 0 1 0 1 1 0 1 0 -1 1 -1 0 -1 -1 -1 0 0 -1 1 1 0 0 0 0 1 0 -1 -1 -1 0 0 0 0 1 1 1 
0 -1 0 1 -1 1 -1 -1 0 -1 0 -1 1 -1 -1 0 0 0 0 1 0 0 0 0 1 1 1 -1 0 1 0 0 1 0 1 0 1 -1 0 0 0 1 0 0 1 1 0 1 -1 1 0 0 -1 0 0 -1 1 -1 0 0 1 0 0 -1 0 -1 1 0 1 -1 1 -1 -1 -1 0 0 -1 0 1 0 -1 0 -1 0 0 0 0 -1 -1 -1 0 0 -1 -1 1 0 0 -1 0 0 1 -1 1 0 -1 1 0 1 -1 1 -1 0 -1 1 0 -1 0 0 -1 0 1 -1 0 0 0 0 0 -1 0 0 -1 1 0 0 0 0 -1 0 -1 1 0 0 1 1 0 0 -1 1 0 -1 0 0 0 1 1 1 1 0 0 1 0 0 0 0 -1 0 0 -1 0 1 0 0 1 0 0 0 -1 1 0 1 1 -1 0 0 -1 0 -1 0 1 0 -1 -1 0 1 0 -1 1 0 0 -1 
0 -1 0 0 0 1 0 0 1 0 -1 0 1 0 1 1 0 1 0 0 1 0 -1 0 0 -1 1 -1 1 1 0 0 0 0 -1 1 -1 -1 -1 0 -1 0 -1 0 0 -1 0 0 1 -1 0 0 0 1 0 -1 1 1 1 0 0 0 1 1 -1 0 -1 0 -1 0 1 1 0 0 0 -1 1 0 0 1 1 1 0 -1 1 0 -1 -1 0 -1 1 0 0 1 0 1 -1 1 1 0 0 0 0 0 0 0 -1 -1 1 1 0 -1 0 0 1 0 0 0 0 -1 -1 0 0 0 0 -1 -1 0 -1 1 0 0 -1 1 0 0 0 0 -1 0 1 -1 0 -1 0 1 1 0 1 -1 0 0 0 1 0 0 -1 0 0 0 0 1 1 0 -1 1 0 -1 0 1 1 1 0 1 -1 0 0 0 1 1 0 0 0 -1 1 0 1 0 0 1 1 1 1 1 1 -1 0 0 -1 0 
0 0 0 1 -1 0 1 1 1 0 -1 -1 0 0 1 -1 0 1 1 0 1 0 0 0 0 0 -1 -1 -1 0 0 0 1 0 0 0 0 1 0 1 0 0 0 1 1 -1 -1 1 0 -1 0 0 1 0 0 0 0 0 -1 0 -1 1 -1 0 1 0 0 -1 1 1 0 0 0 1 -1 0 0 1 -1 1 0 0 1 1 1 -1 0 -1 1 0 0 1 0 1 0 -1 0 0 1 0 0 1 1 1 1 -1 0 -1 0 0 1 0 0 0 -1 -1 1 0 0 1 -1 -1 1 1 0 0 0 0 0 1 1 0 0 0 0 -1 0 0 0 0 0 1 1 1 0 0 1 0 1 -1 1 0 -1 0 0 0 -1 0 0 0 0 -1 0 0 0 0 0 0 0 1 1 0 -1 -1 1 0 1 -1 0 -1 -1 0 1 -1 0 -1 0 1 0 1 1 0 0 1 0 1 0 0 0 0 
0 0 1 0 0 0 -1 1 0 1 1 1 0 0 -1 -1 0 0 0 0 0 0 -1 -1 0 1 0 1 0 0 0 1 0 0 -1 0 0 1 -1 0 1 1 0 1 1 0 1 1 -1 1 -1 -1 0 0 0 0 1 1 0 -1 -1 0 0 0 -1 1 0 1 0 0 1 0 0 -1 0 1 0 1 1 1 0 0 -1 0 1 0 0 -1 0 0 -1 0 1 0 0 1 0 -1 1 1 0 0 1 0 -1 1 -1 1 0 0 0 1 0 -1 0 0 0 1 0 0 0 1 0 1 1 0 0 1 0 1 0 0 -1 -1 1 0 -1 1 0 -1 0 -1 0 0 0 1 1 1 1 1 0 -1 0 0 1 0 -1 0 0 0 -1 -1 -1 1 0 0 0 -1 0 0 0 0 0 1 1 0 -1 0 0 1 0 1 1 0 1 1 0 0 0 1 -1 1 1 0 -1 0 1 1 0 0 
0 -1 1 0 -1 1 -1 0 -1 0 0 1 1 0 -1 -1 -1 0 1 0 -1 0 0 1 0 0 0 -1 0 1 1 1 -1 1 -1 0 -1 0 1 0 1 0 0 0 1 0 -1 0 0 0 1 0 0 0 -1 0 1 0 -1 0 1 1 0 -1 0 0 1 1 0 0 0 0 0 -1 1 0 1 -1 1 0 0 0 0 1 0 1 0 0 1 0 -1 0 0 1 0 -1 0 -1 0 0 -1 0 0 0 0 1 1 -1 0 -1 0 1 0 1 1 1 1 0 -1 -1 0 -1 0 1 0 1 0 -1 0 1 1 0 -1 1 0 1 0 0 0 -1 -1 0 1 0 0 -1 0 0 0 1 0 1 0 0 -1 0 0 1 -1 0 1 0 0 0 0 0 0 1 0 0 1 0 0 0 -1 0 1 0 1 1 1 0 -1 0 0 1 -1 0 -1 0 1 -1 1 -1 -1 1 -1 0 0 0 
0 1 0 -1 0 -1 0 1 0 1 -1 0 0 -1 1 -1 -1 0 1 1 0 1 0 0 -1 1 -1 1 1 0 0 1 0 0 1 0 0 -1 0 1 -1 0 0 -1 0 1 0 0 0 -1 0 0 -1 0 1 1 1 0 0 -1 -1 0 -1 0 1 -1 0 0 -1 0 0 0 1 -1 -1 0 0 1 0 0 0 0 -1 -1 -1 -1 0 0 1 -1 0 0 0 1 1 1 0 1 -1 -1 0 1 0 0 0 0 0 -1 0 0 -1 -1 -1 -1 1 0 0 -1 1 -1 0 1 0 -1 0 1 0 0 0 1 0 0 0 0 0 0 1 0 -1 0 -1 0 1 0 0 0 -1 0 -1 -1 0 -1 0 -1 1 -1 0 0 1 0 0 0 0 -1 0 0 1 0 1 0 1 1 1 0 0 0 0 -1 0 0 1 0 1 0 0 0 0 1 -1 0 0 0 0 1 0 0 0 0 0 0 
-1 -1 1 0 -1 0 -1 0 0 0 -1 0 0 0 -1 -1 1 -1 -1 0 -1 1 0 0 -1 0 -1 1 0 0 1 0 1 0 -1 0 0 1 0 1 0 1 1 0 0 -1 0 0 0 -1 1 -1 1 0 0 -1 0 0 0 1 0 1 -1 -1 1 0 1 0 0 0 -1 0 0 0 0 0 0 0 -1 0 -1 0 0 0 0 1 -1 -1 0 0 0 1 0 1 0 1 0 0 0 1 0 0 0 -1 1 -1 0 0 -1 1 1 0 0 1 0 1 1 1 -1 1 0 0 0 0 0 0 0 0 -1 0 0 -1 1 1 0 0 1 1 0 0 0 1 1 1 0 1 -1 1 1 1 0 1 0 -1 0 1 0 -1 0 0 0 -1 -1 0 -1 -1 1 0 0 1 0 0 0 -1 -1 -1 1 0 0 1 0 1 0 0 0 0 1 0 0 1 1 0 0 -1 -1 1 0 -1 0 0 
-1 1 1 0 0 1 0 0 0 1 0 0 0 0 0 -1 -1 0 0 -1 0 0 -1 1 0 1 -1 1 0 1 0 1 1 0 0 0 -1 0 -1 0 -1 1 0 0 -1 1 1 -1 1 0 1 0 1 0 0 0 0 1 0 1 1 0 -1 1 0 1 1 0 -1 -1 -1 0 -1 0 -1 0 0 0 0 -1 1 0 0 1 0 0 -1 0 -1 1 0 1 0 1 -1 1 0 -1 1 1 1 1 0 0 -1 0 0 -1 1 1 0 0 0 0 1 1 0 1 -1 1 0 0 0 0 1 -1 0 0 -1 0 0 0 1 0 0 0 1 0 0 1 -1 0 1 1 0 0 0 1 0 1 0 0 -1 0 0 0 1 0 1 -1 -1 1 0 -1 1 1 0 -1 1 -1 0 0 0 -1 -1 0 1 -1 -1 -1 0 1 0 0 0 -1 -1 0 -1 1 0 0 -1 1 1 0 0 0 -1 -1 
0 0 -1 0 0 0 -1 0 0 0 1 0 0 1 1 0 -1 0 0 0 1 -1 -1 0 -1 0 0 1 0 -1 -1 -1 0 0 1 -1 1 0 1 0 1 1 0 0 0 -1 1 0 0 0 0 1 0 0 0 1 1 0 -1 1 0 1 -1 0 -1 1 0 0 0 0 -1 0 1 0 0 0 0 0 -1 0 1 0 0 0 -1 -1 -1 1 0 0 0 0 -1 -1 -1 0 1 0 0 1 -1 -1 0 -1 1 0 -1 1 0 0 0 0 0 1 0 1 0 0 0 0 1 -1 0 -1 -1 0 -1 0 0 0 0 1 0 0 1 -1 -1 0 1 -1 0 -1 1 -1 0 0 1 -1 0 0 0 -1 -1 1 0 0 0 -1 0 -1 1 1 -1 0 0 0 0 1 0 1 1 1 1 0 0 0 0 0 -1 1 1 1 1 0 -1 0 0 0 0 -1 -1 0 1 1 -1 1 1 1 0 -1 
1 0 0 -1 0 0 1 0 0 0 0 1 0 -1 -1 -1 0 1 -1 0 0 -1 1 -1 1 1 0 0 -1 0 1 -1 1 1 0 1 0 0 1 1 1 0 0 -1 0 1 0 1 0 0 0 -1 0 0 -1 1 -1 0 -1 0 0 0 0 0 -1 -1 0 -1 1 0 0 0 1 0 1 0 0 0 0 -1 0 0 0 -1 -1 -1 0 -1 0 -1 1 0 0 0 0 1 1 0 0 1 1 -1 0 0 0 0 1 1 -1 1 -1 -1 0 0 0 0 1 -1 1 0 1 0 0 0 0 0 0 1 0 1 -1 0 -1 1 0 1 -1 0 -1 0 0 1 -1 0 0 0 0 0 1 0 -1 0 1 1 0 1 0 1 -1 1 1 -1 1 1 1 -1 0 0 0 -1 0 1 0 0 1 0 0 0 0 1 1 0 1 0 1 -1 -1 -1 0 0 0 0 1 0 1 -1 0 -1 1 -1 
0 -1 -1 1 0 1 1 0 -1 -1 0 1 0 0 0 0 1 0 1 0 -1 -1 -1 -1 -1 0 0 -1 -1 -1 0 0 -1 0 0 -1 1 -1 0 0 -1 0 0 -1 0 -1 0 1 0 -1 1 0 0 1 -1 0 1 0 -1 0 -1 -1 1 0 0 0 1 -1 1 -1 0 0 0 1 0 0 0 -1 -1 0 1 1 -1 1 0 -1 -1 0 0 -1 0 -1 0 -1 1 -1 -1 -1 1 -1 -1 -1 1 1 0 -1 0 -1 1 0 1 -1 1 -1 0 -1 0 0 0 -1 0 1 0 1 0 -1 0 0 1 0 0 -1 -1 1 -1 -1 0 0 -1 1 0 -1 -1 0 1 0 -1 -1 -1 1 0 -1 -1 1 0 0 0 -1 0 0 0 1 0 0 -1 1 0 1 1 1 0 0 0 -1 0 1 1 0 0 0 1 0 1 1 -1 1 0 0 1 0 0 0 -1 0 0 0 0 -1 0 -1 
0 -1 1 -1 1 1 -1 0 0 1 1 0 1 0 -1 1 0 0 0 1 0 0 0 1 -1 -1 1 0 0 0 0 0 1 0 -1 1 1 0 0 0 0 1 0 0 0 0 1 0 -1 0 0 0 -1 0 0 1 -1 1 -1 0 -1 0 0 -1 1 0 0 -1 0 0 0 -1 1 -1 1 -1 -1 0 0 0 0 -1 1 0 -1 1 1 0 -1 -1 0 -1 0 1 -1 0 1 1 0 -1 1 1 0 0 0 -1 1 -1 0 -1 0 1 0 0 0 0 -1 0 0 0 1 1 0 -1 0 -1 0 1 0 0 -1 -1 0 0 1 0 1 1 0 1 0 1 -1 1 0 0 0 0 0 1 0 0 -1 1 1 -1 -1 -1 0 -1 1 0 -1 0 0 -1 1 -1 1 0 -1 0 0 1 1 1 -1 -1 -1 1 0 1 1 1 0 0 1 -1 1 0 0 1 0 1 0 0 0 -1 1 0 
0 0 0 0 1 1 -1 -1 0 1 0 -1 1 0 0 -1 1 -1 -1 0 0 0 0 0 0 1 -1 1 0 0 -1 -1 -1 0 -1 1 1 1 0 0 1 1 -1 0 -1 0 -1 1 -1 1 0 0 0 0 0 -1 0 -1 1 1 1 0 -1 -1 0 1 0 1 0 0 -1 1 1 0 1 0 0 -1 -1 -1 0 1 0 0 1 1 -1 0 -1 0 1 1 0 0 -1 0 0 0 0 1 0 0 0 1 0 0 1 0 0 0 0 -1 0 0 0 0 0 -1 0 0 1 0 0 0 -1 0 -1 0 0 0 -1 0 0 -1 1 0 1 0 1 1 0 0 -1 0 0 0 0 0 -1 0 1 0 1 -1 0 0 1 0 0 0 0 -1 0 0 0 1 0 0 1 0 0 0 0 1 1 0 -1 1 0 1 0 0 1 -1 0 -1 0 0 1 1 -1 0 -1 1 0 1 -1 0 1 -1 
-1 0 1 1 1 0 -1 0 0 1 0 -1 0 1 -1 1 0 0 0 0 0 0 -1 -1 1 -1 0 0 0 1 -1 0 0 -1 1 -1 0 -1 0 -1 -1 0 1 1 -1 1 0 1 -1 -1 0 0 0 0 0 -1 -1 0 0 0 0 1 0 1 0 -1 -1 0 0 0 0 0 0 0 -1 -1 -1 0 1 0 1 1 1 0 -1 0 -1 0 1 0 1 0 1 0 1 0 -1 0 -1 0 1 0 -1 0 1 -1 -1 -1 1 0 -1 -1 0 0 0 -1 0 -1 0 1 -1 0 0 0 1 0 0 0 1 -1 1 0 0 0 1 -1 -1 1 1 0 -1 0 0 1 0 1 0 1 -1 0 0 -1 -1 -1 0 -1 0 0 1 0 0 0 0 0 1 0 1 0 0 1 -1 0 -1 0 1 -1 0 1 1 0 1 0 -1 1 0 -1 1 0 -1 -1 -1 1 0 0 1 0 0 1 1 0 
1 -1 1 0 0 -1 0 -1 1 -1 0 0 0 -1 -1 -1 0 0 1 0 -1 0 1 1 -1 -1 1 0 0 -1 -1 1 0 1 0 0 -1 1 0 1 0 1 0 0 0 0 0 1 -1 -1 -1 0 -1 0 0 -1 0 0 0 0 -1 0 1 0 -1 0 0 0 0 -1 0 0 0 1 -1 0 1 0 1 0 -1 1 1 0 1 1 0 -1 0 -1 0 1 1 -1 -1 1 1 0 0 0 1 0 -1 1 0 0 0 -1 -1 0 1 0 0 0 -1 0 1 0 0 1 0 -1 0 1 -1 0 1 1 1 0 -1 1 0 -1 0 0 0 1 0 0 0 0 0 0 -1 0 0 1 1 0 0 -1 1 -1 0 0 0 0 0 -1 1 0 -1 0 -1 -1 0 0 0 0 0 0 0 0 0 -1 -1 0 0 0 0 0 -1 1 -1 1 -1 0 1 1 0 1 0 1 0 0 0 0 0 -1 
0 1 -1 1 0 -1 0 -1 0 -1 -1 0 1 0 1 0 -1 -1 0 0 1 1 1 -1 0 1 -1 1 1 1 -1 0 0 1 -1 -1 1 0 0 -1 0 -1 1 0 0 1 0 0 1 0 1 1 0 -1 1 0 -1 0 0 0 1 0 0 0 -1 0 -1 0 1 1 1 0 1 -1 0 1 0 -1 0 -1 1 0 -1 -1 1 -1 0 0 0 -1 0 -1 -1 -1 0 -1 0 0 1 -1 1 -1 0 -1 0 -1 -1 1 1 -1 1 -1 0 0 -1 -1 0 1 0 0 1 -1 -1 -1 0 -1 0 1 1 0 1 0 0 0 0 0 1 -1 0 -1 0 0 0 0 -1 1 0 -1 1 0 1 -1 1 -1 -1 0 0 0 1 -1 -1 0 1 -1 -1 0 1 0 0 0 -1 0 -1 1 0 0 0 0 1 0 1 -1 0 1 0 -1 0 1 -1 0 1 -1 1 -1 0 0 0 1 0 1 
-1 1 1 0 0 -1 -1 -1 0 1 1 0 1 1 0 -1 -1 0 0 0 0 1 -1 0 0 1 -1 1 0 0 0 -1 1 0 0 0 -1 0 0 -1 1 0 0 -1 1 0 1 0 1 0 0 0 0 -1 -1 0 0 0 1 0 0 1 0 1 1 0 -1 -1 1 0 0 0 0 0 0 1 0 0 0 0 -1 0 -1 0 1 0 1 -1 0 1 1 0 1 0 -1 0 -1 1 0 0 1 0 0 0 1 -1 1 -1 1 -1 0 0 1 -1 0 1 -1 1 0 1 -1 1 0 0 1 -1 -1 0 0 1 -1 0 0 0 1 1 -1 -1 -1 1 1 1 0 -1 0 -1 1 0 0 1 1 0 -1 0 0 -1 -1 0 1 0 -1 -1 1 -1 -1 0 0 -1 -1 0 -1 1 -1 0 0 0 0 -1 0 -1 1 0 1 1 -1 0 0 -1 0 1 -1 0 -1 0 -1 1 1 0 0 0 
-1 0 1 0 -1 0 1 1 0 0 1 1 0 0 -1 0 -1 1 1 0 1 0 1 1 0 1 0 1 -1 1 -1 0 0 -1 0 0 0 -1 1 1 0 0 1 -1 1 1 0 0 -1 0 -1 1 0 -1 1 0 0 0 1 -1 1 1 0 1 -1 -1 0 0 1 0 1 1 0 0 0 0 -1 -1 -1 -1 1 0 0 -1 -1 1 0 0 0 0 -1 0 0 1 0 -1 -1 -1 0 -1 1 -1 0 0 0 -1 0 0 -1 1 0 -1 0 -1 0 0 1 -1 0 0 -1 1 0 0 1 1 -1 0 0 1 -1 -1 0 0 0 0 0 0 -1 0 1 0 0 -1 0 -1 0 0 -1 0 0 0 1 1 -1 0 0 -1 0 -1 0 0 0 0 1 1 -1 0 0 1 1 1 0 0 1 1 0 -1 0 0 0 1 0 0 -1 -1 0 1 1 0 1 0 0 1 0 0 0 0 0 1 
-1 -1 0 -1 0 -1 0 1 0 0 0 0 0 -1 -1 -1 0 -1 0 -1 -1 -1 0 1 0 0 1 -1 0 1 0 -1 -1 0 0 1 -1 1 0 0 0 -1 -1 0 1 -1 0 1 0 0 0 -1 0 0 0 0 0 1 1 -1 -1 -1 0 0 1 -1 0 -1 0 1 0 -1 0 0 1 0 -1 1 -1 -1 0 1 0 1 1 0 0 -1 -1 -1 -1 0 0 0 0 0 -1 0 1 0 1 1 0 0 1 0 1 0 0 0 0 -1 1 0 1 0 0 0 -1 0 0 0 -1 1 0 0 0 0 0 0 0 -1 -1 1 0 -1 0 -1 -1 0 -1 0 1 0 0 1 -1 1 1 0 0 1 0 -1 0 -1 -1 1 0 1 1 -1 -1 0 0 1 -1 0 -1 0 1 -1 -1 -1 0 1 0 0 -1 -1 0 1 -1 0 1 0 0 1 0 1 1 1 0 0 -1 -1 0 0 0 0 
1 -1 0 1 -1 0 0 0 -1 0 0 0 0 0 -1 0 1 1 -1 -1 1 0 1 1 -1 0 -1 0 1 0 1 1 0 0 -1 -1 -1 1 0 0 -1 -1 -1 0 -1 0 0 -1 0 1 0 1 0 0 0 -1 -1 0 -1 0 0 0 0 0 0 -1 -1 0 1 0 0 0 0 -1 -1 0 1 1 1 -1 -1 0 1 0 1 0 1 -1 -1 1 0 0 -1 1 -1 1 0 0 -1 1 -1 0 1 0 0 0 0 1 -1 -1 0 1 1 0 1 -1 1 -1 1 -1 0 0 -1 0 0 0 -1 1 0 0 1 0 0 0 0 0 0 1 0 1 1 1 -1 -1 -1 0 0 -1 0 -1 1 1 0 -1 1 -1 1 -1 0 0 0 1 0 0 0 1 0 0 1 -1 0 -1 -1 0 1 0 0 0 0 0 -1 0 1 -1 0 0 1 1 -1 1 0 0 0 0 1 0 1 1 -1 1 
0 -1 -1 0 0 -1 0 -1 0 0 1 1 0 0 0 1 -1 1 -1 0 0 0 0 1 0 1 0 0 0 -1 0 0 0 0 0 0 1 1 -1 1 0 -1 -1 -1 0 0 0 0 0 -1 1 0 -1 -1 1 0 0 -1 -1 0 1 -1 1 0 -1 -1 0 -1 -1 0 0 0 -1 0 -1 0 1 1 0 0 0 1 1 -1 -1 1 0 1 -1 1 0 0 -1 -1 1 0 0 1 0 0 -1 0 0 0 0 0 1 -1 0 0 1 1 0 0 0 0 1 -1 1 1 0 0 0 1 0 1 0 1 -1 -1 0 1 -1 0 1 0 1 -1 -1 0 0 0 -1 0 0 0 0 1 0 1 -1 1 -1 0 0 -1 -1 0 1 0 -1 0 1 0 0 0 0 0 0 -1 1 -1 -1 1 0 0 -1 0 -1 0 -1 1 0 -1 0 0 -1 -1 1 1 0 1 1 0 0 0 1 0 0 1 
0 0 0 0 0 0 -1 0 1 0 -1 0 1 0 0 0 -1 1 -1 -1 -1 0 0 1 0 -1 -1 1 0 1 -1 0 0 0 1 1 0 1 -1 0 -1 -1 0 1 1 -1 -1 0 0 1 0 1 0 0 0 -1 0 0 -1 -1 1 0 0 0 -1 -1 -1 -1 1 1 -1 0 1 -1 0 1 -1 1 0 0 -1 -1 0 0 -1 1 0 0 -1 0 1 -1 0 -1 1 0 0 -1 1 -1 0 0 0 0 0 0 0 -1 -1 0 0 0 1 0 1 0 1 -1 -1 1 -1 -1 -1 1 0 1 1 0 0 0 1 -1 1 -1 -1 1 1 1 1 1 0 -1 0 0 1 1 0 0 0 -1 0 1 0 1 0 1 -1 1 -1 0 0 1 -1 1 1 -1 0 1 0 1 -1 -1 1 0 1 0 -1 -1 0 0 0 0 0 1 0 0 1 -1 -1 1 1 0 0 0 0 1 1 1 1 0 
1 0 -1 -1 -1 -1 1 0 1 0 1 0 1 0 0 1 -1 1 0 0 -1 -1 1 0 1 -1 0 1 0 0 -1 0 -1 0 -1 -1 -1 0 0 -1 0 1 1 1 0 1 1 1 0 0 -1 1 0 0 1 0 0 0 0 0 1 0 0 -1 1 1 0 0 1 0 -1 1 0 -1 0 0 -1 -1 1 0 0 -1 -1 0 1 1 1 1 -1 1 -1 0 0 1 0 1 0 -1 0 -1 0 -1 -1 0 1 0 1 0 -1 1 -1 0 0 0 0 0 -1 0 0 -1 1 0 1 1 -1 1 -1 0 0 -1 -1 0 1 0 1 1 1 -1 0 -1 0 0 -1 -1 -1 0 -1 0 -1 1 0 1 -1 0 1 1 0 0 0 0 0 0 1 0 0 0 0 1 0 1 1 1 -1 0 -1 0 0 0 0 0 -1 1 -1 -1 0 1 0 0 0 0 -1 0 1 0 0 0 1 0 1 1 
0 0 0 0 0 0 0 -1 0 0 -1 1 -1 1 -1 0 0 0 1 0 -1 0 -1 1 -1 0 0 1 1 0 1 1 1 0 0 -1 0 -1 1 -1 0 0 -1 -1 -1 -1 -1 1 1 -1 -1 -1 0 0 0 0 0 0 0 -1 0 -1 -1 0 0 1 1 -1 0 0 1 1 0 0 0 -1 0 0 -1 -1 0 0 0 1 1 0 0 0 0 -1 0 -1 -1 1 1 -1 -1 0 -1 -1 1 0 0 0 0 -1 -1 1 0 1 0 0 0 -1 -1 -1 0 0 1 0 1 1 1 1 -1 0 -1 0 0 1 0 0 1 1 1 1 0 -1 0 -1 0 1 1 1 0 0 0 0 1 1 0 1 -1 0 -1 0 0 -1 0 0 -1 1 0 0 0 0 1 0 1 1 0 0 1 0 1 -1 0 1 0 -1 -1 1 0 1 1 -1 0 1 0 0 1 1 1 0 0 1 0 -1 0 1 
1 1 0 1 -1 1 1 -1 1 1 1 0 -1 -1 0 -1 0 1 1 0 0 0 1 0 -1 -1 0 0 1 0 -1 1 -1 -1 0 0 1 0 0 0 0 0 1 0 0 1 -1 1 -1 0 1 0 1 1 0 -1 0 1 1 1 0 0 1 -1 -1 0 -1 1 0 0 0 -1 1 -1 -1 -1 0 1 0 1 0 0 1 1 -1 1 -1 0 0 -1 0 0 0 -1 1 0 -1 0 -1 1 0 0 0 0 -1 -1 0 -1 1 0 -1 -1 0 1 -1 0 -1 0 0 -1 0 0 1 0 0 1 -1 0 0 -1 0 -1 -1 0 1 1 -1 0 1 0 0 0 0 1 -1 0 0 0 0 0 -1 -1 1 0 0 1 1 1 0 1 0 0 0 -1 0 0 1 0 0 1 0 1 0 1 0 0 1 -1 -1 1 -1 -1 1 0 1 0 1 0 1 1 -1 0 0 0 0 0 0 0 1 1 
1 -1 0 -1 1 0 1 1 1 -1 -1 0 0 -1 -1 0 -1 0 1 -1 0 0 0 1 0 -1 0 -1 1 1 0 1 1 1 0 0 0 0 -1 1 -1 0 0 0 0 0 -1 1 0 -1 -1 1 0 1 0 -1 1 1 0 -1 1 0 1 1 1 0 0 1 0 0 -1 0 0 1 0 -1 -1 0 -1 0 0 0 -1 0 -1 0 -1 1 0 0 -1 -1 0 -1 -1 1 0 0 1 -1 -1 -1 0 -1 0 1 -1 0 -1 0 0 0 0 1 -1 -1 1 -1 1 -1 0 1 0 0 1 -1 0 0 0 1 0 0 0 0 -1 0 0 0 -1 0 0 0 -1 0 1 1 0 1 -1 1 0 0 1 0 1 -1 0 -1 0 1 1 0 0 1 0 0 0 -1 -1 0 1 1 0 0 1 0 -1 0 -1 0 -1 0 0 -1 1 0 0 0 -1 1 0 -1 -1 1 0 1 0 0 1 -1 
1 1 1 0 0 0 1 -1 1 1 0 0 1 1 1 1 0 1 0 1 -1 0 0 0 0 0 -1 0 -1 0 0 0 0 1 0 0 0 -1 0 0 1 1 -1 0 -1 0 0 0 1 1 -1 -1 -1 0 -1 0 -1 0 -1 1 0 0 1 0 1 0 1 1 0 -1 0 0 1 -1 1 0 -1 0 1 0 0 0 1 0 -1 1 0 0 1 0 -1 -1 1 0 0 0 0 1 0 -1 1 0 0 1 0 -1 0 0 0 0 0 0 1 0 1 0 -1 0 0 0 1 0 0 0 0 0 -1 -1 1 0 0 -1 0 0 0 -1 -1 1 0 0 1 0 0 -1 0 -1 0 1 -1 1 -1 -1 0 0 -1 0 1 0 1 0 0 -1 1 1 0 1 -1 -1 1 0 1 1 0 1 1 0 0 0 0 0 -1 0 0 1 0 -1 0 1 1 -1 1 1 0 0 1 1 -1 1 0 1 
-1 -1 1 -1 0 0 0 1 0 0 1 -1 0 -1 0 -1 0 0 0 1 0 0 -1 0 1 -1 1 1 0 0 -1 1 -1 0 0 -1 0 1 0 1 -1 -1 0 0 -1 -1 0 -1 1 -1 1 1 1 0 0 0 1 0 1 0 0 -1 0 0 0 0 -1 -1 0 0 -1 0 0 0 0 0 0 0 -1 0 0 -1 1 0 1 0 -1 -1 0 -1 0 1 1 -1 1 1 -1 1 0 0 0 1 1 -1 0 -1 1 0 0 0 0 0 0 1 0 0 0 0 -1 0 1 0 -1 1 -1 0 0 -1 1 1 0 1 -1 0 -1 0 -1 0 1 -1 1 0 1 0 -1 0 1 0 1 0 1 0 0 0 0 1 1 1 0 0 0 0 1 0 0 1 0 0 1 -1 1 -1 1 -1 0 1 -1 0 1 -1 1 0 1 0 0 0 1 0 0 1 0 0 0 0 -1 -1 0 -1 1 -1 
1 1 -1 1 1 0 0 0 0 -1 -1 0 1 0 0 -1 -1 1 0 0 0 -1 0 0 1 -1 -1 0 1 0 -1 0 0 0 -1 -1 0 1 0 0 0 1 0 -1 0 1 -1 -1 1 0 0 0 0 -1 0 1 -1 1 0 0 1 -1 -1 0 0 1 0 1 0 0 1 -1 -1 0 0 0 -1 -1 1 0 1 -1 0 -1 0 0 0 0 -1 0 0 -1 -1 -1 -1 -1 0 0 0 0 -1 0 0 -1 1 1 0 -1 0 -1 -1 1 1 0 1 0 0 0 -1 -1 -1 0 1 0 -1 -1 -1 0 0 -1 1 0 1 0 -1 1 1 1 1 1 1 1 0 0 0 0 0 0 1 0 -1 0 0 -1 -1 1 1 -1 1 1 -1 -1 0 -1 1 0 0 -1 0 0 -1 0 -1 0 0 1 0 1 1 0 -1 -1 0 -1 1 1 1 0 0 0 0 0 -1 0 0 -1 1 1 0 0 
1 1 0 0 1 1 -1 0 0 0 0 1 0 1 0 0 0 0 0 0 0 1 0 0 -1 1 1 0 1 0 -1 0 -1 0 1 0 1 -1 0 0 1 0 1 -1 1 -1 -1 1 0 1 0 -1 0 0 0 -1 -1 -1 1 0 0 -1 -1 0 1 0 1 0 0 0 1 -1 1 1 0 -1 0 1 0 0 -1 -1 0 -1 0 0 -1 0 -1 -1 1 1 0 -1 1 1 -1 -1 0 -1 0 1 0 0 0 0 0 0 0 0 -1 -1 0 1 -1 0 1 0 -1 1 0 0 -1 0 0 0 1 0 1 -1 0 -1 1 0 0 1 1 0 0 -1 1 -1 -1 -1 0 -1 1 0 0 -1 0 -1 0 1 0 0 0 0 -1 0 1 -1 0 1 1 0 0 -1 -1 -1 0 1 0 0 0 -1 0 0 0 0 0 0 1 0 0 0 1 1 0 0 0 -1 -1 1 -1 0 0 -1 -1 -1 
-1 0 -1 0 0 0 -1 0 -1 -1 0 -1 0 1 0 -1 0 0 0 1 0 0 -1 0 0 1 0 0 1 -1 -1 1 0 -1 -1 1 0 0 -1 0 0 1 0 0 1 1 0 1 -1 1 -1 -1 1 0 -1 -1 0 -1 0 0 -1 0 0 0 -1 0 0 -1 0 1 0 0 -1 -1 0 1 1 0 0 1 0 -1 -1 -1 1 0 -1 0 1 0 -1 0 -1 1 0 0 0 0 -1 1 1 1 -1 0 0 0 1 -1 -1 0 0 0 0 -1 0 0 0 -1 0 1 -1 1 -1 -1 0 1 0 -1 0 1 0 0 0 0 -1 -1 0 1 -1 -1 0 0 1 0 0 0 0 -1 -1 1 1 1 0 0 1 0 0 0 0 -1 0 0 -1 -1 1 1 -1 0 -1 1 0 1 1 0 0 1 1 0 0 -1 1 0 1 -1 0 1 0 -1 1 0 1 0 0 0 -1 -1 0 0 -1 -1 
-1 0 0 -1 0 0 -1 -1 0 0 0 1 -1 0 1 0 -1 -1 -1 0 -1 0 -1 0 0 0 0 0 1 -1 -1 -1 0 0 0 1 -1 0 0 1 1 1 1 0 0 0 0 0 0 0 1 -1 -1 -1 1 0 -1 0 0 0 1 -1 -1 1 -1 -1 0 1 0 1 -1 1 -1 0 0 0 0 0 0 0 1 0 -1 1 0 -1 0 1 -1 1 0 0 1 -1 -1 0 -1 0 0 -1 0 0 0 1 -1 -1 -1 1 -1 -1 -1 -1 1 1 1 -1 0 1 0 0 0 0 1 0 0 0 1 -1 0 1 1 0 0 1 0 0 -1 -1 -1 1 -1 -1 -1 0 0 0 -1 1 0 -1 1 0 0 1 0 1 1 -1 -1 0 0 0 -1 1 0 0 0 1 1 0 -1 0 1 0 -1 0 -1 1 0 1 0 0 1 0 0 0 1 -1 -1 0 0 -1 0 0 0 1 0 0 1 -1 
-1 1 -1 0 0 -1 0 0 1 0 1 0 -1 1 0 1 1 1 1 1 -1 0 -1 1 -1 1 -1 0 -1 -1 0 0 -1 -1 0 0 0 0 1 -1 1 0 -1 -1 0 -1 0 0 0 0 1 1 1 0 0 0 -1 -1 0 -1 -1 -1 -1 0 0 0 -1 -1 0 0 0 -1 0 1 0 0 -1 0 1 1 0 1 -1 0 -1 0 0 0 -1 -1 0 -1 0 0 1 1 0 0 1 0 0 0 -1 0 1 0 0 1 1 0 -1 -1 1 1 0 1 0 0 -1 1 -1 0 1 0 1 -1 0 0 0 -1 0 0 0 -1 0 0 -1 1 0 -1 1 1 0 0 -1 0 -1 0 0 0 0 -1 -1 1 0 0 0 -1 0 -1 0 0 0 -1 1 1 0 0 0 0 0 1 1 1 0 0 0 1 -1 0 0 0 -1 1 0 1 1 0 0 0 0 0 -1 0 1 0 0 -1 0 1 
-1 1 -1 -1 1 0 0 0 0 -1 1 1 -1 1 1 -1 0 -1 0 1 0 0 0 1 0 0 0 1 0 1 1 0 1 1 0 -1 -1 1 -1 0 0 1 0 0 1 -1 1 0 -1 -1 0 0 1 0 -1 0 1 0 1 -1 0 0 0 0 0 0 0 -1 0 0 -1 -1 1 0 0 -1 0 0 0 -1 -1 1 -1 1 0 0 1 0 0 1 1 0 -1 0 0 0 -1 0 0 1 1 0 0 -1 -1 0 -1 1 -1 -1 -1 -1 0 1 0 1 1 -1 0 1 1 1 0 -1 0 1 0 1 1 0 0 0 0 1 -1 0 1 -1 0 -1 0 -1 0 -1 0 0 1 -1 -1 0 0 0 0 -1 1 1 0 1 0 1 0 0 0 -1 1 0 -1 0 1 1 -1 0 1 0 1 -1 -1 -1 0 0 -1 -1 1 0 0 1 0 1 0 0 1 0 0 0 -1 -1 0 -1 -1 0 
1 0 0 0 -1 -1 0 0 -1 -1 -1 -1 0 1 1 1 0 1 0 0 0 0 0 0 0 1 0 0 1 1 1 0 -1 1 -1 1 0 0 -1 -1 -1 1 -1 1 0 0 -1 0 -1 0 0 1 -1 1 1 1 1 0 1 -1 0 0 -1 0 1 0 0 1 0 0 0 0 1 0 0 0 -1 -1 0 0 0 1 0 0 0 0 0 0 0 1 1 0 0 0 -1 0 1 -1 1 -1 1 0 0 -1 1 0 0 0 -1 -1 0 0 0 -1 -1 -1 -1 -1 -1 0 0 1 1 -1 -1 -1 0 0 0 0 1 -1 0 0 0 1 0 0 0 -1 0 0 0 0 0 -1 0 1 -1 0 -1 1 0 0 0 0 0 0 0 -1 0 1 0 1 0 1 1 -1 0 0 0 0 0 -1 -1 -1 0 0 1 0 1 -1 0 0 -1 0 0 -1 -1 0 0 0 1 0 0 1 -1 -1 -1 1 
0 0 1 1 0 -1 -1 0 0 0 -1 1 1 0 0 -1 0 0 0 0 -1 -1 -1 1 0 -1 0 0 0 0 0 0 0 0 0 1 1 -1 0 -1 -1 0 0 0 -1 0 1 0 1 0 -1 0 0 1 -1 0 0 1 0 1 0 0 -1 1 1 0 0 0 1 -1 0 0 0 0 0 0 -1 0 1 0 0 0 -1 0 0 -1 0 0 -1 -1 1 -1 0 0 0 0 0 0 0 1 1 0 -1 0 1 -1 0 0 -1 0 0 0 -1 1 0 0 0 1 0 1 1 1 0 0 1 -1 0 1 1 0 1 1 0 1 1 1 0 0 -1 0 0 -1 1 1 -1 1 -1 0 1 0 0 -1 0 0 -1 -1 1 -1 0 0 -1 0 1 1 0 1 1 0 1 1 0 0 -1 0 0 1 0 -1 0 1 0 0 0 -1 -1 1 0 0 1 0 0 0 0 1 0 -1 0 1 1 1 
-1 1 0 -1 1 1 1 0 0 0 0 1 1 1 0 -1 -1 -1 1 -1 0 -1 1 -1 1 1 0 1 0 0 1 0 0 0 1 1 1 0 -1 0 0 0 -1 0 1 0 1 0 -1 -1 1 0 0 0 -1 1 0 0 0 1 -1 0 0 -1 0 1 1 0 0 1 1 0 0 0 -1 0 -1 -1 0 0 1 0 0 -1 0 0 -1 0 0 -1 0 -1 0 -1 0 0 1 0 1 0 0 1 1 0 0 -1 -1 0 0 0 -1 0 -1 -1 1 1 0 -1 1 -1 -1 0 0 -1 0 0 0 -1 0 0 -1 0 0 0 0 -1 0 0 -1 0 0 1 1 0 1 0 -1 1 0 0 1 1 1 0 1 0 0 0 0 0 0 1 0 0 -1 1 1 -1 0 -1 0 1 -1 0 -1 0 -1 1 0 0 1 0 0 0 -1 1 -1 0 0 0 0 0 0 0 1 0 0 0 0 0 
1 -1 0 0 -1 1 -1 0 0 0 0 1 -1 -1 1 1 0 -1 0 -1 -1 -1 1 0 0 0 -1 0 1 -1 0 -1 0 1 0 1 -1 0 1 -1 -1 0 -1 0 1 1 -1 -1 0 1 0 0 1 -1 0 0 0 0 -1 0 1 0 -1 -1 0 0 0 0 -1 -1 -1 0 0 -1 0 1 -1 -1 0 0 1 1 -1 0 1 0 0 -1 1 -1 0 -1 0 0 0 0 0 0 0 0 -1 0 0 0 -1 -1 -1 0 0 0 0 0 0 1 0 1 0 0 -1 0 -1 -1 0 1 0 0 -1 -1 1 -1 1 -1 -1 1 0 0 -1 -1 -1 -1 0 0 0 0 1 0 -1 -1 0 0 1 -1 0 1 -1 1 1 1 1 1 -1 0 0 -1 -1 1 -1 0 -1 0 -1 -1 0 -1 0 1 1 -1 0 -1 0 -1 0 0 0 1 0 -1 0 0 1 0 -1 0 0 0 1 0 -1 0 
0 -1 0 0 1 -1 0 1 1 -1 -1 0 1 0 0 -1 0 0 1 1 0 0 -1 -1 0 1 1 0 1 1 -1 0 0 0 0 1 1 -1 -1 1 0 1 0 -1 -1 0 0 1 0 1 1 -1 0 1 1 0 -1 0 0 1 -1 0 0 1 0 1 0 -1 0 1 1 -1 1 0 0 1 1 -1 0 1 -1 -1 0 0 0 0 -1 1 -1 0 -1 0 0 0 0 0 1 0 0 0 -1 0 0 1 -1 0 -1 0 1 -1 0 1 0 1 0 0 0 -1 0 -1 0 1 -1 1 0 0 0 0 0 -1 0 0 0 -1 1 1 1 0 1 0 0 -1 0 0 1 0 -1 -1 -1 0 -1 0 1 -1 0 -1 -1 0 -1 0 0 0 1 1 0 1 0 0 0 0 -1 1 -1 0 0 0 0 0 1 0 0 0 -1 -1 1 0 0 0 0 -1 0 0 1 -1 0 0 1 -1 0 1 
1 0 1 0 0 1 -1 0 -1 1 0 0 -1 0 0 0 0 0 0 0 -1 0 0 -1 0 0 0 0 0 0 1 0 1 -1 -1 0 0 0 0 0 1 -1 0 0 0 0 0 0 -1 0 0 0 0 0 1 1 1 0 0 0 0 0 0 -1 0 1 -1 0 0 0 0 0 0 -1 0 1 -1 0 0 0 0 1 -1 1 0 0 -1 1 -1 -1 0 1 0 0 -1 1 1 -1 0 0 -1 1 0 1 1 1 0 1 0 0 -1 0 -1 0 -1 1 0 0 0 -1 0 1 0 0 -1 1 -1 0 1 1 0 1 0 0 1 0 -1 0 1 -1 -1 0 0 1 0 -1 0 0 -1 -1 1 0 0 1 1 1 0 1 1 -1 0 0 -1 -1 0 1 1 0 -1 1 1 -1 0 -1 -1 0 -1 1 0 0 0 -1 1 1 -1 1 0 0 0 0 0 -1 1 0 0 0 0 0 0 0 
-1 1 1 -1 1 1 0 0 -1 0 0 0 -1 0 0 1 1 0 -1 -1 1 1 1 0 -1 0 0 -1 0 0 1 0 1 0 1 0 -1 0 0 -1 1 1 1 1 1 1 -1 0 1 0 0 -1 -1 0 0 0 -1 0 0 0 1 -1 1 -1 -1 1 0 -1 1 -1 0 0 0 -1 1 1 0 0 0 -1 0 1 1 0 0 1 1 0 0 -1 0 0 1 0 1 1 0 -1 0 0 0 -1 0 0 0 0 0 0 -1 -1 0 0 0 0 0 0 1 -1 0 0 0 -1 0 0 1 0 -1 -1 0 1 1 0 1 -1 1 1 0 1 1 1 1 0 -1 -1 -1 0 -1 1 0 1 0 1 1 1 0 1 -1 -1 1 -1 -1 0 0 -1 -1 0 0 1 1 -1 0 -1 0 0 0 -1 1 -1 0 0 0 0 1 -1 1 1 0 1 0 0 0 1 1 0 -1 0 0 0 0 -1 
-1 0 0 -1 0 1 -1 -1 0 0 1 -1 -1 0 1 0 0 0 1 -1 0 1 -1 0 1 0 1 -1 0 0 0 0 -1 -1 -1 0 1 -1 -1 0 0 -1 -1 -1 0 0 0 0 0 -1 0 -1 -1 -1 1 0 0 1 0 -1 1 1 1 -1 0 1 1 -1 -1 0 0 -1 0 0 1 0 0 -1 0 0 -1 0 -1 -1 -1 1 0 1 0 0 -1 -1 0 1 0 -1 0 -1 1 -1 1 -1 0 0 0 0 0 1 0 0 1 -1 0 0 0 1 -1 0 1 0 0 1 -1 -1 0 0 0 1 0 0 0 -1 0 -1 -1 0 0 0 0 0 0 1 1 1 0 0 -1 1 -1 0 0 0 1 1 1 -1 -1 0 0 1 1 -1 1 -1 0 1 0 0 -1 0 1 0 1 0 0 0 0 -1 0 0 -1 0 -1 1 -1 0 1 0 0 -1 -1 0 -1 -1 0 0 1 0 -1 -1 

8 8 9 6 4 9 9 10 8 4 5 9 1 10 8 5 6 3 4 4 4 8 4 3 2 4 8 7 3 2 3 2 4 10 9 9 4 7 4 1 7 3 9 10 5 8 2 6 9 8 9 3 4 5 2 4 2 2 4 1 8 7 7 9 6 4 10 10 2 2 9 5 2 4 6 10 9 1 9 6 9 1 4 4 5 3 6 10 5 2 2 9 2 4 6 4 10 2 9 8 