20 40
0 1 -1 0 -1 0 -1 0 -1 0 -1 1 0 0 1 1 0 1 -1 0 0 -1 -1 0 0 1 -1 0 1 0 0 0 0 0 0 1 1 -1 -1 1 
0 -1 0 1 0 0 0 1 0 -1 -1 0 0 0 0 -1 0 1 0 -1 -1 0 0 -1 0 -1 0 0 0 -1 1 0 -1 -1 0 0 -1 -1 -1 1 
0 -1 1 -1 1 0 0 0 1 0 0 1 1 0 1 1 0 -1 1 0 0 1 0 -1 0 1 0 1 0 0 0 0 1 0 0 0 -1 0 0 -1 
-1 -1 0 0 -1 0 1 -1 1 0 0 0 -1 0 1 -1 0 -1 1 0 0 -1 1 0 0 1 -1 0 1 1 0 0 0 1 -1 0 0 1 0 1 
0 0 1 -1 0 -1 -1 0 1 0 1 1 1 -1 1 0 1 1 0 0 0 0 0 -1 0 0 0 -1 1 -1 0 0 0 -1 0 -1 -1 -1 1 0 
0 0 -1 0 0 0 -1 0 0 0 1 0 0 0 1 0 0 0 1 1 0 1 -1 1 0 -1 1 1 0 1 0 0 1 -1 -1 0 0 0 0 0 
1 1 0 -1 -1 1 0 1 0 0 0 1 0 -1 1 -1 0 1 1 1 0 0 -1 -1 0 0 -1 1 -1 -1 1 1 0 0 1 1 0 0 0 -1 
0 0 -1 1 0 0 0 0 0 0 1 0 -1 -1 1 0 0 0 0 1 0 0 1 0 0 -1 1 0 0 0 0 -1 0 1 0 -1 1 1 0 1 
0 0 1 -1 -1 0 -1 0 0 -1 -1 1 0 0 0 1 0 -1 0 1 -1 1 0 -1 -1 0 1 -1 0 1 -1 0 1 0 0 1 0 0 1 -1 
0 0 -1 -1 0 1 0 1 1 0 0 1 -1 0 1 0 1 1 1 0 1 -1 0 -1 1 0 1 -1 -1 1 0 0 0 1 0 -1 1 1 -1 -1 
-1 0 1 -1 0 0 0 0 0 0 1 0 0 -1 1 -1 0 -1 0 0 -1 1 1 -1 0 0 0 -1 0 1 -1 0 -1 0 -1 1 -1 0 1 0 
-1 0 0 0 -1 1 0 -1 0 1 0 0 0 0 1 1 0 0 0 0 0 0 0 -1 1 0 -1 0 0 -1 0 0 0 1 0 1 1 1 0 -1 
0 1 0 0 1 -1 1 1 0 0 -1 0 1 0 0 -1 -1 0 0 0 0 0 -1 -1 0 1 -1 0 -1 0 1 0 -1 1 0 0 1 0 0 -1 
-1 -1 0 0 0 1 0 -1 0 0 0 1 0 1 0 0 0 0 1 0 0 0 1 0 0 0 0 -1 1 0 1 -1 0 1 0 0 1 0 1 1 
0 0 1 1 1 -1 1 1 -1 0 0 1 0 1 1 0 -1 1 -1 0 0 1 0 0 0 -1 0 0 1 1 1 -1 0 1 -1 1 1 -1 1 1 
1 0 0 0 1 1 0 -1 -1 -1 1 1 -1 0 0 0 0 0 1 0 1 0 0 1 0 -1 0 0 0 0 0 -1 1 -1 1 0 1 0 1 0 
-1 0 1 0 0 0 -1 0 -1 1 0 -1 -1 1 1 0 0 0 0 1 -1 0 -1 0 -1 1 0 0 1 1 -1 -1 -1 0 1 1 0 0 0 0 
1 0 0 0 1 1 0 0 -1 1 1 1 0 0 0 0 -1 1 1 0 0 -1 1 -1 0 -1 1 1 0 -1 -1 0 0 0 0 0 0 -1 0 -1 
0 -1 0 1 -1 0 -1 -1 1 0 0 0 0 0 -1 1 1 0 1 0 -1 0 1 0 1 0 -1 1 0 0 0 0 -1 1 0 1 0 1 0 0 
0 0 -1 1 0 -1 -1 0 1 -1 1 0 1 0 -1 0 -1 0 1 0 1 0 0 1 0 0 1 0 0 1 0 1 0 0 0 1 0 0 0 -1 

5 4 9 9 8 1 6 6 2 3 7 5 2 7 2 7 3 4 10 6 