10 20
1 -1 1 1 0 -1 0 -1 0 -1 1 0 -1 0 -1 0 0 0 -1 -1 
-1 1 0 1 0 1 -1 0 0 -1 -1 1 1 1 0 1 1 1 0 0 
-1 0 0 1 0 0 0 0 1 1 0 0 -1 -1 1 1 0 -1 -1 0 
-1 0 1 0 0 0 0 -1 0 0 1 1 0 0 -1 0 0 -1 -1 1 
0 1 0 1 1 1 1 1 -1 -1 1 1 1 1 0 0 0 1 -1 0 
1 0 0 1 0 -1 -1 -1 1 0 -1 1 -1 0 0 -1 -1 -1 0 0 
-1 0 0 0 0 0 0 0 1 1 0 1 0 -1 1 0 1 -1 -1 0 
0 0 1 -1 1 0 1 0 1 -1 1 0 0 0 -1 0 1 1 1 -1 
0 1 0 0 0 0 1 0 0 1 1 0 0 -1 0 0 0 -1 -1 -1 
1 1 0 0 0 -1 -1 1 0 1 -1 0 0 0 -1 -1 0 0 0 1 

3 8 5 7 2 10 4 5 8 10 