10 20
5 -7 0 0 -3 -6 0 0 0 0 3 0 0 0 0 0 -8 6 -5 5 
0 -8 9 0 3 0 0 0 0 -3 0 0 8 0 7 -6 -2 4 10 9 
6 1 0 0 3 0 10 7 3 0 0 -6 0 -6 0 4 2 -4 0 0 
0 -1 5 5 0 0 0 0 8 -5 -1 -10 -9 0 5 4 0 9 0 0 
1 0 0 0 8 0 0 0 0 0 0 8 0 4 0 10 -9 0 -9 0 
4 -7 0 3 0 0 -8 0 0 0 0 0 0 9 0 -7 0 0 0 0 
3 -5 0 -6 8 0 3 -6 0 -1 0 0 0 0 6 0 2 -4 -3 0 
-9 0 3 0 -8 -9 -4 0 7 0 -7 0 0 0 8 0 0 0 -4 0 
-6 10 -5 -5 0 -4 -1 8 -10 0 -2 0 0 -2 0 0 8 -4 -2 6 
0 3 0 0 10 0 10 0 6 0 0 8 0 10 0 0 0 2 -6 -2 

7 7 9 1 9 5 8 6 9 5 