10 20
0 -10 -8 0 -6 0 2 0 0 -5 0 0 7 0 0 0 0 -1 7 0 
9 4 0 0 0 0 -2 0 -7 0 -3 0 0 0 0 0 0 0 0 6 
8 0 0 -5 0 0 -10 0 0 0 -2 -1 3 1 0 1 9 7 0 0 
10 0 0 1 0 0 -8 0 10 0 0 -2 0 0 1 0 -2 7 9 -10 
-10 0 4 -9 0 0 0 -1 0 10 -5 0 -9 0 -1 -4 7 8 0 -5 
0 0 1 0 7 -5 -6 -9 0 -4 -6 0 6 8 0 0 8 6 0 -2 
-9 0 7 0 0 -10 -10 0 0 0 -8 2 0 -4 0 -5 2 0 -4 3 
4 0 0 10 0 0 0 0 0 -3 5 -6 9 0 0 5 0 4 0 0 
4 -2 0 0 -2 -8 3 -10 0 0 4 8 3 0 7 3 9 -6 -5 5 
0 -10 0 -10 -8 0 -3 0 -8 0 0 0 0 -10 0 -3 0 9 0 -4 

7 7 9 9 8 2 9 1 7 10 