10 20
0 -8 0 -7 -1 9 0 0 7 0 0 0 -1 0 -7 0 0 0 6 3 
0 0 8 0 0 0 0 4 0 0 6 0 0 -5 -2 1 0 -4 -10 0 
2 0 0 0 -6 0 0 -10 -10 6 0 7 0 -1 0 0 0 0 7 0 
0 -3 10 0 -7 0 0 0 0 0 7 -5 8 0 6 -6 -8 0 0 0 
0 0 0 0 8 -10 0 -4 0 -2 0 0 7 0 -6 1 0 0 2 6 
0 -3 0 5 0 -1 -10 0 10 3 1 0 0 0 -1 -8 9 0 0 0 
5 -1 0 7 9 0 0 8 -5 9 0 3 -5 0 0 -9 0 0 0 3 
10 5 0 0 -8 0 0 0 4 0 -6 0 0 0 0 0 0 0 0 -4 
0 -3 -6 -1 10 0 9 -7 2 0 0 10 0 6 -8 0 0 0 0 2 
0 -6 0 0 6 10 0 -3 0 0 0 0 0 10 0 -2 -3 0 0 -3 

9 1 3 5 3 1 1 2 10 4 