20 40
4 0 0 -3 0 0 0 0 0 0 0 0 0 0 0 0 0 0 0 0 0 0 0 0 0 0 0 3 0 0 0 0 0 0 0 0 0 0 0 0 
5 -1 0 -3 0 0 0 0 0 0 0 0 0 0 0 0 4 0 0 0 3 0 0 -1 0 0 0 0 0 0 0 0 0 0 0 -1 0 -1 0 0 
0 0 0 0 0 0 0 0 0 0 0 0 0 -3 0 0 5 0 0 0 0 0 0 0 0 0 0 5 4 0 2 0 0 2 0 0 0 0 0 1 
0 0 0 0 0 -5 5 0 0 0 0 0 0 0 0 0 0 0 0 -2 0 0 0 0 0 5 -5 4 0 0 0 0 0 0 0 0 0 0 0 0 
0 0 0 0 0 3 0 0 0 0 0 -1 0 -3 0 3 0 0 0 4 3 0 0 0 0 0 3 0 0 0 0 0 0 0 0 0 0 -1 0 0 
0 5 0 -1 0 0 0 0 0 0 -4 0 0 0 0 0 -2 4 -5 0 0 0 0 0 0 0 0 0 0 0 -1 -1 0 0 0 0 0 0 0 2 
0 0 0 0 0 0 0 0 0 0 -3 0 0 0 1 0 0 0 0 0 0 5 0 -2 0 0 0 -4 0 4 0 0 0 0 0 -2 0 0 0 0 
0 -1 -5 0 0 0 3 0 0 0 0 0 0 0 0 0 0 0 0 5 0 0 2 0 0 -4 3 0 0 0 0 5 5 3 0 4 0 0 -2 0 
0 0 0 1 0 0 0 0 0 0 -4 0 0 0 0 0 0 0 0 0 0 0 0 -5 0 -1 -3 0 0 0 -4 0 0 0 2 0 0 0 2 0 
0 0 0 0 0 5 0 0 0 0 0 0 0 0 0 0 1 0 0 0 0 0 0 0 0 0 0 1 5 0 0 0 0 0 0 0 0 0 0 5 
0 0 0 0 0 0 0 -2 0 0 0 -1 0 0 0 0 0 -1 0 0 0 0 -1 0 0 4 1 0 1 0 0 0 0 1 0 0 0 0 0 0 
0 0 0 1 0 0 0 0 0 0 0 0 0 0 0 0 0 0 0 0 0 0 0 0 0 1 0 4 0 0 0 0 0 0 0 5 0 0 0 0 
-2 0 0 0 0 0 0 0 0 0 -1 -1 -4 0 0 0 0 0 0 0 0 0 0 0 0 0 0 0 0 0 -2 5 0 4 0 0 0 0 0 0 
0 0 0 0 4 0 0 0 0 0 0 0 0 0 0 0 0 0 -3 -2 0 0 -2 0 0 0 0 0 0 0 0 0 0 0 0 0 0 4 0 0 
0 0 0 0 0 0 0 2 0 0 -5 0 -4 1 4 0 0 0 0 -3 2 0 0 -1 0 0 0 2 0 0 0 0 0 0 0 0 0 0 0 0 
0 0 0 -1 0 0 0 0 0 0 0 -2 0 0 0 0 0 0 0 5 0 0 0 0 0 0 0 0 0 0 3 0 0 0 -3 0 0 0 0 0 
0 0 0 0 0 0 0 3 0 0 0 0 0 0 0 0 0 0 5 0 0 0 -1 0 0 3 0 0 0 0 0 0 0 0 0 0 0 0 0 0 
0 0 0 -3 0 -4 0 0 0 4 0 0 0 0 0 0 0 5 1 0 0 0 0 0 0 0 0 0 0 3 0 0 0 0 0 -1 -5 0 0 0 
0 0 0 0 0 0 4 0 0 0 0 0 0 0 0 0 0 -4 2 0 0 0 0 0 0 0 0 0 0 0 0 0 0 0 0 0 -5 0 0 0 
0 0 0 0 0 0 0 0 0 0 0 0 3 0 0 0 0 0 0 0 4 2 0 0 -2 0 -5 0 -5 0 0 0 5 0 0 0 0 0 0 -3 

5 6 10 8 3 5 6 3 2 3 10 1 4 6 8 2 1 9 9 5 