50 100
0 0 0 0 0 0 0 0 0 0 0 0 0 0 0 0 0 -2 -1 0 0 0 0 1 0 -2 0 0 0 0 0 0 5 0 0 2 0 0 0 0 0 0 0 -4 0 0 0 0 0 0 0 0 0 0 0 0 -2 0 0 0 3 0 0 0 0 0 1 0 0 -3 0 0 -4 0 0 -4 2 0 2 0 0 1 0 -4 -2 0 0 0 0 0 0 0 0 0 0 0 -2 3 0 0 
0 0 0 5 0 0 0 0 0 0 1 0 0 0 0 0 0 0 0 0 0 0 0 0 0 0 0 3 3 0 0 3 0 0 0 0 0 3 0 0 0 0 0 0 0 -3 4 0 0 0 0 0 0 0 0 0 0 0 0 0 0 0 0 0 0 0 0 0 0 5 0 0 0 -3 -1 -3 1 0 0 0 0 0 3 0 0 1 0 2 0 0 0 2 3 0 -5 -3 0 0 0 0 
0 0 5 0 0 0 0 4 0 0 0 0 0 5 0 0 0 0 0 0 0 0 0 1 0 0 0 0 0 -2 -5 0 0 -5 0 -5 0 0 0 0 3 0 0 0 0 0 0 -3 5 0 1 0 -4 0 0 0 0 0 -2 0 0 0 0 0 0 0 0 -2 0 0 0 0 0 0 5 0 0 0 0 0 0 2 0 0 -2 0 0 0 0 0 0 0 0 0 3 0 4 0 0 0 
0 0 0 0 0 0 0 0 0 0 0 -5 0 0 0 0 0 0 0 0 -5 4 0 0 0 1 4 0 0 0 0 5 0 0 5 0 0 0 0 0 5 0 0 0 0 0 -2 4 0 0 0 0 0 0 3 -2 0 0 2 -2 4 3 0 0 0 2 0 -2 0 0 0 0 -3 0 0 0 0 0 0 0 0 0 0 -3 3 0 0 0 0 0 0 0 -4 0 0 0 0 0 0 0 
-1 0 0 0 0 0 0 0 3 0 0 0 0 0 0 0 0 0 0 0 5 0 0 0 0 0 0 -5 0 0 0 0 0 0 0 0 0 -2 0 0 0 0 0 0 0 0 0 2 0 0 0 0 0 0 0 0 0 0 0 0 0 0 -2 0 0 0 0 4 0 0 0 0 2 0 0 0 0 0 0 1 0 0 0 0 0 0 0 0 0 3 0 0 -2 0 -3 0 0 0 0 0 
0 0 0 0 0 0 1 0 -4 0 0 -2 0 -2 0 0 0 0 0 0 0 4 0 0 3 -3 0 0 0 0 0 -5 0 -3 1 0 0 0 -4 0 3 0 0 0 0 0 0 0 -2 0 0 -5 0 4 0 0 0 0 0 0 0 0 -4 1 0 0 0 0 -3 0 0 0 0 -3 0 0 0 0 0 2 0 0 0 4 0 0 0 -2 0 -1 -4 0 0 0 0 0 0 0 0 -3 
0 0 0 0 3 0 0 0 0 0 0 0 0 -5 1 0 0 5 0 0 0 0 0 3 0 0 0 0 0 5 0 0 0 0 0 0 0 0 0 -5 0 0 0 0 0 0 0 0 0 0 0 0 0 0 0 -4 0 0 0 0 -4 -4 0 0 0 0 0 0 0 5 0 0 -2 0 0 0 0 0 0 0 0 0 0 0 0 -2 -3 2 0 0 0 0 -2 0 0 -1 0 0 2 0 
-1 0 0 3 0 0 0 0 0 2 5 0 0 0 0 0 -1 0 0 0 0 0 3 0 0 0 -4 0 0 0 0 0 0 0 0 0 0 0 0 0 0 0 0 5 0 0 0 0 0 0 0 0 0 0 0 3 5 0 0 0 -2 0 0 0 0 0 1 0 0 0 0 0 -2 3 3 2 0 4 0 0 0 0 0 0 0 0 0 0 0 0 4 0 0 0 0 0 0 0 0 0 
0 -4 0 0 -3 0 0 0 0 -1 0 0 0 0 0 5 0 0 0 0 0 0 2 0 0 0 -1 0 0 0 0 0 0 0 0 4 0 0 -2 -1 0 0 0 -3 0 0 0 0 0 0 0 0 0 0 0 0 0 0 0 0 0 0 0 0 0 0 0 0 0 3 0 0 0 0 0 0 0 -2 0 0 -1 0 0 0 0 0 5 0 0 0 -4 0 0 0 0 0 0 0 -3 0 
0 0 0 5 0 0 -2 0 0 0 0 0 0 0 0 0 0 5 0 -2 0 0 0 0 0 0 -2 0 0 0 0 0 0 0 2 0 0 0 0 1 0 0 0 0 0 -4 0 0 1 0 0 0 0 0 2 -1 0 5 5 1 0 0 -4 5 0 0 0 -2 1 0 0 0 0 -3 0 0 0 0 0 -3 0 0 1 -3 0 0 -1 0 0 -2 0 0 0 0 0 0 0 0 0 0 
2 0 0 0 0 0 0 0 0 0 0 0 0 -5 0 0 0 0 0 0 0 0 4 0 3 0 0 0 0 0 0 0 0 0 0 0 0 0 0 0 0 -1 0 0 0 0 5 0 0 2 0 0 -1 0 0 -3 0 0 0 0 0 0 0 0 0 0 -5 0 0 0 -2 0 -4 -5 0 0 0 0 0 0 0 0 0 0 0 0 0 -1 0 0 0 0 0 0 0 0 0 0 0 0 
-3 0 -1 0 0 0 4 0 0 0 -1 -3 0 3 0 0 0 0 0 0 0 -4 2 -4 0 0 -5 0 0 0 0 0 0 0 4 0 -2 0 0 -4 0 0 0 0 0 5 0 -1 -4 0 0 0 0 0 -1 0 0 0 0 3 0 0 0 0 0 0 0 -2 0 3 0 0 0 1 0 -4 0 0 0 0 0 -4 -4 0 0 -3 -2 -2 0 0 0 0 0 0 0 0 0 0 0 -3 
0 0 0 0 0 0 0 0 0 0 0 0 -4 0 0 1 0 -4 0 2 0 0 0 0 -4 0 5 0 0 0 0 0 0 4 0 0 0 0 0 0 0 0 5 0 1 0 0 0 0 0 1 0 0 0 0 0 0 0 0 0 0 0 -5 -1 0 0 0 0 0 0 0 0 0 0 0 -5 4 0 -5 0 0 0 0 -2 3 0 -1 4 0 0 4 0 1 0 2 -2 0 0 -1 0 
0 0 0 0 0 0 0 0 -2 0 -2 -5 0 -4 0 0 0 0 0 0 0 3 0 0 0 0 0 0 0 0 0 0 0 1 0 0 0 0 0 0 0 0 0 0 0 0 4 0 -1 0 0 0 0 1 0 -5 0 1 0 -1 0 0 -5 0 0 3 4 0 0 0 0 0 0 0 0 0 1 0 0 2 0 0 0 0 0 0 0 0 0 0 0 0 -2 -1 0 0 0 0 0 -1 
0 0 -5 0 0 -4 -3 0 0 0 0 -5 0 0 0 0 0 5 0 0 -3 0 0 0 5 0 -5 2 0 0 0 0 2 0 0 0 0 0 0 0 0 0 -1 0 0 0 0 0 0 0 0 0 0 0 0 0 0 3 0 0 1 0 0 2 0 0 0 0 0 -3 0 -4 0 0 0 2 0 0 0 0 0 0 0 0 -3 0 2 0 0 1 0 0 -4 0 0 -4 0 0 0 5 
0 0 -1 0 -1 0 0 0 0 0 -1 0 0 0 0 -4 0 0 0 1 0 0 0 0 0 0 0 0 0 0 0 0 -2 0 1 0 0 0 0 4 0 -2 0 4 0 0 4 4 -4 0 0 1 0 2 0 -1 0 0 0 0 0 0 0 0 0 0 0 0 0 -5 0 -1 0 0 0 -2 0 0 0 -4 0 0 0 0 0 0 -3 0 0 0 0 0 0 0 0 0 0 0 0 0 
0 0 -2 0 -3 0 0 0 0 0 0 4 0 0 5 0 5 0 0 4 3 -5 0 2 0 0 0 0 0 4 0 0 0 0 0 1 0 0 0 0 0 0 0 5 -2 0 0 1 0 0 0 0 0 0 -5 0 0 0 0 0 0 -5 0 1 0 0 0 0 1 0 0 -5 0 0 0 0 0 0 0 0 0 0 0 0 0 0 0 0 0 0 0 0 0 0 0 2 -2 0 0 1 
0 0 0 0 -1 0 0 0 0 0 0 0 0 0 0 0 0 0 0 -3 0 0 0 0 0 0 0 0 0 0 -3 0 0 0 0 0 0 0 0 0 -3 0 -1 0 0 -3 0 3 -1 0 0 0 0 -1 0 -1 0 0 0 0 0 4 0 0 0 0 0 0 -4 0 0 0 0 0 0 0 0 0 0 0 0 0 0 0 0 0 0 4 0 -3 0 0 0 0 0 0 0 0 0 0 
0 0 0 0 0 -3 0 3 5 0 0 0 0 0 0 0 0 0 -4 0 0 0 0 0 0 -2 3 0 0 0 0 0 1 0 0 0 5 0 0 5 0 -5 0 0 0 0 0 1 0 3 0 0 0 0 4 0 5 0 0 1 0 0 0 0 0 0 0 3 0 0 0 0 -1 0 0 0 0 0 0 0 0 0 -1 0 0 0 0 0 0 -2 0 4 -3 0 0 0 0 3 0 2 
0 0 0 0 0 0 0 0 0 1 0 -3 0 0 0 0 0 0 0 0 -4 -1 0 0 0 -2 0 0 0 0 2 0 0 0 0 0 0 0 4 1 0 2 0 0 0 -4 0 0 0 0 0 0 0 0 0 4 2 0 0 -2 0 0 0 0 0 0 0 -2 0 0 0 0 1 -4 0 0 -4 0 0 0 0 0 3 0 0 0 0 -3 0 0 0 0 -1 0 0 0 0 5 0 0 
4 0 0 0 0 0 0 0 0 0 0 5 0 0 0 0 4 0 0 0 0 0 0 0 0 0 0 0 0 0 -4 0 1 0 0 0 0 0 0 0 1 0 0 2 0 3 0 3 0 0 0 0 0 0 0 -4 0 0 3 0 0 0 0 0 4 0 0 0 0 0 0 3 0 0 0 0 0 0 0 0 -2 0 0 0 0 -5 0 1 0 0 0 0 -2 0 0 0 0 0 0 0 
0 0 0 0 0 0 -2 0 0 0 0 0 0 0 0 0 0 4 0 1 0 0 0 0 0 0 0 0 -4 0 0 0 0 3 0 0 0 0 0 0 0 0 0 0 0 0 0 0 0 0 0 0 0 0 0 0 0 0 0 0 0 0 0 0 0 -3 0 0 0 0 3 0 -1 0 0 5 0 0 0 0 0 0 -1 0 0 2 0 0 0 0 0 0 0 0 1 0 0 0 0 -5 
0 0 0 0 0 0 0 0 0 0 0 -1 0 4 0 0 0 0 0 0 -2 -4 0 4 0 0 0 0 0 0 0 0 0 0 0 0 0 0 0 0 0 0 0 0 0 0 0 1 0 5 0 0 0 0 0 3 3 0 0 1 0 0 0 0 0 0 0 0 5 0 3 0 0 0 0 0 -5 0 5 0 0 0 0 0 0 0 0 1 0 3 0 0 0 0 0 0 2 0 2 0 
0 0 0 0 0 0 0 0 0 0 0 1 0 0 -2 0 0 0 0 2 -2 -3 0 2 0 -4 2 1 0 0 2 0 0 0 0 -4 0 0 0 0 0 0 0 0 0 0 0 0 0 0 0 0 0 0 2 0 0 2 0 0 0 0 0 4 0 -1 0 0 -3 0 0 0 0 0 -1 -2 0 0 0 0 -4 0 0 0 1 0 0 0 0 0 0 -3 0 0 0 3 0 0 0 0 
0 0 0 0 0 0 0 0 0 0 0 0 4 0 0 0 0 0 0 0 0 0 0 0 1 0 0 0 -5 0 0 -4 0 0 0 0 0 0 0 0 0 0 0 0 0 -1 0 -1 0 0 -1 0 0 0 0 0 1 0 0 1 0 0 0 0 0 0 0 0 0 -1 0 0 0 -3 0 0 5 0 0 0 0 0 -1 0 0 0 0 0 0 0 0 0 0 0 -3 0 0 0 0 0 
0 0 0 4 0 0 0 0 0 0 0 0 0 0 2 0 0 0 0 0 0 5 -3 0 0 0 1 0 -2 0 -5 0 0 0 0 0 0 0 0 2 0 0 0 0 -1 0 0 0 0 -4 0 0 0 0 0 5 0 2 0 5 0 0 3 1 3 4 -5 -4 0 0 0 1 0 0 0 0 0 1 0 0 0 0 0 0 0 0 0 0 0 0 4 0 0 0 -3 0 -5 -1 0 0 
0 0 0 0 0 -2 3 0 0 -3 2 -1 0 2 0 2 0 0 0 0 -1 5 2 0 -5 0 0 0 0 0 0 0 0 0 0 0 -4 0 0 -3 0 0 0 0 0 0 0 0 0 -1 4 0 0 -5 0 0 0 -5 0 0 0 0 -4 0 0 0 0 0 4 0 -2 0 0 0 -4 0 0 -1 0 0 1 -3 0 2 0 0 0 0 0 0 0 0 0 -3 0 0 -4 -3 0 0 
0 0 0 0 0 0 0 0 0 0 3 0 1 0 0 0 0 0 0 0 -4 0 0 -2 4 1 0 0 0 -1 0 0 0 0 1 0 0 0 0 1 0 -3 0 0 0 3 0 5 0 0 0 0 0 2 0 0 0 0 5 0 2 0 0 0 0 0 0 0 0 0 0 0 0 0 -3 0 -2 0 -1 0 2 0 0 1 0 0 0 0 0 0 0 0 0 0 3 4 4 0 0 0 
0 0 0 0 -5 0 -5 5 5 0 3 -4 -3 0 0 0 0 1 0 0 0 0 -3 0 0 0 0 0 0 0 0 0 0 1 0 0 0 0 0 3 0 0 0 0 0 0 4 0 0 0 -2 -5 0 -1 1 0 0 3 0 0 0 0 -2 0 0 0 0 0 -2 0 0 -2 0 -4 0 0 0 0 0 0 0 0 0 0 0 0 0 0 0 0 -2 4 0 0 0 0 0 0 0 -2 
0 0 0 0 0 0 0 0 -3 0 0 0 0 0 0 0 0 2 0 0 0 0 0 0 3 -2 0 0 4 0 0 0 0 0 0 0 0 0 0 0 0 0 0 0 0 0 1 0 0 -3 0 0 0 0 0 -3 0 0 -2 1 0 1 0 0 0 0 0 0 0 0 0 -5 0 0 0 0 -3 0 0 0 5 -2 0 -1 0 0 0 0 -3 0 0 0 0 -5 0 0 0 0 0 0 
-5 -2 0 0 -3 0 0 0 -1 0 0 0 0 0 -3 0 4 0 0 0 0 1 0 0 0 4 0 0 0 0 0 0 0 2 -4 0 0 0 0 0 0 0 -1 0 -4 0 0 0 0 0 0 0 0 0 0 0 0 0 2 0 0 0 0 0 0 0 0 0 0 0 0 0 0 0 0 -5 0 0 0 3 0 0 0 0 -3 0 0 0 0 0 0 0 0 0 0 4 2 0 0 0 
0 0 0 0 2 -5 0 0 0 0 5 -1 0 0 0 0 0 0 0 1 0 0 0 0 0 0 0 1 4 0 -3 3 0 0 0 0 0 3 0 0 1 0 0 0 0 -5 0 -2 -5 0 0 -4 0 2 -2 -5 0 0 0 0 0 0 -2 0 0 0 0 0 0 0 0 0 0 0 0 -3 0 0 5 0 0 0 -1 0 0 0 0 0 0 0 1 0 0 0 0 -4 0 -4 0 0 
0 0 0 0 0 0 0 3 0 -5 -1 0 0 0 0 0 0 0 0 0 0 0 0 0 0 5 0 0 0 4 0 0 0 0 0 0 0 0 0 1 0 0 -1 0 0 0 3 -2 0 0 0 0 0 -4 0 0 0 -1 0 2 0 0 -3 0 0 -4 0 0 -1 0 0 0 0 -5 0 0 -4 5 0 0 0 5 4 2 0 0 0 0 0 -5 0 0 0 2 0 0 1 0 0 1 
0 0 0 4 -2 0 0 0 0 0 0 -5 0 0 0 0 0 0 0 0 0 0 0 4 0 0 0 -3 0 0 -4 0 0 0 0 0 0 0 -3 0 0 0 -1 0 0 0 0 0 0 0 0 0 0 0 0 5 0 0 0 0 2 0 0 0 0 4 0 0 0 0 -5 0 0 3 0 0 0 2 0 0 0 0 0 0 -5 0 0 0 0 0 0 0 -5 0 0 0 0 0 0 0 
2 3 2 0 0 -2 0 0 0 0 0 0 4 0 0 0 0 0 -2 0 0 0 0 0 -3 0 0 0 0 0 0 0 4 3 -2 -3 0 0 0 2 0 0 2 0 0 -4 0 -1 0 0 -5 0 0 0 0 0 0 0 0 0 0 0 0 0 0 0 0 0 0 0 -4 0 0 5 0 0 0 0 0 0 0 0 0 0 0 0 0 1 0 0 5 0 0 0 0 0 5 0 -5 0 
-4 0 0 0 0 0 0 0 0 0 0 0 0 0 0 0 0 0 0 0 5 0 0 0 0 0 0 0 0 0 0 -4 0 -3 0 0 0 0 0 0 0 0 0 -1 -1 0 0 0 0 0 -1 0 3 0 0 -3 0 0 -2 0 0 3 0 0 0 0 -4 0 0 0 -1 0 0 0 2 0 0 0 0 0 0 0 0 0 1 0 -5 0 0 0 2 0 0 0 0 0 0 0 0 2 
0 5 3 0 0 0 -5 0 -3 -3 0 -2 0 -3 0 0 0 0 0 0 0 0 0 0 -3 0 0 -3 0 3 -1 0 3 0 0 0 0 0 0 0 0 0 0 0 0 0 0 0 0 -2 0 0 0 0 0 0 0 -1 0 0 0 2 0 0 0 0 0 0 0 0 0 0 0 0 0 0 0 0 0 0 0 0 -2 0 0 0 -5 0 0 0 0 0 1 0 0 0 0 0 0 0 
0 0 0 0 1 0 0 0 0 5 0 -2 0 -2 0 0 0 0 0 0 0 0 0 0 0 -5 0 0 4 1 -5 0 0 0 0 0 0 0 0 0 0 0 0 0 0 0 -2 0 0 0 0 0 0 0 0 0 0 0 0 0 0 0 0 0 2 3 0 0 0 5 -5 0 0 0 0 0 0 4 0 0 0 0 3 0 1 0 0 0 0 0 3 0 0 0 0 3 0 2 0 -1 
0 0 2 0 0 0 0 0 0 0 -1 0 0 0 -2 0 -4 0 0 0 0 0 -4 0 0 0 2 0 0 0 0 0 0 0 0 0 3 0 0 0 0 0 0 0 0 0 0 0 2 0 -4 0 0 0 0 0 0 0 0 5 0 0 1 4 0 3 0 0 0 0 -1 0 0 0 0 0 -2 0 0 0 0 0 2 0 -4 -3 5 -2 0 0 0 -5 3 0 0 0 0 0 0 0 
4 4 0 0 0 0 0 0 0 0 0 4 0 0 0 0 -3 0 0 0 0 3 0 0 0 0 0 0 -3 -1 0 0 0 0 0 -3 -3 -3 0 1 3 0 0 0 0 0 0 0 0 0 -3 1 0 0 0 0 0 0 0 0 -4 0 0 0 0 0 0 0 0 5 0 0 0 0 0 0 0 0 -1 0 0 0 0 3 0 0 0 0 0 0 -1 0 1 0 0 0 0 0 0 0 
-1 3 0 0 0 3 0 0 1 -3 0 0 0 0 5 2 0 0 0 0 0 0 4 -1 -5 0 0 0 0 0 5 0 0 0 -1 0 -5 0 0 0 -3 0 0 0 0 0 0 0 0 0 2 0 0 2 0 0 0 0 0 1 0 0 0 0 0 -1 0 0 0 0 0 0 0 0 0 0 0 -5 -3 0 0 0 0 0 3 0 0 0 0 0 -1 0 0 0 0 0 0 4 0 0 
0 0 0 3 0 0 0 0 0 2 0 0 0 -3 0 0 0 0 0 0 0 0 0 0 0 0 -2 0 0 0 0 0 -4 0 0 0 0 0 0 0 0 0 0 0 0 0 0 0 0 5 0 2 0 0 0 1 0 0 0 0 0 3 0 0 0 0 0 0 5 0 0 0 0 0 0 0 0 0 5 4 0 0 0 -2 0 3 0 0 0 0 0 -2 0 0 0 0 0 0 2 0 
0 0 0 -3 0 -1 0 -2 0 0 0 0 0 0 0 0 4 4 0 0 0 0 0 0 0 -2 0 0 0 0 2 0 0 0 0 -1 0 0 0 0 0 2 0 0 0 0 4 0 0 0 -3 0 0 -4 0 0 0 0 0 4 0 0 1 0 0 0 -2 0 0 0 0 0 0 0 -2 0 0 0 0 0 0 0 1 0 2 0 0 0 0 0 0 0 -2 0 0 0 0 0 0 4 
0 1 0 -1 0 0 0 0 0 0 0 0 0 0 0 0 0 0 0 -2 -3 -2 -1 0 0 -2 0 0 0 1 0 0 0 0 0 0 0 5 0 0 0 0 0 0 0 0 0 0 0 0 -5 -3 0 0 0 1 0 0 0 0 0 0 0 0 -4 0 0 0 -1 0 0 -2 0 0 0 -1 0 0 0 1 0 2 0 0 0 1 0 0 -1 0 3 -3 0 0 0 0 0 0 0 2 
0 0 -3 0 0 0 0 0 0 -1 0 0 0 -4 1 0 0 0 -4 2 0 3 3 0 0 0 -3 0 -4 3 0 0 0 0 0 0 0 0 2 4 -2 -1 0 1 0 0 0 0 1 0 0 -4 5 2 0 -3 0 0 0 0 0 0 0 0 -3 0 0 0 5 0 0 4 0 0 0 4 0 2 3 0 0 0 0 0 0 0 0 0 0 0 0 0 -5 0 0 0 0 0 0 0 
0 0 0 0 -2 0 -2 0 0 0 0 2 1 0 0 0 0 0 0 0 0 0 0 0 -5 0 0 3 0 0 0 -1 0 0 0 0 0 0 0 0 0 0 0 0 3 0 0 3 -3 -3 3 0 3 0 0 0 0 0 0 0 0 0 0 0 0 0 0 0 0 0 0 0 0 0 0 0 1 0 0 2 0 0 0 0 0 0 0 0 0 -5 0 0 0 0 0 0 -1 0 0 0 
0 0 0 0 0 0 -3 0 0 0 0 0 0 0 0 0 0 0 0 0 -5 0 0 0 0 -2 0 0 0 0 5 0 0 4 0 0 -1 0 0 5 0 0 -5 5 0 0 -2 0 0 -3 0 0 0 0 0 3 0 0 0 0 0 0 0 0 0 0 0 0 0 0 0 0 0 0 0 0 0 0 0 0 0 4 0 0 0 0 0 4 0 0 0 0 0 0 0 0 0 0 0 0 
0 0 0 0 0 2 0 0 0 0 4 0 -4 -1 0 0 0 0 0 -5 -5 0 -5 0 0 0 0 0 0 -1 0 0 0 0 0 0 0 0 0 -3 0 0 -2 0 0 0 0 0 0 0 0 0 0 0 0 0 -1 0 0 0 0 0 0 2 0 0 -1 0 -5 0 3 0 -3 0 0 0 0 0 4 0 -1 0 0 0 0 1 0 -5 0 0 0 0 4 0 0 4 0 0 0 0 
-3 0 0 0 0 0 0 0 0 -4 0 0 0 0 0 0 0 -1 0 0 0 0 0 -4 0 0 0 0 0 0 0 0 0 0 0 0 3 1 0 -4 0 0 0 5 0 0 0 0 0 0 0 4 -1 0 -4 0 0 0 0 0 0 0 0 0 0 0 3 0 0 -2 0 0 0 0 5 0 0 0 0 0 -5 0 5 -2 0 0 0 0 0 0 0 0 0 5 0 0 0 0 0 0 
0 0 -2 0 0 0 0 3 0 0 0 0 -1 -3 0 2 0 0 2 -4 0 0 4 0 0 1 0 0 0 0 3 2 0 0 0 0 0 0 0 0 0 0 4 0 -2 1 0 0 0 0 0 0 0 -2 0 0 0 0 0 0 0 0 0 0 0 0 0 -2 0 0 0 0 0 0 0 0 0 0 0 0 1 4 0 0 0 0 0 -1 5 0 0 0 0 4 2 5 1 0 0 0 

9 7 10 4 7 10 6 7 1 9 5 9 9 4 5 8 5 7 8 9 10 6 4 9 4 8 2 6 1 1 7 1 3 3 7 9 9 6 1 4 5 7 7 4 3 5 4 6 10 1 