20 40
0 0 0 -2 0 5 0 -1 0 0 0 -4 0 0 0 0 0 0 0 0 0 0 0 0 0 -1 0 0 0 0 0 0 -4 0 0 2 0 0 0 0 
0 0 0 -1 0 0 0 0 0 0 0 0 -1 0 0 0 0 0 0 0 0 0 2 0 0 0 0 -3 0 0 0 0 0 -3 0 0 0 -5 0 0 
0 0 0 0 0 1 0 -1 0 0 0 3 -3 0 0 0 1 0 0 0 -2 2 0 0 0 0 0 0 0 0 0 0 0 4 0 0 0 -1 -1 0 
0 0 0 0 0 0 0 0 4 0 0 0 4 0 0 -2 0 0 0 0 0 1 0 0 0 3 0 0 0 0 0 0 0 0 0 0 3 0 0 2 
0 0 0 1 -1 0 -4 0 0 0 0 0 4 0 0 0 0 0 0 -5 0 0 0 4 0 0 -1 0 0 0 0 0 0 4 0 0 2 0 0 0 
0 0 0 4 0 0 0 0 0 0 0 0 0 0 0 0 0 0 0 -4 0 0 0 0 0 5 0 0 0 0 0 0 0 -3 0 -4 0 0 0 5 
0 0 0 0 0 0 0 0 0 0 0 0 -1 -4 0 0 0 -4 0 0 0 0 0 0 0 0 0 0 0 -3 0 0 0 0 0 0 0 0 0 0 
0 2 0 1 0 0 0 0 0 0 0 -5 2 0 0 0 -3 0 0 -2 0 0 0 0 0 0 0 5 0 0 2 -3 3 0 0 0 0 0 0 0 
0 0 0 -5 0 0 0 0 0 -1 0 0 0 0 0 0 0 0 0 0 0 0 0 0 0 -4 0 0 0 3 0 -1 0 1 0 0 0 0 0 0 
0 -3 0 0 -5 0 0 0 0 0 0 0 0 0 0 0 3 0 0 0 0 1 0 1 0 0 5 0 2 -3 0 1 0 -4 0 -5 0 0 2 0 
0 0 5 0 0 5 0 0 2 0 0 3 0 0 0 1 0 -2 0 5 0 0 0 0 2 2 0 0 -4 0 -5 1 0 0 0 5 0 0 0 2 
0 0 0 0 0 0 0 0 0 0 0 0 0 0 0 0 0 0 0 0 0 0 0 0 0 2 -4 0 0 0 0 5 -2 0 0 0 0 0 0 0 
0 0 0 0 0 0 2 0 0 -1 0 0 0 -1 -5 -1 0 0 0 0 0 0 0 0 0 0 -1 0 0 -4 0 -2 0 3 0 0 0 0 0 0 
0 0 0 0 0 0 0 0 0 0 0 0 0 0 0 0 0 0 0 0 0 0 0 0 0 0 0 0 0 0 0 0 0 0 0 0 5 -5 0 0 
0 0 1 0 0 0 0 0 0 0 0 -2 -4 0 0 4 -5 0 0 0 0 0 -2 1 0 0 0 0 0 0 -2 -3 0 0 0 0 0 0 0 0 
0 0 2 1 0 0 0 0 0 0 0 0 0 0 0 0 0 0 0 0 -2 0 -4 0 0 0 -1 0 0 0 0 -1 0 1 0 0 0 0 0 0 
-1 0 0 5 5 0 0 0 0 0 0 0 0 0 0 0 0 -4 0 0 2 0 0 -3 0 0 0 0 0 0 4 0 0 0 0 0 0 -2 0 0 
0 3 0 5 -4 -5 0 0 0 3 0 0 0 0 0 0 0 0 0 0 0 0 0 1 0 0 0 0 0 0 0 0 0 -1 0 2 0 0 0 0 
0 0 0 0 0 0 0 0 1 0 0 -4 0 0 0 0 0 0 5 0 4 0 0 0 0 0 2 0 0 0 0 0 0 0 0 0 0 3 0 0 
0 0 0 0 0 0 0 0 0 0 0 4 1 0 0 0 0 0 0 0 0 0 0 0 -4 -1 0 0 0 0 0 0 0 0 0 0 0 0 0 0 

6 4 7 5 4 7 3 6 7 9 7 8 4 4 1 5 2 3 8 6 